5000.0201120864
5000.0201120864
5000.0201120864
5000.0201120864
5000.0201120864
5000.0201120864
5000.0201120864
5000.0201120864
5000.0201120864
5000.0201120864
5000.0201120864
5000.0201120864
5000.0201120864
5000.0201120864
5000.0201120864
5000.0201120864
5000.0201120864
5000.0201120864
5000.0201120864
5000.0201120864
5000.0201120864
5000.0201120864
5000.0201120864
5000.0201120864
5000.0201120864
5000.0201120864
5000.0201120864
5000.0201120864
5000.0201120864
5000.0201120864
5000.0201120864
5000.0201120864
5000.0201120864
5000.0201120864
5000.0201120864
5000.0201120864
5000.0201120864
5000.0201120864
5000.0201120864
5000.0201120864
5000.0201120864
5000.0201120864
5000.0201120864
5000.0201120864
5000.0201120864
5000.0201120864
5000.0201120864
5000.0201120864
5000.0201120864
5000.0201120864
5000.0201120864
5000.0201120864
5000.0201120858
5000.0201120760
5000.0201119213
5000.0201095417
5000.0200723384
5000.0194770095
5000.0105858009
4999.9066574679
4999.1285794979
4993.9141907738
4892.8391095749
3273.4400256961
273.0591167842
4.0000000000
0.0000000000
0.0000000000
0.0000000000
0.0000000000
0.0000000000
0.0000000000
0.0000000000
0.0000000000
0.0000000000
0.0000000000
0.0000000000
0.0000000000
0.0000000000
0.0000000000
0.0000000000
0.0000000000
0.0000000000
0.0000000000
0.0000000000
0.0000000000
0.0000000000
0.0000000000
0.0000000000
0.0000000000
0.0000000000
0.0000000000
0.0000000000
0.0000000000
0.0000000000
0.0000000000
0.0000000000
0.0000000000
0.0000000000
0.0000000000