5000.1649466752
5000.1649466752
5000.1649466752
5000.1649466752
5000.1649466752
5000.1649466752
5000.1649466752
5000.1649466752
5000.1649466752
5000.1649466752
5000.1649466752
5000.1649466752
5000.1649466752
5000.1649466752
5000.1649466752
5000.1649466752
5000.1649466751
5000.1649466727
5000.1649466398
5000.1649462281
5000.1649411683
5000.1648700452
5000.1637595053
5000.1468090222
4999.8916796004
4996.0565661549
4940.0583949723
4056.8674748454
885.0506645200
19.0000000000
0.0000000000
0.0000000000
0.0000000000
0.0000000000
0.0000000000
0.0000000000
0.0000000000
0.0000000000
0.0000000000
0.0000000000
0.0000000000
0.0000000000
0.0000000000
0.0000000000
0.0000000000
0.0000000000
0.0000000000
0.0000000000
0.0000000000
0.0000000000
0.0000000000
0.0000000000
0.0000000000
0.0000000000
0.0000000000
0.0000000000
0.0000000000
0.0000000000
0.0000000000
0.0000000000
0.0000000000
0.0000000000
0.0000000000
0.0000000000
0.0000000000
0.0000000000
0.0000000000
0.0000000000
0.0000000000
0.0000000000
0.0000000000
0.0000000000
0.0000000000
0.0000000000
0.0000000000
0.0000000000
0.0000000000
0.0000000000
0.0000000000
0.0000000000
0.0000000000
0.0000000000
0.0000000000
0.0000000000
0.0000000000
0.0000000000
0.0000000000
0.0000000000
0.0000000000
0.0000000000
0.0000000000
0.0000000000
0.0000000000
0.0000000000
0.0000000000
0.0000000000
0.0000000000
0.0000000000
0.0000000000
0.0000000000