4999.9212196045
4999.9212196045
4999.9212196045
4999.9212196045
4999.9212196045
4999.9212196045
4999.9212196045
4999.9212196045
4999.9212196045
4999.9212196045
4999.9212196045
4999.9212196045
4999.9212196045
4999.9212196045
4999.9212196045
4999.9212196045
4999.9212196045
4999.9212196045
4999.9212196045
4999.9212196042
4999.9212195995
4999.9212195302
4999.9212184707
4999.9212024539
4999.9209607864
4999.9172870216
4999.8608461766
4998.9980832221
4986.0463974056
4787.5341778809
2804.4931145033
261.0918638633
4.0000000000
0.0000000000
0.0000000000
0.0000000000
0.0000000000
0.0000000000
0.0000000000
0.0000000000
0.0000000000
0.0000000000
0.0000000000
0.0000000000
0.0000000000
0.0000000000
0.0000000000
0.0000000000
0.0000000000
0.0000000000
0.0000000000
0.0000000000
0.0000000000
0.0000000000
0.0000000000
0.0000000000
0.0000000000
0.0000000000
0.0000000000
0.0000000000
0.0000000000
0.0000000000
0.0000000000
0.0000000000
0.0000000000
0.0000000000
0.0000000000
0.0000000000
0.0000000000
0.0000000000
0.0000000000
0.0000000000
0.0000000000
0.0000000000
0.0000000000
0.0000000000
0.0000000000
0.0000000000
0.0000000000
0.0000000000
0.0000000000
0.0000000000
0.0000000000
0.0000000000
0.0000000000
0.0000000000
0.0000000000
0.0000000000
0.0000000000
0.0000000000
0.0000000000
0.0000000000
0.0000000000
0.0000000000
0.0000000000
0.0000000000
0.0000000000
0.0000000000
0.0000000000
0.0000000000