4999.8075159601
4999.8075159601
4999.8075159601
4999.8075159601
4999.8075159601
4999.8075159601
4999.8075159601
4999.8075159601
4999.8075159601
4999.8075159601
4999.8075159601
4999.8075159601
4999.8075159601
4999.8075159601
4999.8075159601
4999.8075159601
4999.8075159601
4999.8075159601
4999.8075159599
4999.8075159580
4999.8075159315
4999.8075155378
4999.8075094963
4999.8074180707
4999.8060414256
4999.7851965879
4999.4647823353
4994.5248056949
4922.0614615931
3859.5477291420
729.0112286949
20.0000000000
0.0000000000
0.0000000000
0.0000000000
0.0000000000
0.0000000000
0.0000000000
0.0000000000
0.0000000000
0.0000000000
0.0000000000
0.0000000000
0.0000000000
0.0000000000
0.0000000000
0.0000000000
0.0000000000
0.0000000000
0.0000000000
0.0000000000
0.0000000000
0.0000000000
0.0000000000
0.0000000000
0.0000000000
0.0000000000
0.0000000000
0.0000000000
0.0000000000
0.0000000000
0.0000000000
0.0000000000
0.0000000000
0.0000000000
0.0000000000
0.0000000000
0.0000000000
0.0000000000
0.0000000000
0.0000000000
0.0000000000
0.0000000000
0.0000000000
0.0000000000
0.0000000000
0.0000000000
0.0000000000
0.0000000000
0.0000000000
0.0000000000
0.0000000000
0.0000000000
0.0000000000
0.0000000000
0.0000000000
0.0000000000
0.0000000000
0.0000000000
0.0000000000
0.0000000000
0.0000000000
0.0000000000
0.0000000000
0.0000000000
0.0000000000
0.0000000000
0.0000000000
0.0000000000
0.0000000000