5000.0766916333
5000.0766916333
5000.0766916333
5000.0766916333
5000.0766916333
5000.0766916333
5000.0766916333
5000.0766916333
5000.0766916333
5000.0766916333
5000.0766916333
5000.0766916333
5000.0766916333
5000.0766916333
5000.0766916333
5000.0766916333
5000.0766916333
5000.0766916333
5000.0766916333
5000.0766916333
5000.0766916333
5000.0766916333
5000.0766916333
5000.0766916333
5000.0766916333
5000.0766916333
5000.0766916331
5000.0766916292
5000.0766915722
5000.0766906888
5000.0766759579
5000.0764138253
5000.0716073523
4999.9806429125
4998.1143758159
4957.6387507217
4086.6027535279
598.0465695162
147.0000000000
2.0000000000
0.0000000000
0.0000000000
0.0000000000
0.0000000000
0.0000000000
0.0000000000
0.0000000000
0.0000000000
0.0000000000
0.0000000000
0.0000000000
0.0000000000
0.0000000000
0.0000000000
0.0000000000
0.0000000000
0.0000000000
0.0000000000
0.0000000000
0.0000000000
0.0000000000
0.0000000000
0.0000000000
0.0000000000
0.0000000000
0.0000000000
0.0000000000
0.0000000000
0.0000000000
0.0000000000
0.0000000000
0.0000000000
0.0000000000
0.0000000000
0.0000000000
0.0000000000
0.0000000000
0.0000000000
0.0000000000
0.0000000000
0.0000000000
0.0000000000
0.0000000000
0.0000000000
0.0000000000
0.0000000000
0.0000000000
0.0000000000
0.0000000000
0.0000000000
0.0000000000
0.0000000000
0.0000000000
0.0000000000
0.0000000000
0.0000000000
0.0000000000
0.0000000000
0.0000000000
0.0000000000