4999.8408945075
4999.8408945075
4999.8408945075
4999.8408945075
4999.8408945075
4999.8408945075
4999.8408945075
4999.8408945075
4999.8408945075
4999.8408945075
4999.8408945075
4999.8408945075
4999.8408945075
4999.8408945075
4999.8408945075
4999.8408945075
4999.8408945075
4999.8408945075
4999.8408945075
4999.8408945075
4999.8408945073
4999.8408945052
4999.8408944725
4999.8408939776
4999.8408864768
4999.8407720108
4999.8390205591
4999.8124165989
4999.4120779138
4993.4954792074
4912.2611565439
3894.2635775183
627.0701235828
4.0000000000
0.0000000000
0.0000000000
0.0000000000
0.0000000000
0.0000000000
0.0000000000
0.0000000000
0.0000000000
0.0000000000
0.0000000000
0.0000000000
0.0000000000
0.0000000000
0.0000000000
0.0000000000
0.0000000000
0.0000000000
0.0000000000
0.0000000000
0.0000000000
0.0000000000
0.0000000000
0.0000000000
0.0000000000
0.0000000000
0.0000000000
0.0000000000
0.0000000000
0.0000000000
0.0000000000
0.0000000000
0.0000000000
0.0000000000
0.0000000000
0.0000000000
0.0000000000
0.0000000000
0.0000000000
0.0000000000
0.0000000000
0.0000000000
0.0000000000
0.0000000000
0.0000000000
0.0000000000
0.0000000000
0.0000000000
0.0000000000
0.0000000000
0.0000000000
0.0000000000
0.0000000000
0.0000000000
0.0000000000
0.0000000000
0.0000000000
0.0000000000
0.0000000000
0.0000000000
0.0000000000
0.0000000000
0.0000000000
0.0000000000
0.0000000000
0.0000000000
0.0000000000