5000.0163812130
5000.0163812130
5000.0163812130
5000.0163812130
5000.0163812130
5000.0163812130
5000.0163812130
5000.0163812130
5000.0163812130
5000.0163812130
5000.0163812130
5000.0163812130
5000.0163812130
5000.0163812130
5000.0163812130
5000.0163812130
5000.0163812130
5000.0163812130
5000.0163812130
5000.0163812130
5000.0163812130
5000.0163812130
5000.0163812130
5000.0163812130
5000.0163812130
5000.0163812130
5000.0163812130
5000.0163812130
5000.0163812129
5000.0163812119
5000.0163811938
5000.0163808538
5000.0163741526
5000.0162369802
5000.0134109096
4999.9579730201
4999.0005510951
4986.9462774961
4936.5580311539
4279.7740903652
667.1342772876
20.0000000000
0.0000000000
0.0000000000
0.0000000000
0.0000000000
0.0000000000
0.0000000000
0.0000000000
0.0000000000
0.0000000000
0.0000000000
0.0000000000
0.0000000000
0.0000000000
0.0000000000
0.0000000000
0.0000000000
0.0000000000
0.0000000000
0.0000000000
0.0000000000
0.0000000000
0.0000000000
0.0000000000
0.0000000000
0.0000000000
0.0000000000
0.0000000000
0.0000000000
0.0000000000
0.0000000000
0.0000000000
0.0000000000
0.0000000000
0.0000000000
0.0000000000
0.0000000000
0.0000000000
0.0000000000
0.0000000000
0.0000000000
0.0000000000
0.0000000000
0.0000000000
0.0000000000
0.0000000000
0.0000000000
0.0000000000
0.0000000000
0.0000000000
0.0000000000
0.0000000000
0.0000000000
0.0000000000
0.0000000000
0.0000000000
0.0000000000
0.0000000000
0.0000000000