5000.0937448781
5000.0937448781
5000.0937448781
5000.0937448781
5000.0937448781
5000.0937448781
5000.0937448781
5000.0937448781
5000.0937448781
5000.0937448781
5000.0937448781
5000.0937448781
5000.0937448781
5000.0937448781
5000.0937448781
5000.0937448781
5000.0937448781
5000.0937448781
5000.0937448781
5000.0937448781
5000.0937448781
5000.0937448781
5000.0937448781
5000.0937448781
5000.0937448781
5000.0937448781
5000.0937448781
5000.0937448781
5000.0937448781
5000.0937448781
5000.0937448781
5000.0937448780
5000.0937448762
5000.0937448425
5000.0937442718
5000.0937359853
5000.0936391027
5000.0927260188
5000.0827848137
4999.9053438899
4996.9387059859
4957.4442699337
4529.4238817629
1426.0324646836
17.0000000000
0.0000000000
0.0000000000
0.0000000000
0.0000000000
0.0000000000
0.0000000000
0.0000000000
0.0000000000
0.0000000000
0.0000000000
0.0000000000
0.0000000000
0.0000000000
0.0000000000
0.0000000000
0.0000000000
0.0000000000
0.0000000000
0.0000000000
0.0000000000
0.0000000000
0.0000000000
0.0000000000
0.0000000000
0.0000000000
0.0000000000
0.0000000000
0.0000000000
0.0000000000
0.0000000000
0.0000000000
0.0000000000
0.0000000000
0.0000000000
0.0000000000
0.0000000000
0.0000000000
0.0000000000
0.0000000000
0.0000000000
0.0000000000
0.0000000000
0.0000000000
0.0000000000
0.0000000000
0.0000000000
0.0000000000
0.0000000000
0.0000000000
0.0000000000
0.0000000000
0.0000000000
0.0000000000
0.0000000000
0.0000000000