5000.0404431898
5000.0404431898
5000.0404431898
5000.0404431898
5000.0404431898
5000.0404431898
5000.0404431898
5000.0404431898
5000.0404431898
5000.0404431898
5000.0404431898
5000.0404431898
5000.0404431898
5000.0404431898
5000.0404431898
5000.0404431898
5000.0404431898
5000.0404431898
5000.0404431898
5000.0404431898
5000.0404431898
5000.0404431898
5000.0404431898
5000.0404431898
5000.0404431898
5000.0404431898
5000.0404431898
5000.0404431898
5000.0404431898
5000.0404431898
5000.0404431898
5000.0404431893
5000.0404431799
5000.0404429973
5000.0404397508
5000.0403897430
5000.0397732402
5000.0340548868
4999.9809019225
4999.0184825770
4981.7161126240
4744.5418465757
2906.4338668408
224.1740795127
1.0000000000
0.0000000000
0.0000000000
0.0000000000
0.0000000000
0.0000000000
0.0000000000
0.0000000000
0.0000000000
0.0000000000
0.0000000000
0.0000000000
0.0000000000
0.0000000000
0.0000000000
0.0000000000
0.0000000000
0.0000000000
0.0000000000
0.0000000000
0.0000000000
0.0000000000
0.0000000000
0.0000000000
0.0000000000
0.0000000000
0.0000000000
0.0000000000
0.0000000000
0.0000000000
0.0000000000
0.0000000000
0.0000000000
0.0000000000
0.0000000000
0.0000000000
0.0000000000
0.0000000000
0.0000000000
0.0000000000
0.0000000000
0.0000000000
0.0000000000
0.0000000000
0.0000000000
0.0000000000
0.0000000000
0.0000000000
0.0000000000
0.0000000000
0.0000000000
0.0000000000
0.0000000000
0.0000000000
0.0000000000
0.0000000000