4999.9809272025
4999.9809272025
4999.9809272025
4999.9809272025
4999.9809272025
4999.9809272025
4999.9809272025
4999.9809272025
4999.9809272025
4999.9809272025
4999.9809272025
4999.9809272025
4999.9809272025
4999.9809272025
4999.9809272025
4999.9809272025
4999.9809272025
4999.9809272025
4999.9809272025
4999.9809272025
4999.9809272025
4999.9809272025
4999.9809272025
4999.9809272025
4999.9809272025
4999.9809272025
4999.9809272025
4999.9809272025
4999.9809272025
4999.9809272025
4999.9809272018
4999.9809271891
4999.9809269335
4999.9809217711
4999.9808215347
4999.9790676537
4999.9539433990
4999.7037767032
4998.1493503703
4972.3678452732
4402.8065894743
1296.0317393544
131.0000000000
0.0000000000
0.0000000000
0.0000000000
0.0000000000
0.0000000000
0.0000000000
0.0000000000
0.0000000000
0.0000000000
0.0000000000
0.0000000000
0.0000000000
0.0000000000
0.0000000000
0.0000000000
0.0000000000
0.0000000000
0.0000000000
0.0000000000
0.0000000000
0.0000000000
0.0000000000
0.0000000000
0.0000000000
0.0000000000
0.0000000000
0.0000000000
0.0000000000
0.0000000000
0.0000000000
0.0000000000
0.0000000000
0.0000000000
0.0000000000
0.0000000000
0.0000000000
0.0000000000
0.0000000000
0.0000000000
0.0000000000
0.0000000000
0.0000000000
0.0000000000
0.0000000000
0.0000000000
0.0000000000
0.0000000000
0.0000000000
0.0000000000
0.0000000000
0.0000000000
0.0000000000
0.0000000000
0.0000000000
0.0000000000
0.0000000000
0.0000000000