4999.9807022126
4999.9807022126
4999.9807022126
4999.9807022126
4999.9807022126
4999.9807022126
4999.9807022126
4999.9807022126
4999.9807022126
4999.9807022126
4999.9807022126
4999.9807022126
4999.9807022126
4999.9807022126
4999.9807022126
4999.9807022126
4999.9807022126
4999.9807022126
4999.9807022126
4999.9807022126
4999.9807022126
4999.9807022126
4999.9807022126
4999.9807022126
4999.9807022126
4999.9807022126
4999.9807022126
4999.9807022125
4999.9807022122
4999.9807022068
4999.9807021110
4999.9807003366
4999.9806659768
4999.9799677262
4999.9653675354
4999.6673499771
4994.0660555207
4909.1442889726
4625.3805603793
2278.4491244433
79.5187230519
1.0000000000
0.0000000000
0.0000000000
0.0000000000
0.0000000000
0.0000000000
0.0000000000
0.0000000000
0.0000000000
0.0000000000
0.0000000000
0.0000000000
0.0000000000
0.0000000000
0.0000000000
0.0000000000
0.0000000000
0.0000000000
0.0000000000
0.0000000000
0.0000000000
0.0000000000
0.0000000000
0.0000000000
0.0000000000
0.0000000000
0.0000000000
0.0000000000
0.0000000000
0.0000000000
0.0000000000
0.0000000000
0.0000000000
0.0000000000
0.0000000000
0.0000000000
0.0000000000
0.0000000000
0.0000000000
0.0000000000
0.0000000000
0.0000000000
0.0000000000
0.0000000000
0.0000000000
0.0000000000
0.0000000000
0.0000000000
0.0000000000
0.0000000000
0.0000000000
0.0000000000
0.0000000000
0.0000000000
0.0000000000
0.0000000000
0.0000000000
0.0000000000
0.0000000000