4999.9584923002
4999.9584923002
4999.9584923002
4999.9584923002
4999.9584923002
4999.9584923002
4999.9584923002
4999.9584923002
4999.9584923002
4999.9584923002
4999.9584923002
4999.9584923002
4999.9584923002
4999.9584923002
4999.9584923002
4999.9584923002
4999.9584923002
4999.9584923002
4999.9584923002
4999.9584923002
4999.9584923002
4999.9584923002
4999.9584923002
4999.9584923002
4999.9584923002
4999.9584923002
4999.9584923002
4999.9584923002
4999.9584923002
4999.9584923002
4999.9584923002
4999.9584923002
4999.9584923002
4999.9584923002
4999.9584923002
4999.9584923002
4999.9584923001
4999.9584922995
4999.9584922894
4999.9584921422
4999.9584900151
4999.9584570907
4999.9578962134
4999.9480984660
4999.7839089386
4997.1035459516
4953.1501920631
4301.4473666749
1065.1172186301
42.0000000000
0.0000000000
0.0000000000
0.0000000000
0.0000000000
0.0000000000
0.0000000000
0.0000000000
0.0000000000
0.0000000000
0.0000000000
0.0000000000
0.0000000000
0.0000000000
0.0000000000
0.0000000000
0.0000000000
0.0000000000
0.0000000000
0.0000000000
0.0000000000
0.0000000000
0.0000000000
0.0000000000
0.0000000000
0.0000000000
0.0000000000
0.0000000000
0.0000000000
0.0000000000
0.0000000000
0.0000000000
0.0000000000
0.0000000000
0.0000000000
0.0000000000
0.0000000000
0.0000000000
0.0000000000
0.0000000000
0.0000000000
0.0000000000
0.0000000000
0.0000000000
0.0000000000
0.0000000000
0.0000000000
0.0000000000
0.0000000000
0.0000000000
0.0000000000