4999.8243943492
4999.8243943492
4999.8243943492
4999.8243943492
4999.8243943492
4999.8243943492
4999.8243943492
4999.8243943492
4999.8243943492
4999.8243943492
4999.8243943492
4999.8243943492
4999.8243943492
4999.8243943492
4999.8243943492
4999.8243943492
4999.8243943492
4999.8243943492
4999.8243943492
4999.8243943492
4999.8243943492
4999.8243943492
4999.8243943492
4999.8243943492
4999.8243943492
4999.8243943492
4999.8243943492
4999.8243943492
4999.8243943492
4999.8243943492
4999.8243943492
4999.8243943492
4999.8243943492
4999.8243943492
4999.8243943492
4999.8243943490
4999.8243943473
4999.8243943249
4999.8243939931
4999.8243890494
4999.8243197002
4999.8233221833
4999.8069652110
4999.5123390400
4994.4098628912
4914.3669654282
3642.8395739826
467.1978507116
8.0000000000
0.0000000000
0.0000000000
0.0000000000
0.0000000000
0.0000000000
0.0000000000
0.0000000000
0.0000000000
0.0000000000
0.0000000000
0.0000000000
0.0000000000
0.0000000000
0.0000000000
0.0000000000
0.0000000000
0.0000000000
0.0000000000
0.0000000000
0.0000000000
0.0000000000
0.0000000000
0.0000000000
0.0000000000
0.0000000000
0.0000000000
0.0000000000
0.0000000000
0.0000000000
0.0000000000
0.0000000000
0.0000000000
0.0000000000
0.0000000000
0.0000000000
0.0000000000
0.0000000000
0.0000000000
0.0000000000
0.0000000000
0.0000000000
0.0000000000
0.0000000000
0.0000000000
0.0000000000
0.0000000000
0.0000000000
0.0000000000
0.0000000000
0.0000000000
0.0000000000