5000.0785799529
5000.0785799529
5000.0785799529
5000.0785799529
5000.0785799529
5000.0785799529
5000.0785799529
5000.0785799529
5000.0785799529
5000.0785799529
5000.0785799529
5000.0785799529
5000.0785799529
5000.0785799529
5000.0785799529
5000.0785799529
5000.0785799529
5000.0785799529
5000.0785799529
5000.0785799529
5000.0785799529
5000.0785799529
5000.0785799529
5000.0785799529
5000.0785799529
5000.0785799529
5000.0785799529
5000.0785799529
5000.0785799529
5000.0785799529
5000.0785799529
5000.0785799529
5000.0785799529
5000.0785799527
5000.0785799499
5000.0785799147
5000.0785795282
5000.0785752627
5000.0785151285
5000.0775432502
5000.0634965850
4999.8807219405
4997.3400273098
4953.4937828275
4075.5816455106
743.0428689426
9.0000000000
0.0000000000
0.0000000000
0.0000000000
0.0000000000
0.0000000000
0.0000000000
0.0000000000
0.0000000000
0.0000000000
0.0000000000
0.0000000000
0.0000000000
0.0000000000
0.0000000000
0.0000000000
0.0000000000
0.0000000000
0.0000000000
0.0000000000
0.0000000000
0.0000000000
0.0000000000
0.0000000000
0.0000000000
0.0000000000
0.0000000000
0.0000000000
0.0000000000
0.0000000000
0.0000000000
0.0000000000
0.0000000000
0.0000000000
0.0000000000
0.0000000000
0.0000000000
0.0000000000
0.0000000000
0.0000000000
0.0000000000
0.0000000000
0.0000000000
0.0000000000
0.0000000000
0.0000000000
0.0000000000
0.0000000000
0.0000000000
0.0000000000
0.0000000000
0.0000000000
0.0000000000
0.0000000000