5000.0149118323
5000.0149118323
5000.0149118323
5000.0149118323
5000.0149118323
5000.0149118323
5000.0149118323
5000.0149118323
5000.0149118323
5000.0149118323
5000.0149118323
5000.0149118323
5000.0149118323
5000.0149118323
5000.0149118323
5000.0149118323
5000.0149118323
5000.0149118323
5000.0149118323
5000.0149118323
5000.0149118323
5000.0149118323
5000.0149118323
5000.0149118323
5000.0149118323
5000.0149118323
5000.0149118323
5000.0149118323
5000.0149118323
5000.0149118323
5000.0149118323
5000.0149118323
5000.0149118323
5000.0149118323
5000.0149118323
5000.0149118322
5000.0149118319
5000.0149118280
5000.0149117700
5000.0149109180
5000.0148988272
5000.0147179907
5000.0116777182
4999.9577534151
4999.0439686047
4984.2500649191
4736.4885053252
2314.3106935525
155.1426857952
0.0000000000
0.0000000000
0.0000000000
0.0000000000
0.0000000000
0.0000000000
0.0000000000
0.0000000000
0.0000000000
0.0000000000
0.0000000000
0.0000000000
0.0000000000
0.0000000000
0.0000000000
0.0000000000
0.0000000000
0.0000000000
0.0000000000
0.0000000000
0.0000000000
0.0000000000
0.0000000000
0.0000000000
0.0000000000
0.0000000000
0.0000000000
0.0000000000
0.0000000000
0.0000000000
0.0000000000
0.0000000000
0.0000000000
0.0000000000
0.0000000000
0.0000000000
0.0000000000
0.0000000000
0.0000000000
0.0000000000
0.0000000000
0.0000000000
0.0000000000
0.0000000000
0.0000000000
0.0000000000
0.0000000000
0.0000000000
0.0000000000
0.0000000000
0.0000000000