5000.2119522511
5000.2119522511
5000.2119522511
5000.2119522511
5000.2119522511
5000.2119522511
5000.2119522511
5000.2119522511
5000.2119522511
5000.2119522511
5000.2119522511
5000.2119522511
5000.2119522511
5000.2119522511
5000.2119522511
5000.2119522511
5000.2119522511
5000.2119522511
5000.2119522511
5000.2119522511
5000.2119522511
5000.2119522511
5000.2119522511
5000.2119522511
5000.2119522511
5000.2119522511
5000.2119522511
5000.2119522511
5000.2119522511
5000.2119522511
5000.2119522511
5000.2119522511
5000.2119522511
5000.2119522511
5000.2119522511
5000.2119522511
5000.2119522511
5000.2119522511
5000.2119522510
5000.2119522502
5000.2119522380
5000.2119520363
5000.2119485923
5000.2118904383
5000.2109348398
5000.1955393000
4999.9533934757
4996.2486017165
4939.1847907223
4051.8213821351
1312.0345459119
80.0000000000
0.0000000000
0.0000000000
0.0000000000
0.0000000000
0.0000000000
0.0000000000
0.0000000000
0.0000000000
0.0000000000
0.0000000000
0.0000000000
0.0000000000
0.0000000000
0.0000000000
0.0000000000
0.0000000000
0.0000000000
0.0000000000
0.0000000000
0.0000000000
0.0000000000
0.0000000000
0.0000000000
0.0000000000
0.0000000000
0.0000000000
0.0000000000
0.0000000000
0.0000000000
0.0000000000
0.0000000000
0.0000000000
0.0000000000
0.0000000000
0.0000000000
0.0000000000
0.0000000000
0.0000000000
0.0000000000
0.0000000000
0.0000000000
0.0000000000
0.0000000000
0.0000000000
0.0000000000
0.0000000000
0.0000000000
0.0000000000