5000.0683075132
5000.0683075132
5000.0683075132
5000.0683075132
5000.0683075132
5000.0683075132
5000.0683075132
5000.0683075132
5000.0683075132
5000.0683075132
5000.0683075132
5000.0683075132
5000.0683075132
5000.0683075132
5000.0683075132
5000.0683075132
5000.0683075132
5000.0683075132
5000.0683075132
5000.0683075132
5000.0683075132
5000.0683075132
5000.0683075132
5000.0683075132
5000.0683075132
5000.0683075132
5000.0683075132
5000.0683075132
5000.0683075132
5000.0683075132
5000.0683075132
5000.0683075132
5000.0683075132
5000.0683075132
5000.0683075132
5000.0683075132
5000.0683075131
5000.0683075130
5000.0683075113
5000.0683074857
5000.0683071074
5000.0683010875
5000.0681980061
5000.0664209130
5000.0368558684
4999.5544658315
4991.7718657845
4874.4695861327
3344.7586830877
344.0692358928
35.0000000000
0.0000000000
0.0000000000
0.0000000000
0.0000000000
0.0000000000
0.0000000000
0.0000000000
0.0000000000
0.0000000000
0.0000000000
0.0000000000
0.0000000000
0.0000000000
0.0000000000
0.0000000000
0.0000000000
0.0000000000
0.0000000000
0.0000000000
0.0000000000
0.0000000000
0.0000000000
0.0000000000
0.0000000000
0.0000000000
0.0000000000
0.0000000000
0.0000000000
0.0000000000
0.0000000000
0.0000000000
0.0000000000
0.0000000000
0.0000000000
0.0000000000
0.0000000000
0.0000000000
0.0000000000
0.0000000000
0.0000000000
0.0000000000
0.0000000000
0.0000000000
0.0000000000
0.0000000000
0.0000000000
0.0000000000
0.0000000000
0.0000000000