5000.0597819502
5000.0597819502
5000.0597819502
5000.0597819502
5000.0597819502
5000.0597819502
5000.0597819502
5000.0597819502
5000.0597819502
5000.0597819502
5000.0597819502
5000.0597819502
5000.0597819502
5000.0597819502
5000.0597819502
5000.0597819502
5000.0597819502
5000.0597819502
5000.0597819502
5000.0597819502
5000.0597819502
5000.0597819502
5000.0597819502
5000.0597819502
5000.0597819502
5000.0597819502
5000.0597819502
5000.0597819502
5000.0597819502
5000.0597819502
5000.0597819502
5000.0597819502
5000.0597819502
5000.0597819502
5000.0597819501
5000.0597819492
5000.0597819388
5000.0597818104
5000.0597799160
5000.0597510875
5000.0593475069
5000.0537705138
4999.9659490428
4998.3689919789
4969.6602429956
4529.1357196918
1282.0573500164
47.0000000000
0.0000000000
0.0000000000
0.0000000000
0.0000000000
0.0000000000
0.0000000000
0.0000000000
0.0000000000
0.0000000000
0.0000000000
0.0000000000
0.0000000000
0.0000000000
0.0000000000
0.0000000000
0.0000000000
0.0000000000
0.0000000000
0.0000000000
0.0000000000
0.0000000000
0.0000000000
0.0000000000
0.0000000000
0.0000000000
0.0000000000
0.0000000000
0.0000000000
0.0000000000
0.0000000000
0.0000000000
0.0000000000
0.0000000000
0.0000000000
0.0000000000
0.0000000000
0.0000000000
0.0000000000
0.0000000000
0.0000000000
0.0000000000
0.0000000000
0.0000000000
0.0000000000
0.0000000000
0.0000000000
0.0000000000
0.0000000000
0.0000000000
0.0000000000
0.0000000000
0.0000000000