4999.9747340873
4999.9747340873
4999.9747340873
4999.9747340873
4999.9747340873
4999.9747340873
4999.9747340873
4999.9747340873
4999.9747340873
4999.9747340873
4999.9747340873
4999.9747340873
4999.9747340873
4999.9747340873
4999.9747340873
4999.9747340873
4999.9747340873
4999.9747340873
4999.9747340873
4999.9747340873
4999.9747340873
4999.9747340873
4999.9747340873
4999.9747340873
4999.9747340873
4999.9747340873
4999.9747340873
4999.9747340873
4999.9747340873
4999.9747340873
4999.9747340873
4999.9747340873
4999.9747340873
4999.9747340873
4999.9747340873
4999.9747340873
4999.9747340873
4999.9747340873
4999.9747340873
4999.9747340873
4999.9747340873
4999.9747340872
4999.9747340871
4999.9747340852
4999.9747340550
4999.9747335862
4999.9747264741
4999.9746228041
4999.9732219866
4999.9560202998
4999.7429604186
4996.5456120111
4947.3899177352
4424.1507794706
648.1210981151
4.0000000000
0.0000000000
0.0000000000
0.0000000000
0.0000000000
0.0000000000
0.0000000000
0.0000000000
0.0000000000
0.0000000000
0.0000000000
0.0000000000
0.0000000000
0.0000000000
0.0000000000
0.0000000000
0.0000000000
0.0000000000
0.0000000000
0.0000000000
0.0000000000
0.0000000000
0.0000000000
0.0000000000
0.0000000000
0.0000000000
0.0000000000
0.0000000000
0.0000000000
0.0000000000
0.0000000000
0.0000000000
0.0000000000
0.0000000000
0.0000000000
0.0000000000
0.0000000000
0.0000000000
0.0000000000
0.0000000000
0.0000000000
0.0000000000
0.0000000000
0.0000000000
0.0000000000