5000.1299447420
5000.1299447420
5000.1299447420
5000.1299447420
5000.1299447420
5000.1299447420
5000.1299447420
5000.1299447420
5000.1299447420
5000.1299447420
5000.1299447420
5000.1299447420
5000.1299447420
5000.1299447420
5000.1299447420
5000.1299447420
5000.1299447420
5000.1299447420
5000.1299447420
5000.1299447420
5000.1299447420
5000.1299447420
5000.1299447420
5000.1299447420
5000.1299447420
5000.1299447420
5000.1299447420
5000.1299447420
5000.1299447420
5000.1299447420
5000.1299447420
5000.1299447420
5000.1299447420
5000.1299447420
5000.1299447420
5000.1299447420
5000.1299447420
5000.1299447420
5000.1299447420
5000.1299447420
5000.1299447416
5000.1299447349
5000.1299446221
5000.1299427482
5000.1299123633
5000.1294298309
5000.1219187707
5000.0061242906
4998.2263590917
4973.2453314087
4732.2543097365
2608.1788187618
162.2824956628
5.0000000000
0.0000000000
0.0000000000
0.0000000000
0.0000000000
0.0000000000
0.0000000000
0.0000000000
0.0000000000
0.0000000000
0.0000000000
0.0000000000
0.0000000000
0.0000000000
0.0000000000
0.0000000000
0.0000000000
0.0000000000
0.0000000000
0.0000000000
0.0000000000
0.0000000000
0.0000000000
0.0000000000
0.0000000000
0.0000000000
0.0000000000
0.0000000000
0.0000000000
0.0000000000
0.0000000000
0.0000000000
0.0000000000
0.0000000000
0.0000000000
0.0000000000
0.0000000000
0.0000000000
0.0000000000
0.0000000000
0.0000000000
0.0000000000
0.0000000000
0.0000000000
0.0000000000
0.0000000000
0.0000000000