5000.0504228694
5000.0504228694
5000.0504228694
5000.0504228694
5000.0504228694
5000.0504228694
5000.0504228694
5000.0504228694
5000.0504228694
5000.0504228694
5000.0504228694
5000.0504228694
5000.0504228694
5000.0504228694
5000.0504228694
5000.0504228694
5000.0504228694
5000.0504228694
5000.0504228694
5000.0504228694
5000.0504228694
5000.0504228694
5000.0504228694
5000.0504228694
5000.0504228694
5000.0504228694
5000.0504228694
5000.0504228694
5000.0504228694
5000.0504228694
5000.0504228694
5000.0504228694
5000.0504228694
5000.0504228694
5000.0504228694
5000.0504228694
5000.0504228694
5000.0504228694
5000.0504228694
5000.0504228694
5000.0504228694
5000.0504228694
5000.0504228694
5000.0504228694
5000.0504228694
5000.0504228694
5000.0504228694
5000.0504228694
5000.0504228694
5000.0504228693
5000.0504228679
5000.0504228425
5000.0504223471
5000.0504130669
5000.0502531047
5000.0477506167
5000.0110557549
4999.4567089230
4989.7343060239
4805.8728813466
3459.9263759470
1859.0013844461
72.0000000000
2.0000000000
0.0000000000
0.0000000000
0.0000000000
0.0000000000
0.0000000000
0.0000000000
0.0000000000
0.0000000000
0.0000000000
0.0000000000
0.0000000000
0.0000000000
0.0000000000
0.0000000000
0.0000000000
0.0000000000
0.0000000000
0.0000000000
0.0000000000
0.0000000000
0.0000000000
0.0000000000
0.0000000000
0.0000000000
0.0000000000
0.0000000000
0.0000000000
0.0000000000
0.0000000000
0.0000000000
0.0000000000
0.0000000000
0.0000000000
0.0000000000
0.0000000000
0.0000000000