5000.0441490486
5000.0441490486
5000.0441490486
5000.0441490486
5000.0441490486
5000.0441490486
5000.0441490486
5000.0441490486
5000.0441490486
5000.0441490486
5000.0441490486
5000.0441490486
5000.0441490486
5000.0441490486
5000.0441490486
5000.0441490486
5000.0441490486
5000.0441490486
5000.0441490486
5000.0441490486
5000.0441490486
5000.0441490486
5000.0441490486
5000.0441490486
5000.0441490486
5000.0441490486
5000.0441490486
5000.0441490486
5000.0441490486
5000.0441490486
5000.0441490486
5000.0441490486
5000.0441490486
5000.0441490486
5000.0441490486
5000.0441490486
5000.0441490486
5000.0441490486
5000.0441490486
5000.0441490486
5000.0441490486
5000.0441490486
5000.0441490486
5000.0441490486
5000.0441490486
5000.0441490486
5000.0441490486
5000.0441490485
5000.0441490476
5000.0441490345
5000.0441488298
5000.0441452474
5000.0440755629
5000.0426590096
5000.0153075735
4999.5451282635
4992.4628851643
4896.1483399695
3628.9684996809
298.0755066318
16.0000000000
5.0000000000
0.0000000000
0.0000000000
0.0000000000
0.0000000000
0.0000000000
0.0000000000
0.0000000000
0.0000000000
0.0000000000
0.0000000000
0.0000000000
0.0000000000
0.0000000000
0.0000000000
0.0000000000
0.0000000000
0.0000000000
0.0000000000
0.0000000000
0.0000000000
0.0000000000
0.0000000000
0.0000000000
0.0000000000
0.0000000000
0.0000000000
0.0000000000
0.0000000000
0.0000000000
0.0000000000
0.0000000000
0.0000000000
0.0000000000
0.0000000000
0.0000000000
0.0000000000
0.0000000000
0.0000000000