5000.0496338860
5000.0496338860
5000.0496338860
5000.0496338860
5000.0496338860
5000.0496338860
5000.0496338860
5000.0496338860
5000.0496338860
5000.0496338860
5000.0496338860
5000.0496338860
5000.0496338860
5000.0496338860
5000.0496338860
5000.0496338860
5000.0496338860
5000.0496338860
5000.0496338860
5000.0496338860
5000.0496338860
5000.0496338860
5000.0496338860
5000.0496338860
5000.0496338860
5000.0496338860
5000.0496338860
5000.0496338860
5000.0496338860
5000.0496338860
5000.0496338860
5000.0496338860
5000.0496338860
5000.0496338860
5000.0496338860
5000.0496338860
5000.0496338860
5000.0496338860
5000.0496338860
5000.0496338860
5000.0496338860
5000.0496338860
5000.0496338860
5000.0496338860
5000.0496338860
5000.0496338860
5000.0496338860
5000.0496338860
5000.0496338860
5000.0496338860
5000.0496338858
5000.0496338809
5000.0496337879
5000.0496320963
5000.0496037798
5000.0491674379
5000.0426780202
4999.9402847887
4998.1438296807
4968.8605776163
4711.9036351026
4062.6885304831
652.1720649108
9.0000000000
0.0000000000
0.0000000000
0.0000000000
0.0000000000
0.0000000000
0.0000000000
0.0000000000
0.0000000000
0.0000000000
0.0000000000
0.0000000000
0.0000000000
0.0000000000
0.0000000000
0.0000000000
0.0000000000
0.0000000000
0.0000000000
0.0000000000
0.0000000000
0.0000000000
0.0000000000
0.0000000000
0.0000000000
0.0000000000
0.0000000000
0.0000000000
0.0000000000
0.0000000000
0.0000000000
0.0000000000
0.0000000000
0.0000000000
0.0000000000
0.0000000000
0.0000000000