4999.9757425866
4999.9757425866
4999.9757425866
4999.9757425866
4999.9757425866
4999.9757425866
4999.9757425866
4999.9757425866
4999.9757425866
4999.9757425866
4999.9757425866
4999.9757425866
4999.9757425866
4999.9757425866
4999.9757425866
4999.9757425866
4999.9757425866
4999.9757425866
4999.9757425866
4999.9757425866
4999.9757425866
4999.9757425865
4999.9757425851
4999.9757425673
4999.9757423103
4999.9757381233
4999.9756686540
4999.9745915875
4999.9589310273
4999.7279843868
4995.9644986327
4930.5440354112
3791.3311500868
448.0565010747
4.0000000000
0.0000000000
0.0000000000
0.0000000000
0.0000000000
0.0000000000
0.0000000000
0.0000000000
0.0000000000
0.0000000000
0.0000000000
0.0000000000
0.0000000000
0.0000000000
0.0000000000
0.0000000000
0.0000000000
0.0000000000
0.0000000000
0.0000000000
0.0000000000
0.0000000000
0.0000000000
0.0000000000
0.0000000000
0.0000000000
0.0000000000
0.0000000000
0.0000000000
0.0000000000
0.0000000000
0.0000000000
0.0000000000
0.0000000000
0.0000000000
0.0000000000
0.0000000000
0.0000000000
0.0000000000
0.0000000000
0.0000000000
0.0000000000
0.0000000000
0.0000000000
0.0000000000
0.0000000000
0.0000000000
0.0000000000
0.0000000000
0.0000000000
0.0000000000
0.0000000000
0.0000000000
0.0000000000
0.0000000000
0.0000000000
0.0000000000
0.0000000000
0.0000000000
0.0000000000
0.0000000000
0.0000000000
0.0000000000
0.0000000000
0.0000000000
0.0000000000