4999.8839378780
4999.8839378780
4999.8839378780
4999.8839378780
4999.8839378780
4999.8839378780
4999.8839378780
4999.8839378780
4999.8839378780
4999.8839378780
4999.8839378780
4999.8839378780
4999.8839378780
4999.8839378780
4999.8839378780
4999.8839378780
4999.8839378780
4999.8839378780
4999.8839378780
4999.8839378780
4999.8839378780
4999.8839378780
4999.8839378780
4999.8839378780
4999.8839378780
4999.8839378780
4999.8839378779
4999.8839378769
4999.8839378597
4999.8839375591
4999.8839321284
4999.8838325443
4999.8820178672
4999.8502587805
4999.3300525863
4990.8367105557
4839.1110616546
2878.7861502748
350.0911445897
5.0000000000
0.0000000000
0.0000000000
0.0000000000
0.0000000000
0.0000000000
0.0000000000
0.0000000000
0.0000000000
0.0000000000
0.0000000000
0.0000000000
0.0000000000
0.0000000000
0.0000000000
0.0000000000
0.0000000000
0.0000000000
0.0000000000
0.0000000000
0.0000000000
0.0000000000
0.0000000000
0.0000000000
0.0000000000
0.0000000000
0.0000000000
0.0000000000
0.0000000000
0.0000000000
0.0000000000
0.0000000000
0.0000000000
0.0000000000
0.0000000000
0.0000000000
0.0000000000
0.0000000000
0.0000000000
0.0000000000
0.0000000000
0.0000000000
0.0000000000
0.0000000000
0.0000000000
0.0000000000
0.0000000000
0.0000000000
0.0000000000
0.0000000000
0.0000000000
0.0000000000
0.0000000000
0.0000000000
0.0000000000
0.0000000000
0.0000000000
0.0000000000
0.0000000000
0.0000000000
0.0000000000