5000.0867220410
5000.0867220410
5000.0867220410
5000.0867220410
5000.0867220410
5000.0867220410
5000.0867220410
5000.0867220410
5000.0867220410
5000.0867220410
5000.0867220410
5000.0867220410
5000.0867220410
5000.0867220410
5000.0867220410
5000.0867220410
5000.0867220410
5000.0867220410
5000.0867220410
5000.0867220410
5000.0867220410
5000.0867220404
5000.0867220323
5000.0867219290
5000.0867204964
5000.0866974103
5000.0863057834
5000.0800932519
4999.9897458000
4998.6992563149
4978.2467856325
4623.4581201813
1538.0201860852
48.0000000000
0.0000000000
0.0000000000
0.0000000000
0.0000000000
0.0000000000
0.0000000000
0.0000000000
0.0000000000
0.0000000000
0.0000000000
0.0000000000
0.0000000000
0.0000000000
0.0000000000
0.0000000000
0.0000000000
0.0000000000
0.0000000000
0.0000000000
0.0000000000
0.0000000000
0.0000000000
0.0000000000
0.0000000000
0.0000000000
0.0000000000
0.0000000000
0.0000000000
0.0000000000
0.0000000000
0.0000000000
0.0000000000
0.0000000000
0.0000000000
0.0000000000
0.0000000000
0.0000000000
0.0000000000
0.0000000000
0.0000000000
0.0000000000
0.0000000000
0.0000000000
0.0000000000
0.0000000000
0.0000000000
0.0000000000
0.0000000000
0.0000000000
0.0000000000
0.0000000000
0.0000000000
0.0000000000
0.0000000000
0.0000000000
0.0000000000
0.0000000000
0.0000000000
0.0000000000
0.0000000000
0.0000000000
0.0000000000
0.0000000000
0.0000000000
0.0000000000
0.0000000000