5000.0122125364
5000.0122125364
5000.0122125364
5000.0122125364
5000.0122125364
5000.0122125364
5000.0122125364
5000.0122125364
5000.0122125364
5000.0122125364
5000.0122125364
5000.0122125364
5000.0122125364
5000.0122125364
5000.0122125364
5000.0122125364
5000.0122125364
5000.0122125364
5000.0122125364
5000.0122125364
5000.0122125364
5000.0122125364
5000.0122125364
5000.0122125364
5000.0122125364
5000.0122125364
5000.0122125364
5000.0122125364
5000.0122125364
5000.0122125364
5000.0122125364
5000.0122125362
5000.0122125341
5000.0122124981
5000.0122119136
5000.0122026917
5000.0120616944
5000.0098822936
4999.9738589044
4999.3653247225
4990.5795571880
4900.3677802489
3387.4703404548
235.4204080128
12.0000000000
0.0000000000
0.0000000000
0.0000000000
0.0000000000
0.0000000000
0.0000000000
0.0000000000
0.0000000000
0.0000000000
0.0000000000
0.0000000000
0.0000000000
0.0000000000
0.0000000000
0.0000000000
0.0000000000
0.0000000000
0.0000000000
0.0000000000
0.0000000000
0.0000000000
0.0000000000
0.0000000000
0.0000000000
0.0000000000
0.0000000000
0.0000000000
0.0000000000
0.0000000000
0.0000000000
0.0000000000
0.0000000000
0.0000000000
0.0000000000
0.0000000000
0.0000000000
0.0000000000
0.0000000000
0.0000000000
0.0000000000
0.0000000000
0.0000000000
0.0000000000
0.0000000000
0.0000000000
0.0000000000
0.0000000000
0.0000000000
0.0000000000
0.0000000000
0.0000000000
0.0000000000
0.0000000000
0.0000000000
0.0000000000