4999.9320825427
4999.9320825427
4999.9320825427
4999.9320825427
4999.9320825427
4999.9320825427
4999.9320825427
4999.9320825427
4999.9320825427
4999.9320825427
4999.9320825427
4999.9320825427
4999.9320825427
4999.9320825427
4999.9320825427
4999.9320825427
4999.9320825427
4999.9320825427
4999.9320825427
4999.9320825427
4999.9320825427
4999.9320825427
4999.9320825427
4999.9320825427
4999.9320825427
4999.9320825427
4999.9320825427
4999.9320825427
4999.9320825427
4999.9320825427
4999.9320825427
4999.9320825427
4999.9320825427
4999.9320825427
4999.9320825427
4999.9320825427
4999.9320825427
4999.9320825427
4999.9320825426
4999.9320825421
4999.9320825337
4999.9320823947
4999.9320801022
4999.9320413465
4999.9313776725
4999.9204737525
4999.7484734914
4996.7803708593
4936.1465674162
3540.7111251113
396.2692103241
15.0000000000
0.0000000000
0.0000000000
0.0000000000
0.0000000000
0.0000000000
0.0000000000
0.0000000000
0.0000000000
0.0000000000
0.0000000000
0.0000000000
0.0000000000
0.0000000000
0.0000000000
0.0000000000
0.0000000000
0.0000000000
0.0000000000
0.0000000000
0.0000000000
0.0000000000
0.0000000000
0.0000000000
0.0000000000
0.0000000000
0.0000000000
0.0000000000
0.0000000000
0.0000000000
0.0000000000
0.0000000000
0.0000000000
0.0000000000
0.0000000000
0.0000000000
0.0000000000
0.0000000000
0.0000000000
0.0000000000
0.0000000000
0.0000000000
0.0000000000
0.0000000000
0.0000000000
0.0000000000
0.0000000000
0.0000000000
0.0000000000