4999.9681179840
4999.9681179840
4999.9681179840
4999.9681179840
4999.9681179840
4999.9681179840
4999.9681179840
4999.9681179840
4999.9681179840
4999.9681179840
4999.9681179840
4999.9681179840
4999.9681179840
4999.9681179840
4999.9681179840
4999.9681179840
4999.9681179840
4999.9681179840
4999.9681179840
4999.9681179840
4999.9681179840
4999.9681179840
4999.9681179840
4999.9681179840
4999.9681179840
4999.9681179840
4999.9681179840
4999.9681179840
4999.9681179840
4999.9681179840
4999.9681179840
4999.9681179840
4999.9681179840
4999.9681179838
4999.9681179805
4999.9681179291
4999.9681171270
4999.9681043118
4999.9678998077
4999.9648526038
4999.9233056130
4999.3072307452
4987.4853317299
4761.8329298114
2961.8021108619
163.3522812024
2.0000000000
0.0000000000
0.0000000000
0.0000000000
0.0000000000
0.0000000000
0.0000000000
0.0000000000
0.0000000000
0.0000000000
0.0000000000
0.0000000000
0.0000000000
0.0000000000
0.0000000000
0.0000000000
0.0000000000
0.0000000000
0.0000000000
0.0000000000
0.0000000000
0.0000000000
0.0000000000
0.0000000000
0.0000000000
0.0000000000
0.0000000000
0.0000000000
0.0000000000
0.0000000000
0.0000000000
0.0000000000
0.0000000000
0.0000000000
0.0000000000
0.0000000000
0.0000000000
0.0000000000
0.0000000000
0.0000000000
0.0000000000
0.0000000000
0.0000000000
0.0000000000
0.0000000000
0.0000000000
0.0000000000
0.0000000000
0.0000000000
0.0000000000
0.0000000000
0.0000000000
0.0000000000
0.0000000000