5000.0178118423
5000.0178118423
5000.0178118423
5000.0178118423
5000.0178118423
5000.0178118423
5000.0178118423
5000.0178118423
5000.0178118423
5000.0178118423
5000.0178118423
5000.0178118423
5000.0178118423
5000.0178118423
5000.0178118423
5000.0178118423
5000.0178118423
5000.0178118423
5000.0178118423
5000.0178118423
5000.0178118423
5000.0178118423
5000.0178118423
5000.0178118423
5000.0178118423
5000.0178118423
5000.0178118423
5000.0178118423
5000.0178118423
5000.0178118423
5000.0178118423
5000.0178118423
5000.0178118423
5000.0178118423
5000.0178118423
5000.0178118423
5000.0178118423
5000.0178118423
5000.0178118423
5000.0178118423
5000.0178118423
5000.0178118423
5000.0178118423
5000.0178118420
5000.0178118375
5000.0178117539
5000.0178101537
5000.0177798522
5000.0172450052
5000.0087554172
4999.8883913908
4998.3308932272
4975.5985119483
4426.5223968157
1027.0372268351
36.0000000000
0.0000000000
0.0000000000
0.0000000000
0.0000000000
0.0000000000
0.0000000000
0.0000000000
0.0000000000
0.0000000000
0.0000000000
0.0000000000
0.0000000000
0.0000000000
0.0000000000
0.0000000000
0.0000000000
0.0000000000
0.0000000000
0.0000000000
0.0000000000
0.0000000000
0.0000000000
0.0000000000
0.0000000000
0.0000000000
0.0000000000
0.0000000000
0.0000000000
0.0000000000
0.0000000000
0.0000000000
0.0000000000
0.0000000000
0.0000000000
0.0000000000
0.0000000000
0.0000000000
0.0000000000
0.0000000000
0.0000000000
0.0000000000
0.0000000000
0.0000000000
0.0000000000