4999.9462155390
4999.9462155390
4999.9462155390
4999.9462155390
4999.9462155390
4999.9462155390
4999.9462155390
4999.9462155390
4999.9462155390
4999.9462155390
4999.9462155390
4999.9462155390
4999.9462155390
4999.9462155390
4999.9462155390
4999.9462155390
4999.9462155390
4999.9462155390
4999.9462155390
4999.9462155390
4999.9462155390
4999.9462155390
4999.9462155390
4999.9462155390
4999.9462155390
4999.9462155390
4999.9462155390
4999.9462155390
4999.9462155390
4999.9462155390
4999.9462155390
4999.9462155390
4999.9462155390
4999.9462155390
4999.9462155390
4999.9462155390
4999.9462155390
4999.9462155390
4999.9462155390
4999.9462155390
4999.9462155390
4999.9462155390
4999.9462155390
4999.9462155390
4999.9462155390
4999.9462155390
4999.9462155390
4999.9462155390
4999.9462155390
4999.9462155390
4999.9462155382
4999.9462155231
4999.9462152479
4999.9462102143
4999.9461160777
4999.9442712876
4999.9074679300
4999.2091208693
4986.4398530649
4748.4510603405
2980.6203402360
345.1760736513
17.0000000000
0.0000000000
0.0000000000
0.0000000000
0.0000000000
0.0000000000
0.0000000000
0.0000000000
0.0000000000
0.0000000000
0.0000000000
0.0000000000
0.0000000000
0.0000000000
0.0000000000
0.0000000000
0.0000000000
0.0000000000
0.0000000000
0.0000000000
0.0000000000
0.0000000000
0.0000000000
0.0000000000
0.0000000000
0.0000000000
0.0000000000
0.0000000000
0.0000000000
0.0000000000
0.0000000000
0.0000000000
0.0000000000
0.0000000000
0.0000000000
0.0000000000
0.0000000000
0.0000000000