4999.9425862602
4999.9425862602
4999.9425862602
4999.9425862602
4999.9425862602
4999.9425862602
4999.9425862602
4999.9425862602
4999.9425862602
4999.9425862602
4999.9425862602
4999.9425862602
4999.9425862602
4999.9425862602
4999.9425862602
4999.9425862602
4999.9425862602
4999.9425862602
4999.9425862602
4999.9425862602
4999.9425862602
4999.9425862602
4999.9425862602
4999.9425862602
4999.9425862602
4999.9425862602
4999.9425862602
4999.9425862602
4999.9425862602
4999.9425862602
4999.9425862602
4999.9425862602
4999.9425862602
4999.9425862602
4999.9425862602
4999.9425862602
4999.9425862602
4999.9425862602
4999.9425862602
4999.9425862602
4999.9425862602
4999.9425862602
4999.9425862602
4999.9425862602
4999.9425862602
4999.9425862602
4999.9425862602
4999.9425862602
4999.9425862602
4999.9425862602
4999.9425862602
4999.9425862602
4999.9425862601
4999.9425862575
4999.9425862175
4999.9425856339
4999.9425772739
4999.9424451596
4999.9400440714
4999.8962503129
4999.1895932598
4987.5846400445
4739.2461145074
1993.0246732399
53.0000000000
1.0000000000
0.0000000000
0.0000000000
0.0000000000
0.0000000000
0.0000000000
0.0000000000
0.0000000000
0.0000000000
0.0000000000
0.0000000000
0.0000000000
0.0000000000
0.0000000000
0.0000000000
0.0000000000
0.0000000000
0.0000000000
0.0000000000
0.0000000000
0.0000000000
0.0000000000
0.0000000000
0.0000000000
0.0000000000
0.0000000000
0.0000000000
0.0000000000
0.0000000000
0.0000000000
0.0000000000
0.0000000000
0.0000000000
0.0000000000
0.0000000000