4999.9198654621
4999.9198654621
4999.9198654621
4999.9198654621
4999.9198654621
4999.9198654621
4999.9198654621
4999.9198654621
4999.9198654621
4999.9198654621
4999.9198654621
4999.9198654621
4999.9198654621
4999.9198654621
4999.9198654621
4999.9198654621
4999.9198654618
4999.9198654579
4999.9198654061
4999.9198646709
4999.9198530942
4999.9196600305
4999.9165054555
4999.8677936938
4999.1351240783
4986.9479137528
4753.1750815640
2407.0238230334
669.0000000000
13.0000000000
0.0000000000
0.0000000000
0.0000000000
0.0000000000
0.0000000000
0.0000000000
0.0000000000
0.0000000000
0.0000000000
0.0000000000
0.0000000000
0.0000000000
0.0000000000
0.0000000000
0.0000000000
0.0000000000
0.0000000000
0.0000000000
0.0000000000
0.0000000000
0.0000000000
0.0000000000
0.0000000000
0.0000000000
0.0000000000
0.0000000000
0.0000000000
0.0000000000
0.0000000000
0.0000000000
0.0000000000
0.0000000000
0.0000000000
0.0000000000
0.0000000000
0.0000000000
0.0000000000
0.0000000000
0.0000000000
0.0000000000
0.0000000000
0.0000000000
0.0000000000
0.0000000000
0.0000000000
0.0000000000
0.0000000000
0.0000000000
0.0000000000
0.0000000000
0.0000000000
0.0000000000
0.0000000000
0.0000000000
0.0000000000
0.0000000000
0.0000000000
0.0000000000
0.0000000000
0.0000000000
0.0000000000
0.0000000000
0.0000000000
0.0000000000
0.0000000000
0.0000000000
0.0000000000
0.0000000000
0.0000000000
0.0000000000