4999.9294973947
4999.9294973947
4999.9294973947
4999.9294973947
4999.9294973947
4999.9294973947
4999.9294973947
4999.9294973947
4999.9294973947
4999.9294973947
4999.9294973947
4999.9294973947
4999.9294973947
4999.9294973947
4999.9294973947
4999.9294973947
4999.9294973946
4999.9294973945
4999.9294973930
4999.9294973695
4999.9294969915
4999.9294907994
4999.9293922818
4999.9278637101
4999.9033724919
4999.4804790623
4992.3410125698
4898.3643675333
4489.1260772600
1100.0462438170
19.0000000000
0.0000000000
0.0000000000
0.0000000000
0.0000000000
0.0000000000
0.0000000000
0.0000000000
0.0000000000
0.0000000000
0.0000000000
0.0000000000
0.0000000000
0.0000000000
0.0000000000
0.0000000000
0.0000000000
0.0000000000
0.0000000000
0.0000000000
0.0000000000
0.0000000000
0.0000000000
0.0000000000
0.0000000000
0.0000000000
0.0000000000
0.0000000000
0.0000000000
0.0000000000
0.0000000000
0.0000000000
0.0000000000
0.0000000000
0.0000000000
0.0000000000
0.0000000000
0.0000000000
0.0000000000
0.0000000000
0.0000000000
0.0000000000
0.0000000000
0.0000000000
0.0000000000
0.0000000000
0.0000000000
0.0000000000
0.0000000000
0.0000000000
0.0000000000
0.0000000000
0.0000000000
0.0000000000
0.0000000000
0.0000000000
0.0000000000
0.0000000000
0.0000000000
0.0000000000
0.0000000000
0.0000000000
0.0000000000
0.0000000000
0.0000000000
0.0000000000
0.0000000000
0.0000000000
0.0000000000
0.0000000000