4999.8647186566
4999.8647186566
4999.8647186566
4999.8647186566
4999.8647186566
4999.8647186566
4999.8647186566
4999.8647186566
4999.8647186566
4999.8647186566
4999.8647186566
4999.8647186566
4999.8647186566
4999.8647186566
4999.8647186565
4999.8647186558
4999.8647186459
4999.8647185105
4999.8647167392
4999.8646931786
4999.8643419020
4999.8584641190
4999.7585926524
4998.1577235756
4974.7011412704
4647.6813381649
1418.0270996639
62.0000000000
10.0000000000
0.0000000000
0.0000000000
0.0000000000
0.0000000000
0.0000000000
0.0000000000
0.0000000000
0.0000000000
0.0000000000
0.0000000000
0.0000000000
0.0000000000
0.0000000000
0.0000000000
0.0000000000
0.0000000000
0.0000000000
0.0000000000
0.0000000000
0.0000000000
0.0000000000
0.0000000000
0.0000000000
0.0000000000
0.0000000000
0.0000000000
0.0000000000
0.0000000000
0.0000000000
0.0000000000
0.0000000000
0.0000000000
0.0000000000
0.0000000000
0.0000000000
0.0000000000
0.0000000000
0.0000000000
0.0000000000
0.0000000000
0.0000000000
0.0000000000
0.0000000000
0.0000000000
0.0000000000
0.0000000000
0.0000000000
0.0000000000
0.0000000000
0.0000000000
0.0000000000
0.0000000000
0.0000000000
0.0000000000
0.0000000000
0.0000000000
0.0000000000
0.0000000000
0.0000000000
0.0000000000
0.0000000000
0.0000000000
0.0000000000
0.0000000000
0.0000000000
0.0000000000
0.0000000000
0.0000000000
0.0000000000
0.0000000000
0.0000000000