5000.0222403589
5000.0222403589
5000.0222403589
5000.0222403589
5000.0222403589
5000.0222403589
5000.0222403589
5000.0222403589
5000.0222403589
5000.0222403589
5000.0222403589
5000.0222403589
5000.0222403589
5000.0222403589
5000.0222403589
5000.0222403587
5000.0222403571
5000.0222403342
5000.0222400331
5000.0222358937
5000.0221721812
5000.0211047073
5000.0033242905
4999.7249322608
4995.6382012956
4933.3810610140
3717.7308480426
463.0667001157
85.0000000000
2.0000000000
0.0000000000
0.0000000000
0.0000000000
0.0000000000
0.0000000000
0.0000000000
0.0000000000
0.0000000000
0.0000000000
0.0000000000
0.0000000000
0.0000000000
0.0000000000
0.0000000000
0.0000000000
0.0000000000
0.0000000000
0.0000000000
0.0000000000
0.0000000000
0.0000000000
0.0000000000
0.0000000000
0.0000000000
0.0000000000
0.0000000000
0.0000000000
0.0000000000
0.0000000000
0.0000000000
0.0000000000
0.0000000000
0.0000000000
0.0000000000
0.0000000000
0.0000000000
0.0000000000
0.0000000000
0.0000000000
0.0000000000
0.0000000000
0.0000000000
0.0000000000
0.0000000000
0.0000000000
0.0000000000
0.0000000000
0.0000000000
0.0000000000
0.0000000000
0.0000000000
0.0000000000
0.0000000000
0.0000000000
0.0000000000
0.0000000000
0.0000000000
0.0000000000
0.0000000000
0.0000000000
0.0000000000
0.0000000000
0.0000000000
0.0000000000
0.0000000000
0.0000000000
0.0000000000
0.0000000000
0.0000000000
0.0000000000