4999.9485764932
4999.9485764932
4999.9485764932
4999.9485764932
4999.9485764932
4999.9485764932
4999.9485764932
4999.9485764932
4999.9485764932
4999.9485764932
4999.9485764932
4999.9485764932
4999.9485764932
4999.9485764932
4999.9485764932
4999.9485764932
4999.9485764932
4999.9485764932
4999.9485764932
4999.9485764932
4999.9485764932
4999.9485764931
4999.9485764926
4999.9485764837
4999.9485763533
4999.9485746107
4999.9485538423
4999.9483039434
4999.9445320876
4999.8796196409
4998.8594501260
4982.7443909666
4676.7130660041
1953.0211137272
784.0000000000
12.0000000000
0.0000000000
0.0000000000
0.0000000000
0.0000000000
0.0000000000
0.0000000000
0.0000000000
0.0000000000
0.0000000000
0.0000000000
0.0000000000
0.0000000000
0.0000000000
0.0000000000
0.0000000000
0.0000000000
0.0000000000
0.0000000000
0.0000000000
0.0000000000
0.0000000000
0.0000000000
0.0000000000
0.0000000000
0.0000000000
0.0000000000
0.0000000000
0.0000000000
0.0000000000
0.0000000000
0.0000000000
0.0000000000
0.0000000000
0.0000000000
0.0000000000
0.0000000000
0.0000000000
0.0000000000
0.0000000000
0.0000000000
0.0000000000
0.0000000000
0.0000000000
0.0000000000
0.0000000000
0.0000000000
0.0000000000
0.0000000000
0.0000000000
0.0000000000
0.0000000000
0.0000000000
0.0000000000
0.0000000000
0.0000000000
0.0000000000
0.0000000000
0.0000000000
0.0000000000
0.0000000000
0.0000000000
0.0000000000
0.0000000000
0.0000000000