4999.9298152342
4999.9298152342
4999.9298152342
4999.9298152342
4999.9298152342
4999.9298152342
4999.9298152342
4999.9298152342
4999.9298152342
4999.9298152342
4999.9298152342
4999.9298152342
4999.9298152342
4999.9298152342
4999.9298152342
4999.9298152342
4999.9298152342
4999.9298152342
4999.9298152342
4999.9298152342
4999.9298152342
4999.9298152342
4999.9298152342
4999.9298152341
4999.9298152335
4999.9298152256
4999.9298151256
4999.9298137202
4999.9297911686
4999.9294196709
4999.9233525380
4999.8212932063
4998.1865636135
4978.9447855971
4908.5853585446
3200.2107355214
483.0446165290
20.0000000000
0.0000000000
0.0000000000
0.0000000000
0.0000000000
0.0000000000
0.0000000000
0.0000000000
0.0000000000
0.0000000000
0.0000000000
0.0000000000
0.0000000000
0.0000000000
0.0000000000
0.0000000000
0.0000000000
0.0000000000
0.0000000000
0.0000000000
0.0000000000
0.0000000000
0.0000000000
0.0000000000
0.0000000000
0.0000000000
0.0000000000
0.0000000000
0.0000000000
0.0000000000
0.0000000000
0.0000000000
0.0000000000
0.0000000000
0.0000000000
0.0000000000
0.0000000000
0.0000000000
0.0000000000
0.0000000000
0.0000000000
0.0000000000
0.0000000000
0.0000000000
0.0000000000
0.0000000000
0.0000000000
0.0000000000
0.0000000000
0.0000000000
0.0000000000
0.0000000000
0.0000000000
0.0000000000
0.0000000000
0.0000000000
0.0000000000
0.0000000000
0.0000000000
0.0000000000
0.0000000000
0.0000000000
0.0000000000