4999.9248014895
4999.9248014895
4999.9248014895
4999.9248014895
4999.9248014895
4999.9248014895
4999.9248014895
4999.9248014895
4999.9248014895
4999.9248014895
4999.9248014895
4999.9248014895
4999.9248014895
4999.9248014895
4999.9248014895
4999.9248014895
4999.9248014895
4999.9248014895
4999.9248014895
4999.9248014895
4999.9248014895
4999.9248014895
4999.9248014895
4999.9248014895
4999.9248014895
4999.9248014894
4999.9248014889
4999.9248014809
4999.9248013502
4999.9247992121
4999.9247648919
4999.9242493232
4999.9177476267
4999.8560735379
4999.2869941724
4989.4162612009
4868.4856778076
3365.6635592186
161.4809164502
5.0000000000
0.0000000000
0.0000000000
0.0000000000
0.0000000000
0.0000000000
0.0000000000
0.0000000000
0.0000000000
0.0000000000
0.0000000000
0.0000000000
0.0000000000
0.0000000000
0.0000000000
0.0000000000
0.0000000000
0.0000000000
0.0000000000
0.0000000000
0.0000000000
0.0000000000
0.0000000000
0.0000000000
0.0000000000
0.0000000000
0.0000000000
0.0000000000
0.0000000000
0.0000000000
0.0000000000
0.0000000000
0.0000000000
0.0000000000
0.0000000000
0.0000000000
0.0000000000
0.0000000000
0.0000000000
0.0000000000
0.0000000000
0.0000000000
0.0000000000
0.0000000000
0.0000000000
0.0000000000
0.0000000000
0.0000000000
0.0000000000
0.0000000000
0.0000000000
0.0000000000
0.0000000000
0.0000000000
0.0000000000
0.0000000000
0.0000000000
0.0000000000
0.0000000000
0.0000000000
0.0000000000