5000.0322557122
5000.0322557122
5000.0322557122
5000.0322557122
5000.0322557122
5000.0322557122
5000.0322557122
5000.0322557122
5000.0322557122
5000.0322557122
5000.0322557122
5000.0322557122
5000.0322557122
5000.0322557122
5000.0322557122
5000.0322557122
5000.0322557122
5000.0322557122
5000.0322557122
5000.0322557122
5000.0322557122
5000.0322557122
5000.0322557122
5000.0322557122
5000.0322557122
5000.0322557119
5000.0322557089
5000.0322556637
5000.0322549292
5000.0322428630
5000.0320459891
5000.0289447236
4999.9869670661
4999.5794260026
4996.5140438720
4936.4398358495
4256.5166033856
1067.0424842449
15.0000000000
0.0000000000
0.0000000000
0.0000000000
0.0000000000
0.0000000000
0.0000000000
0.0000000000
0.0000000000
0.0000000000
0.0000000000
0.0000000000
0.0000000000
0.0000000000
0.0000000000
0.0000000000
0.0000000000
0.0000000000
0.0000000000
0.0000000000
0.0000000000
0.0000000000
0.0000000000
0.0000000000
0.0000000000
0.0000000000
0.0000000000
0.0000000000
0.0000000000
0.0000000000
0.0000000000
0.0000000000
0.0000000000
0.0000000000
0.0000000000
0.0000000000
0.0000000000
0.0000000000
0.0000000000
0.0000000000
0.0000000000
0.0000000000
0.0000000000
0.0000000000
0.0000000000
0.0000000000
0.0000000000
0.0000000000
0.0000000000
0.0000000000
0.0000000000
0.0000000000
0.0000000000
0.0000000000
0.0000000000
0.0000000000
0.0000000000
0.0000000000
0.0000000000
0.0000000000
0.0000000000
0.0000000000