4999.9070187049
4999.9070187049
4999.9070187049
4999.9070187049
4999.9070187049
4999.9070187049
4999.9070187049
4999.9070187049
4999.9070187049
4999.9070187049
4999.9070187049
4999.9070187049
4999.9070187049
4999.9070187049
4999.9070187049
4999.9070187049
4999.9070187049
4999.9070187049
4999.9070187049
4999.9070187049
4999.9070187049
4999.9070187049
4999.9070187049
4999.9070187046
4999.9070187009
4999.9070186533
4999.9070180696
4999.9070102144
4999.9068855112
4999.9048195919
4999.8715252217
4999.3089578456
4989.5938665316
4853.9170963097
4522.0367851919
966.0643873118
57.0000000000
0.0000000000
0.0000000000
0.0000000000
0.0000000000
0.0000000000
0.0000000000
0.0000000000
0.0000000000
0.0000000000
0.0000000000
0.0000000000
0.0000000000
0.0000000000
0.0000000000
0.0000000000
0.0000000000
0.0000000000
0.0000000000
0.0000000000
0.0000000000
0.0000000000
0.0000000000
0.0000000000
0.0000000000
0.0000000000
0.0000000000
0.0000000000
0.0000000000
0.0000000000
0.0000000000
0.0000000000
0.0000000000
0.0000000000
0.0000000000
0.0000000000
0.0000000000
0.0000000000
0.0000000000
0.0000000000
0.0000000000
0.0000000000
0.0000000000
0.0000000000
0.0000000000
0.0000000000
0.0000000000
0.0000000000
0.0000000000
0.0000000000
0.0000000000
0.0000000000
0.0000000000
0.0000000000
0.0000000000
0.0000000000
0.0000000000
0.0000000000
0.0000000000
0.0000000000
0.0000000000
0.0000000000
0.0000000000
0.0000000000