5000.0904387741
5000.0904387741
5000.0904387741
5000.0904387741
5000.0904387741
5000.0904387741
5000.0904387741
5000.0904387741
5000.0904387741
5000.0904387741
5000.0904387741
5000.0904387741
5000.0904387741
5000.0904387741
5000.0904387741
5000.0904387741
5000.0904387741
5000.0904387741
5000.0904387741
5000.0904387741
5000.0904387740
5000.0904387740
5000.0904387739
5000.0904387724
5000.0904387503
5000.0904384625
5000.0904350013
5000.0903908129
5000.0897020301
5000.0781335026
4999.8945970820
4996.8536807871
4941.9128569105
4102.6827740126
2896.4313343826
131.2049789462
3.0000000000
0.0000000000
0.0000000000
0.0000000000
0.0000000000
0.0000000000
0.0000000000
0.0000000000
0.0000000000
0.0000000000
0.0000000000
0.0000000000
0.0000000000
0.0000000000
0.0000000000
0.0000000000
0.0000000000
0.0000000000
0.0000000000
0.0000000000
0.0000000000
0.0000000000
0.0000000000
0.0000000000
0.0000000000
0.0000000000
0.0000000000
0.0000000000
0.0000000000
0.0000000000
0.0000000000
0.0000000000
0.0000000000
0.0000000000
0.0000000000
0.0000000000
0.0000000000
0.0000000000
0.0000000000
0.0000000000
0.0000000000
0.0000000000
0.0000000000
0.0000000000
0.0000000000
0.0000000000
0.0000000000
0.0000000000
0.0000000000
0.0000000000
0.0000000000
0.0000000000
0.0000000000
0.0000000000
0.0000000000
0.0000000000
0.0000000000
0.0000000000
0.0000000000
0.0000000000
0.0000000000
0.0000000000
0.0000000000
0.0000000000