4999.9339524733
4999.9339524733
4999.9339524733
4999.9339524733
4999.9339524733
4999.9339524733
4999.9339524733
4999.9339524733
4999.9339524733
4999.9339524733
4999.9339524733
4999.9339524733
4999.9339524733
4999.9339524733
4999.9339524733
4999.9339524733
4999.9339524733
4999.9339524733
4999.9339524733
4999.9339524733
4999.9339524729
4999.9339524667
4999.9339523683
4999.9339507861
4999.9339253975
4999.9335444431
4999.9286968587
4999.8785529962
4999.3040999446
4988.3230901981
4792.8745855889
2895.8092827630
174.3374000565
5.0000000000
0.0000000000
0.0000000000
0.0000000000
0.0000000000
0.0000000000
0.0000000000
0.0000000000
0.0000000000
0.0000000000
0.0000000000
0.0000000000
0.0000000000
0.0000000000
0.0000000000
0.0000000000
0.0000000000
0.0000000000
0.0000000000
0.0000000000
0.0000000000
0.0000000000
0.0000000000
0.0000000000
0.0000000000
0.0000000000
0.0000000000
0.0000000000
0.0000000000
0.0000000000
0.0000000000
0.0000000000
0.0000000000
0.0000000000
0.0000000000
0.0000000000
0.0000000000
0.0000000000
0.0000000000
0.0000000000
0.0000000000
0.0000000000
0.0000000000
0.0000000000
0.0000000000
0.0000000000
0.0000000000
0.0000000000
0.0000000000
0.0000000000
0.0000000000
0.0000000000
0.0000000000
0.0000000000
0.0000000000
0.0000000000
0.0000000000
0.0000000000
0.0000000000
0.0000000000
0.0000000000
0.0000000000
0.0000000000
0.0000000000
0.0000000000
0.0000000000
0.0000000000