4999.9899130973
4999.9899130973
4999.9899130973
4999.9899130973
4999.9899130973
4999.9899130973
4999.9899130973
4999.9899130973
4999.9899130973
4999.9899130973
4999.9899130973
4999.9899130973
4999.9899130973
4999.9899130973
4999.9899130973
4999.9899130973
4999.9899130973
4999.9899130973
4999.9899130973
4999.9899130973
4999.9899130973
4999.9899130973
4999.9899130973
4999.9899130973
4999.9899130973
4999.9899130973
4999.9899130973
4999.9899130970
4999.9899130928
4999.9899130251
4999.9899119958
4999.9898979216
4999.9897364562
4999.9881472772
4999.9697836995
4999.6893147472
4995.8727771339
4931.9458824491
3402.7315086528
671.0068972934
12.0000000000
0.0000000000
0.0000000000
0.0000000000
0.0000000000
0.0000000000
0.0000000000
0.0000000000
0.0000000000
0.0000000000
0.0000000000
0.0000000000
0.0000000000
0.0000000000
0.0000000000
0.0000000000
0.0000000000
0.0000000000
0.0000000000
0.0000000000
0.0000000000
0.0000000000
0.0000000000
0.0000000000
0.0000000000
0.0000000000
0.0000000000
0.0000000000
0.0000000000
0.0000000000
0.0000000000
0.0000000000
0.0000000000
0.0000000000
0.0000000000
0.0000000000
0.0000000000
0.0000000000
0.0000000000
0.0000000000
0.0000000000
0.0000000000
0.0000000000
0.0000000000
0.0000000000
0.0000000000
0.0000000000
0.0000000000
0.0000000000
0.0000000000
0.0000000000
0.0000000000
0.0000000000
0.0000000000
0.0000000000
0.0000000000
0.0000000000
0.0000000000
0.0000000000
0.0000000000