4999.8366249471
4999.8366249471
4999.8366249471
4999.8366249471
4999.8366249471
4999.8366249471
4999.8366249471
4999.8366249471
4999.8366249471
4999.8366249471
4999.8366249471
4999.8366249471
4999.8366249471
4999.8366249471
4999.8366249471
4999.8366249471
4999.8366249471
4999.8366249471
4999.8366249471
4999.8366249471
4999.8366249471
4999.8366249471
4999.8366249471
4999.8366249471
4999.8366249471
4999.8366249471
4999.8366249470
4999.8366249456
4999.8366249220
4999.8366245397
4999.8366185501
4999.8365328072
4999.8355092437
4999.8257147290
4999.7223310056
4998.0663408911
4976.6651771769
4660.2764768640
1078.0093212696
99.0000000000
1.0000000000
0.0000000000
0.0000000000
0.0000000000
0.0000000000
0.0000000000
0.0000000000
0.0000000000
0.0000000000
0.0000000000
0.0000000000
0.0000000000
0.0000000000
0.0000000000
0.0000000000
0.0000000000
0.0000000000
0.0000000000
0.0000000000
0.0000000000
0.0000000000
0.0000000000
0.0000000000
0.0000000000
0.0000000000
0.0000000000
0.0000000000
0.0000000000
0.0000000000
0.0000000000
0.0000000000
0.0000000000
0.0000000000
0.0000000000
0.0000000000
0.0000000000
0.0000000000
0.0000000000
0.0000000000
0.0000000000
0.0000000000
0.0000000000
0.0000000000
0.0000000000
0.0000000000
0.0000000000
0.0000000000
0.0000000000
0.0000000000
0.0000000000
0.0000000000
0.0000000000
0.0000000000
0.0000000000
0.0000000000
0.0000000000
0.0000000000
0.0000000000
0.0000000000
0.0000000000