5000.0712696222
5000.0712696222
5000.0712696222
5000.0712696222
5000.0712696222
5000.0712696222
5000.0712696222
5000.0712696222
5000.0712696222
5000.0712696222
5000.0712696222
5000.0712696222
5000.0712696222
5000.0712696222
5000.0712696222
5000.0712696222
5000.0712696222
5000.0712696222
5000.0712696222
5000.0712696222
5000.0712696222
5000.0712696222
5000.0712696222
5000.0712696222
5000.0712696222
5000.0712696222
5000.0712696222
5000.0712696222
5000.0712696222
5000.0712696222
5000.0712696222
5000.0712696222
5000.0712696222
5000.0712696222
5000.0712696222
5000.0712696218
5000.0712696160
5000.0712695155
5000.0712677032
5000.0712349969
5000.0706991651
5000.0636293988
4999.9992665419
4999.6602166967
4996.9783371340
4954.8193645646
3999.4805457097
930.0615540989
66.0000000000
0.0000000000
0.0000000000
0.0000000000
0.0000000000
0.0000000000
0.0000000000
0.0000000000
0.0000000000
0.0000000000
0.0000000000
0.0000000000
0.0000000000
0.0000000000
0.0000000000
0.0000000000
0.0000000000
0.0000000000
0.0000000000
0.0000000000
0.0000000000
0.0000000000
0.0000000000
0.0000000000
0.0000000000
0.0000000000
0.0000000000
0.0000000000
0.0000000000
0.0000000000
0.0000000000
0.0000000000
0.0000000000
0.0000000000
0.0000000000
0.0000000000
0.0000000000
0.0000000000
0.0000000000
0.0000000000
0.0000000000
0.0000000000
0.0000000000
0.0000000000
0.0000000000
0.0000000000
0.0000000000
0.0000000000
0.0000000000
0.0000000000
0.0000000000
0.0000000000