4999.9934452885
4999.9934452885
4999.9934452885
4999.9934452885
4999.9934452885
4999.9934452885
4999.9934452885
4999.9934452885
4999.9934452885
4999.9934452885
4999.9934452885
4999.9934452885
4999.9934452885
4999.9934452885
4999.9934452885
4999.9934452885
4999.9934452885
4999.9934452885
4999.9934452885
4999.9934452885
4999.9934452885
4999.9934452885
4999.9934452885
4999.9934452885
4999.9934452885
4999.9934452885
4999.9934452885
4999.9934452885
4999.9934452885
4999.9934452885
4999.9934452885
4999.9934452885
4999.9934452885
4999.9934452883
4999.9934452849
4999.9934452270
4999.9934442570
4999.9934282907
4999.9931563582
4999.9880473517
4999.8886204914
4998.1694594066
4976.2958626436
4873.8934512363
4375.2862876638
1510.0899711941
38.0000000000
0.0000000000
0.0000000000
0.0000000000
0.0000000000
0.0000000000
0.0000000000
0.0000000000
0.0000000000
0.0000000000
0.0000000000
0.0000000000
0.0000000000
0.0000000000
0.0000000000
0.0000000000
0.0000000000
0.0000000000
0.0000000000
0.0000000000
0.0000000000
0.0000000000
0.0000000000
0.0000000000
0.0000000000
0.0000000000
0.0000000000
0.0000000000
0.0000000000
0.0000000000
0.0000000000
0.0000000000
0.0000000000
0.0000000000
0.0000000000
0.0000000000
0.0000000000
0.0000000000
0.0000000000
0.0000000000
0.0000000000
0.0000000000
0.0000000000
0.0000000000
0.0000000000
0.0000000000
0.0000000000
0.0000000000
0.0000000000
0.0000000000
0.0000000000
0.0000000000
0.0000000000
0.0000000000