4999.9356960064
4999.9356960064
4999.9356960064
4999.9356960064
4999.9356960064
4999.9356960064
4999.9356960064
4999.9356960064
4999.9356960064
4999.9356960064
4999.9356960064
4999.9356960064
4999.9356960064
4999.9356960064
4999.9356960064
4999.9356960064
4999.9356960064
4999.9356960064
4999.9356960064
4999.9356960064
4999.9356960064
4999.9356960064
4999.9356960064
4999.9356960064
4999.9356960064
4999.9356960064
4999.9356960064
4999.9356960064
4999.9356960064
4999.9356960064
4999.9356960064
4999.9356960064
4999.9356960064
4999.9356960064
4999.9356960064
4999.9356960063
4999.9356960053
4999.9356959865
4999.9356956511
4999.9356898174
4999.9356001465
4999.9345055337
4999.9251832807
4999.8727934678
4999.3852172563
4990.8587820585
4818.9834182413
3283.8770403861
479.0945607860
9.0000000000
0.0000000000
0.0000000000
0.0000000000
0.0000000000
0.0000000000
0.0000000000
0.0000000000
0.0000000000
0.0000000000
0.0000000000
0.0000000000
0.0000000000
0.0000000000
0.0000000000
0.0000000000
0.0000000000
0.0000000000
0.0000000000
0.0000000000
0.0000000000
0.0000000000
0.0000000000
0.0000000000
0.0000000000
0.0000000000
0.0000000000
0.0000000000
0.0000000000
0.0000000000
0.0000000000
0.0000000000
0.0000000000
0.0000000000
0.0000000000
0.0000000000
0.0000000000
0.0000000000
0.0000000000
0.0000000000
0.0000000000
0.0000000000
0.0000000000
0.0000000000
0.0000000000
0.0000000000
0.0000000000
0.0000000000
0.0000000000
0.0000000000
0.0000000000