4999.9867899906
4999.9867899906
4999.9867899906
4999.9867899906
4999.9867899906
4999.9867899906
4999.9867899906
4999.9867899906
4999.9867899906
4999.9867899906
4999.9867899906
4999.9867899906
4999.9867899906
4999.9867899906
4999.9867899906
4999.9867899906
4999.9867899906
4999.9867899906
4999.9867899906
4999.9867899906
4999.9867899906
4999.9867899906
4999.9867899906
4999.9867899906
4999.9867899906
4999.9867899906
4999.9867899906
4999.9867899906
4999.9867899906
4999.9867899906
4999.9867899906
4999.9867899906
4999.9867899906
4999.9867899905
4999.9867899899
4999.9867899795
4999.9867898055
4999.9867868983
4999.9867358232
4999.9857733454
4999.9679615186
4999.6875308241
4996.5812196708
4981.4821527458
4892.5377113661
3837.5895282247
298.2511449587
9.0000000000
0.0000000000
0.0000000000
0.0000000000
0.0000000000
0.0000000000
0.0000000000
0.0000000000
0.0000000000
0.0000000000
0.0000000000
0.0000000000
0.0000000000
0.0000000000
0.0000000000
0.0000000000
0.0000000000
0.0000000000
0.0000000000
0.0000000000
0.0000000000
0.0000000000
0.0000000000
0.0000000000
0.0000000000
0.0000000000
0.0000000000
0.0000000000
0.0000000000
0.0000000000
0.0000000000
0.0000000000
0.0000000000
0.0000000000
0.0000000000
0.0000000000
0.0000000000
0.0000000000
0.0000000000
0.0000000000
0.0000000000
0.0000000000
0.0000000000
0.0000000000
0.0000000000
0.0000000000
0.0000000000
0.0000000000
0.0000000000
0.0000000000
0.0000000000
0.0000000000
0.0000000000