5000.0245079125
5000.0245079125
5000.0245079125
5000.0245079125
5000.0245079125
5000.0245079125
5000.0245079125
5000.0245079125
5000.0245079125
5000.0245079125
5000.0245079125
5000.0245079125
5000.0245079125
5000.0245079125
5000.0245079125
5000.0245079125
5000.0245079125
5000.0245079125
5000.0245079125
5000.0245079125
5000.0245079125
5000.0245079125
5000.0245079125
5000.0245079125
5000.0245079125
5000.0245079125
5000.0245079125
5000.0245079125
5000.0245079125
5000.0245079125
5000.0245079125
5000.0245079125
5000.0245079125
5000.0245079125
5000.0245079124
5000.0245079105
5000.0245078787
5000.0245073383
5000.0244976575
5000.0243179399
5000.0211819021
4999.9761119244
4999.5286516139
4997.2787924224
4981.9043073699
4773.9628362150
1797.0152981162
128.0000000000
8.0000000000
0.0000000000
0.0000000000
0.0000000000
0.0000000000
0.0000000000
0.0000000000
0.0000000000
0.0000000000
0.0000000000
0.0000000000
0.0000000000
0.0000000000
0.0000000000
0.0000000000
0.0000000000
0.0000000000
0.0000000000
0.0000000000
0.0000000000
0.0000000000
0.0000000000
0.0000000000
0.0000000000
0.0000000000
0.0000000000
0.0000000000
0.0000000000
0.0000000000
0.0000000000
0.0000000000
0.0000000000
0.0000000000
0.0000000000
0.0000000000
0.0000000000
0.0000000000
0.0000000000
0.0000000000
0.0000000000
0.0000000000
0.0000000000
0.0000000000
0.0000000000
0.0000000000
0.0000000000
0.0000000000
0.0000000000
0.0000000000
0.0000000000
0.0000000000
0.0000000000