5000.0194723826
5000.0194723826
5000.0194723826
5000.0194723826
5000.0194723826
5000.0194723826
5000.0194723826
5000.0194723826
5000.0194723826
5000.0194723826
5000.0194723826
5000.0194723826
5000.0194723826
5000.0194723826
5000.0194723826
5000.0194723826
5000.0194723826
5000.0194723826
5000.0194723826
5000.0194723826
5000.0194723826
5000.0194723826
5000.0194723826
5000.0194723826
5000.0194723826
5000.0194723826
5000.0194723826
5000.0194723826
5000.0194723826
5000.0194723826
5000.0194723826
5000.0194723826
5000.0194723826
5000.0194723826
5000.0194723826
5000.0194723826
5000.0194723826
5000.0194723826
5000.0194723825
5000.0194723817
5000.0194723722
5000.0194722831
5000.0194715693
5000.0194647884
5000.0193660195
5000.0178193687
4999.9961713897
4999.7088191460
4995.2519779142
4917.0142904745
3548.6425191022
402.0488216823
2.0000000000
0.0000000000
0.0000000000
0.0000000000
0.0000000000
0.0000000000
0.0000000000
0.0000000000
0.0000000000
0.0000000000
0.0000000000
0.0000000000
0.0000000000
0.0000000000
0.0000000000
0.0000000000
0.0000000000
0.0000000000
0.0000000000
0.0000000000
0.0000000000
0.0000000000
0.0000000000
0.0000000000
0.0000000000
0.0000000000
0.0000000000
0.0000000000
0.0000000000
0.0000000000
0.0000000000
0.0000000000
0.0000000000
0.0000000000
0.0000000000
0.0000000000
0.0000000000
0.0000000000
0.0000000000
0.0000000000
0.0000000000
0.0000000000
0.0000000000
0.0000000000
0.0000000000
0.0000000000
0.0000000000
0.0000000000