4999.8948554730
4999.8948554730
4999.8948554730
4999.8948554730
4999.8948554730
4999.8948554730
4999.8948554730
4999.8948554730
4999.8948554730
4999.8948554730
4999.8948554730
4999.8948554730
4999.8948554730
4999.8948554730
4999.8948554730
4999.8948554730
4999.8948554730
4999.8948554730
4999.8948554730
4999.8948554730
4999.8948554730
4999.8948554730
4999.8948554730
4999.8948554730
4999.8948554730
4999.8948554730
4999.8948554730
4999.8948554730
4999.8948554730
4999.8948554730
4999.8948554730
4999.8948554730
4999.8948554730
4999.8948554730
4999.8948554730
4999.8948554730
4999.8948554730
4999.8948554730
4999.8948554730
4999.8948554729
4999.8948554727
4999.8948554706
4999.8948554524
4999.8948552464
4999.8948521916
4999.8948067785
4999.8941719099
4999.8849502611
4999.7311053915
4996.9588843716
4947.7514958770
4144.5100689774
682.0502287229
21.0000000000
0.0000000000
0.0000000000
0.0000000000
0.0000000000
0.0000000000
0.0000000000
0.0000000000
0.0000000000
0.0000000000
0.0000000000
0.0000000000
0.0000000000
0.0000000000
0.0000000000
0.0000000000
0.0000000000
0.0000000000
0.0000000000
0.0000000000
0.0000000000
0.0000000000
0.0000000000
0.0000000000
0.0000000000
0.0000000000
0.0000000000
0.0000000000
0.0000000000
0.0000000000
0.0000000000
0.0000000000
0.0000000000
0.0000000000
0.0000000000
0.0000000000
0.0000000000
0.0000000000
0.0000000000
0.0000000000
0.0000000000
0.0000000000
0.0000000000
0.0000000000
0.0000000000
0.0000000000
0.0000000000