4999.9041838977
4999.9041838977
4999.9041838977
4999.9041838977
4999.9041838977
4999.9041838977
4999.9041838977
4999.9041838977
4999.9041838977
4999.9041838977
4999.9041838977
4999.9041838977
4999.9041838977
4999.9041838977
4999.9041838977
4999.9041838977
4999.9041838977
4999.9041838977
4999.9041838977
4999.9041838977
4999.9041838977
4999.9041838977
4999.9041838977
4999.9041838977
4999.9041838977
4999.9041838977
4999.9041838977
4999.9041838977
4999.9041838977
4999.9041838977
4999.9041838977
4999.9041838977
4999.9041838977
4999.9041838977
4999.9041838977
4999.9041838977
4999.9041838977
4999.9041838977
4999.9041838977
4999.9041838977
4999.9041838977
4999.9041838974
4999.9041838944
4999.9041838586
4999.9041833288
4999.9041755587
4999.9040652617
4999.9023958998
4999.8739305605
4999.3639939378
4990.4221226815
4841.8967004162
2695.4555456287
189.2050057826
5.0000000000
0.0000000000
0.0000000000
0.0000000000
0.0000000000
0.0000000000
0.0000000000
0.0000000000
0.0000000000
0.0000000000
0.0000000000
0.0000000000
0.0000000000
0.0000000000
0.0000000000
0.0000000000
0.0000000000
0.0000000000
0.0000000000
0.0000000000
0.0000000000
0.0000000000
0.0000000000
0.0000000000
0.0000000000
0.0000000000
0.0000000000
0.0000000000
0.0000000000
0.0000000000
0.0000000000
0.0000000000
0.0000000000
0.0000000000
0.0000000000
0.0000000000
0.0000000000
0.0000000000
0.0000000000
0.0000000000
0.0000000000
0.0000000000
0.0000000000
0.0000000000
0.0000000000
0.0000000000