4999.9536446391
4999.9536446391
4999.9536446391
4999.9536446391
4999.9536446391
4999.9536446391
4999.9536446391
4999.9536446391
4999.9536446391
4999.9536446391
4999.9536446391
4999.9536446391
4999.9536446391
4999.9536446391
4999.9536446391
4999.9536446391
4999.9536446391
4999.9536446391
4999.9536446391
4999.9536446391
4999.9536446391
4999.9536446391
4999.9536446391
4999.9536446391
4999.9536446391
4999.9536446391
4999.9536446391
4999.9536446391
4999.9536446391
4999.9536446391
4999.9536446391
4999.9536446391
4999.9536446391
4999.9536446391
4999.9536446391
4999.9536446391
4999.9536446391
4999.9536446391
4999.9536446391
4999.9536446391
4999.9536446391
4999.9536446390
4999.9536446385
4999.9536446322
4999.9536445396
4999.9536431889
4999.9536236006
4999.9533165126
4999.9480103983
4999.8537154959
4998.2147707192
4969.9711019385
4455.3038423616
1238.0246447172
72.0000000000
0.0000000000
0.0000000000
0.0000000000
0.0000000000
0.0000000000
0.0000000000
0.0000000000
0.0000000000
0.0000000000
0.0000000000
0.0000000000
0.0000000000
0.0000000000
0.0000000000
0.0000000000
0.0000000000
0.0000000000
0.0000000000
0.0000000000
0.0000000000
0.0000000000
0.0000000000
0.0000000000
0.0000000000
0.0000000000
0.0000000000
0.0000000000
0.0000000000
0.0000000000
0.0000000000
0.0000000000
0.0000000000
0.0000000000
0.0000000000
0.0000000000
0.0000000000
0.0000000000
0.0000000000
0.0000000000
0.0000000000
0.0000000000
0.0000000000
0.0000000000
0.0000000000
0.0000000000