4999.9498577965
4999.9498577965
4999.9498577965
4999.9498577965
4999.9498577965
4999.9498577965
4999.9498577965
4999.9498577965
4999.9498577965
4999.9498577965
4999.9498577965
4999.9498577965
4999.9498577965
4999.9498577965
4999.9498577965
4999.9498577965
4999.9498577965
4999.9498577965
4999.9498577965
4999.9498577965
4999.9498577965
4999.9498577965
4999.9498577965
4999.9498577965
4999.9498577965
4999.9498577965
4999.9498577965
4999.9498577965
4999.9498577965
4999.9498577965
4999.9498577965
4999.9498577965
4999.9498577965
4999.9498577965
4999.9498577965
4999.9498577965
4999.9498577965
4999.9498577965
4999.9498577965
4999.9498577965
4999.9498577965
4999.9498577965
4999.9498577965
4999.9498577965
4999.9498577964
4999.9498577951
4999.9498577746
4999.9498574260
4999.9498513264
4999.9497445905
4999.9478898325
4999.9161162620
4999.3977491993
4991.7247680878
4882.8915314674
2455.1753877156
119.2338275492
0.0000000000
0.0000000000
0.0000000000
0.0000000000
0.0000000000
0.0000000000
0.0000000000
0.0000000000
0.0000000000
0.0000000000
0.0000000000
0.0000000000
0.0000000000
0.0000000000
0.0000000000
0.0000000000
0.0000000000
0.0000000000
0.0000000000
0.0000000000
0.0000000000
0.0000000000
0.0000000000
0.0000000000
0.0000000000
0.0000000000
0.0000000000
0.0000000000
0.0000000000
0.0000000000
0.0000000000
0.0000000000
0.0000000000
0.0000000000
0.0000000000
0.0000000000
0.0000000000
0.0000000000
0.0000000000
0.0000000000
0.0000000000
0.0000000000
0.0000000000