4999.8563490757
4999.8563490757
4999.8563490757
4999.8563490757
4999.8563490757
4999.8563490757
4999.8563490757
4999.8563490757
4999.8563490757
4999.8563490757
4999.8563490757
4999.8563490757
4999.8563490757
4999.8563490757
4999.8563490757
4999.8563490757
4999.8563490757
4999.8563490757
4999.8563490757
4999.8563490757
4999.8563490757
4999.8563490757
4999.8563490757
4999.8563490757
4999.8563490757
4999.8563490757
4999.8563490757
4999.8563490757
4999.8563490757
4999.8563490757
4999.8563490757
4999.8563490757
4999.8563490757
4999.8563490757
4999.8563490757
4999.8563490757
4999.8563490757
4999.8563490757
4999.8563490757
4999.8563490757
4999.8563490757
4999.8563490757
4999.8563490757
4999.8563490757
4999.8563490757
4999.8563490757
4999.8563490757
4999.8563490757
4999.8563490757
4999.8563490757
4999.8563490757
4999.8563490754
4999.8563490710
4999.8563489912
4999.8563476701
4999.8563278225
4999.8560542775
4999.8522108992
4999.7859464603
4998.4434679550
4974.6415832749
4691.6724328037
1351.0329689877
51.0000000000
0.0000000000
0.0000000000
0.0000000000
0.0000000000
0.0000000000
0.0000000000
0.0000000000
0.0000000000
0.0000000000
0.0000000000
0.0000000000
0.0000000000
0.0000000000
0.0000000000
0.0000000000
0.0000000000
0.0000000000
0.0000000000
0.0000000000
0.0000000000
0.0000000000
0.0000000000
0.0000000000
0.0000000000
0.0000000000
0.0000000000
0.0000000000
0.0000000000
0.0000000000
0.0000000000
0.0000000000
0.0000000000
0.0000000000
0.0000000000
0.0000000000
0.0000000000