4999.9681456359
4999.9681456359
4999.9681456359
4999.9681456359
4999.9681456359
4999.9681456359
4999.9681456359
4999.9681456359
4999.9681456359
4999.9681456359
4999.9681456359
4999.9681456359
4999.9681456359
4999.9681456359
4999.9681456359
4999.9681456359
4999.9681456359
4999.9681456359
4999.9681456359
4999.9681456359
4999.9681456359
4999.9681456359
4999.9681456359
4999.9681456359
4999.9681456359
4999.9681456359
4999.9681456359
4999.9681456359
4999.9681456359
4999.9681456359
4999.9681456359
4999.9681456359
4999.9681456359
4999.9681456359
4999.9681456359
4999.9681456359
4999.9681456359
4999.9681456359
4999.9681456359
4999.9681456359
4999.9681456359
4999.9681456359
4999.9681456359
4999.9681456359
4999.9681456359
4999.9681456359
4999.9681456359
4999.9681456359
4999.9681456346
4999.9681456132
4999.9681452562
4999.9681393721
4999.9680389417
4999.9661624383
4999.9288874836
4999.2259408351
4987.4069395419
4809.7715102625
3616.3245799335
302.0299564477
2.0000000000
0.0000000000
0.0000000000
0.0000000000
0.0000000000
0.0000000000
0.0000000000
0.0000000000
0.0000000000
0.0000000000
0.0000000000
0.0000000000
0.0000000000
0.0000000000
0.0000000000
0.0000000000
0.0000000000
0.0000000000
0.0000000000
0.0000000000
0.0000000000
0.0000000000
0.0000000000
0.0000000000
0.0000000000
0.0000000000
0.0000000000
0.0000000000
0.0000000000
0.0000000000
0.0000000000
0.0000000000
0.0000000000
0.0000000000
0.0000000000
0.0000000000
0.0000000000
0.0000000000
0.0000000000
0.0000000000