4999.9429793217
4999.9429793217
4999.9429793217
4999.9429793217
4999.9429793217
4999.9429793217
4999.9429793217
4999.9429793217
4999.9429793217
4999.9429793217
4999.9429793217
4999.9429793217
4999.9429793217
4999.9429793217
4999.9429793217
4999.9429793217
4999.9429793217
4999.9429793217
4999.9429793217
4999.9429793217
4999.9429793217
4999.9429793217
4999.9429793217
4999.9429793217
4999.9429793217
4999.9429793217
4999.9429793217
4999.9429793217
4999.9429793217
4999.9429793217
4999.9429793217
4999.9429793217
4999.9429793217
4999.9429793217
4999.9429793217
4999.9429793217
4999.9429793217
4999.9429793217
4999.9429793217
4999.9429793217
4999.9429793217
4999.9429793217
4999.9429793217
4999.9429793217
4999.9429793217
4999.9429793217
4999.9429793217
4999.9429793216
4999.9429793214
4999.9429793175
4999.9429792528
4999.9429781705
4999.9429591270
4999.9425976724
4999.9355823249
4999.8084259010
4997.7561551335
4969.7093959850
4726.5390419113
1894.0067901623
41.0000000000
0.0000000000
0.0000000000
0.0000000000
0.0000000000
0.0000000000
0.0000000000
0.0000000000
0.0000000000
0.0000000000
0.0000000000
0.0000000000
0.0000000000
0.0000000000
0.0000000000
0.0000000000
0.0000000000
0.0000000000
0.0000000000
0.0000000000
0.0000000000
0.0000000000
0.0000000000
0.0000000000
0.0000000000
0.0000000000
0.0000000000
0.0000000000
0.0000000000
0.0000000000
0.0000000000
0.0000000000
0.0000000000
0.0000000000
0.0000000000
0.0000000000
0.0000000000
0.0000000000
0.0000000000
0.0000000000