4999.9977922967
4999.9977922967
4999.9977922967
4999.9977922967
4999.9977922967
4999.9977922967
4999.9977922967
4999.9977922967
4999.9977922967
4999.9977922967
4999.9977922967
4999.9977922967
4999.9977922967
4999.9977922967
4999.9977922967
4999.9977922967
4999.9977922967
4999.9977922967
4999.9977922967
4999.9977922967
4999.9977922967
4999.9977922967
4999.9977922967
4999.9977922967
4999.9977922967
4999.9977922967
4999.9977922967
4999.9977922967
4999.9977922967
4999.9977922967
4999.9977922967
4999.9977922967
4999.9977922967
4999.9977922967
4999.9977922967
4999.9977922967
4999.9977922967
4999.9977922967
4999.9977922967
4999.9977922967
4999.9977922967
4999.9977922967
4999.9977922967
4999.9977922967
4999.9977922967
4999.9977922967
4999.9977922967
4999.9977922967
4999.9977922967
4999.9977922967
4999.9977922967
4999.9977922967
4999.9977922959
4999.9977922816
4999.9977920528
4999.9977886835
4999.9977416253
4999.9970370386
4999.9843746964
4999.7416886012
4995.7625441625
4939.6909420398
3671.6032174832
364.1972594757
3.0000000000
0.0000000000
0.0000000000
0.0000000000
0.0000000000
0.0000000000
0.0000000000
0.0000000000
0.0000000000
0.0000000000
0.0000000000
0.0000000000
0.0000000000
0.0000000000
0.0000000000
0.0000000000
0.0000000000
0.0000000000
0.0000000000
0.0000000000
0.0000000000
0.0000000000
0.0000000000
0.0000000000
0.0000000000
0.0000000000
0.0000000000
0.0000000000
0.0000000000
0.0000000000
0.0000000000
0.0000000000
0.0000000000
0.0000000000
0.0000000000
0.0000000000