0.000000 9715 
0.020000 9739 
0.040002 9778 
0.060002 9833 
0.080005 9874 
0.100001 9948 
0.120003 10015 
0.140006 10078 
0.160001 10172 
0.180002 10237 
0.200001 10310 
0.220000 10392 
0.240001 10471 
0.260003 10562 
0.280000 10665 
0.300002 10756 
0.320005 10843 
0.340001 10970 
0.360000 11103 
0.380000 11225 
0.400000 11342 
0.420004 11471 
0.440003 11598 
0.460000 11740 
0.480000 11878 
0.500001 12007 
0.520001 12177 
0.540001 12308 
0.560000 12444 
0.580001 12562 
0.600001 12679 
0.620001 12812 
0.640000 12927 
0.660001 13035 
0.680000 13159 
0.700001 13259 
0.720000 13360 
0.740000 13480 
0.760000 13594 
0.780000 13708 
0.800003 13824 
0.820001 13955 
0.840000 14062 
0.860001 14178 
0.880001 14307 
0.900002 14427 
0.920001 14553 
0.940002 14667 
0.960002 14799 
0.980000 14931 
1.000002 15047 
1.020000 15169 
1.040000 15287 
1.060000 15410 
1.080002 15538 
1.100000 15656 
1.120002 15793 
1.140002 15932 
1.160000 16053 
1.180001 16200 
1.200003 16369 
1.220000 16534 
1.240001 16681 
1.260000 16816 
1.280002 16988 
1.300001 17139 
1.320000 17291 
1.340001 17428 
1.360001 17590 
1.380000 17737 
1.400001 17904 
1.420001 18075 
1.440001 18225 
1.460001 18370 
1.480000 18501 
1.500001 18683 
1.520002 18850 
1.540000 18993 
1.560001 19144 
1.580001 19311 
1.600000 19482 
1.620001 19678 
1.640000 19831 
1.660003 19996 
1.680001 20187 
1.700000 20359 
1.720001 20556 
1.740000 20738 
1.760001 20949 
1.780001 21134 
1.800000 21334 
1.820000 21530 
1.840003 21695 
1.860000 21877 
1.880001 22024 
1.900002 22216 
1.920001 22400 
1.940000 22613 
1.960001 22823 
1.980001 23029 
2.000001 23245 
