0 0.000030
1 0.000030
2 0.006463
3 1.027090
4 103.405852
5 4129.070347
6 4159.511359
7 4159.714732
8 4159.715892
9 4159.715897
10 4159.715897
11 4159.715897
12 4159.715897
13 4159.715897
14 4159.715897
15 4159.715897
16 4159.715897
17 4159.715897
18 4159.715897
19 4159.715897
20 4159.715897
21 4159.715897
22 4159.715897
23 4159.715897
24 4159.715897
25 4159.715897
26 4159.715897
27 4159.715897
28 4159.715897
29 4159.715897
30 4159.715897
31 4159.715897
32 4159.715897
33 4159.715897
34 4159.715897
35 4159.715897
36 4159.715897
37 4159.715897
38 4159.715897
39 4159.715897
40 4159.715897
41 4159.715897
42 4159.715897
43 4159.715897
44 4159.715897
45 4159.715897
46 4159.715897
47 4159.715897
48 4159.715897
49 4159.715897
50 4159.715897
51 4159.715897
52 4159.715897
53 4159.715897
54 4159.715897
55 4159.715897
56 4159.715897
57 4159.715897
58 4159.715897
59 4159.715897
60 4159.715897
61 4159.715897
62 4159.715897
63 4159.715897
64 4159.715897
65 4159.715897
66 4159.715897
67 4159.715897
68 4159.715897
69 4159.715897
70 4159.715897
71 4159.715897
72 4159.715897
73 4159.715897
74 4159.715897
75 4159.715897
76 4159.715897
77 4159.715897
78 4159.715897
79 4159.715897
80 4159.715897
81 4159.715897
82 4159.715897
83 4159.715897
84 4159.715897
85 4159.715897
86 4159.715897
87 4159.715897
88 4159.715897
89 4159.715897
90 4159.715897
91 4159.715897
92 4159.715897
93 4159.715897
94 4159.715897
95 4159.715897
96 4159.715897
97 4159.715897
98 4159.715897
99 4159.715897
