4977.0000000000
5015.0000000000
4995.0000000000
4989.0000000000
5050.0000000000
4954.0000000000
5065.0000000000
5044.0000000000
5055.0000000000
5028.0000000000
4944.0000000000
5104.0000000000
5037.0000000000
5047.0000000000
4935.0000000000
5013.0000000000
5036.0000000000
4855.0000000000
5018.0000000000
4974.0000000000
4933.0000000000
4987.0000000000
4964.0000000000
4800.0000000000
5123.0000000000
5012.0000000000
4873.0000000000
4950.0000000000
4967.0000000000
5081.0000000000
4915.0000000000
4961.0000000000
4998.0000000000
5020.0000000000
4776.0000000000
3346.0000000000
175.0000000000
0.0000000000
0.0000000000
0.0000000000
0.0000000000
0.0000000000
0.0000000000
0.0000000000
0.0000000000
0.0000000000
0.0000000000
0.0000000000
0.0000000000
0.0000000000
0.0000000000
0.0000000000
0.0000000000
0.0000000000
0.0000000000
0.0000000000
0.0000000000
0.0000000000
0.0000000000
0.0000000000
0.0000000000
0.0000000000
0.0000000000
0.0000000000
0.0000000000
0.0000000000
0.0000000000
0.0000000000
0.0000000000
0.0000000000
0.0000000000
0.0000000000
0.0000000000
0.0000000000
0.0000000000
0.0000000000
0.0000000000
0.0000000000
0.0000000000
0.0000000000
0.0000000000
0.0000000000
0.0000000000
0.0000000000
0.0000000000
0.0000000000
0.0000000000
0.0000000000
0.0000000000
0.0000000000
0.0000000000
0.0000000000
0.0000000000
0.0000000000
0.0000000000
0.0000000000
0.0000000000
0.0000000000
0.0000000000
0.0000000000