5123.0000000000
4923.0000000000
5071.0000000000
5014.0000000000
5176.0000000000
5103.0000000000
5099.0000000000
4991.0000000000
5046.0000000000
4998.0000000000
4986.0000000000
4954.0000000000
5018.0000000000
5089.0000000000
5010.0000000000
4995.0000000000
4927.0000000000
5046.0000000000
4985.0000000000
5032.0000000000
4957.0000000000
4996.0000000000
5029.0000000000
4958.0000000000
5004.0000000000
5059.0000000000
4904.0000000000
5030.0000000000
4945.0000000000
4953.0000000000
4971.0000000000
4967.0000000000
5009.0000000000
4985.0000000000
5009.0000000000
5055.0000000000
5017.0000000000
5056.0000000000
4922.0000000000
4933.0000000000
2779.0000000000
206.0000000000
4.0000000000
0.0000000000
0.0000000000
0.0000000000
0.0000000000
0.0000000000
0.0000000000
0.0000000000
0.0000000000
0.0000000000
0.0000000000
0.0000000000
0.0000000000
0.0000000000
0.0000000000
0.0000000000
0.0000000000
0.0000000000
0.0000000000
0.0000000000
0.0000000000
0.0000000000
0.0000000000
0.0000000000
0.0000000000
0.0000000000
0.0000000000
0.0000000000
0.0000000000
0.0000000000
0.0000000000
0.0000000000
0.0000000000
0.0000000000
0.0000000000
0.0000000000
0.0000000000
0.0000000000
0.0000000000
0.0000000000
0.0000000000
0.0000000000
0.0000000000
0.0000000000
0.0000000000
0.0000000000
0.0000000000
0.0000000000
0.0000000000
0.0000000000
0.0000000000
0.0000000000
0.0000000000
0.0000000000
0.0000000000
0.0000000000
0.0000000000
0.0000000000