5022.0000000000
5098.0000000000
5045.0000000000
4976.0000000000
5052.0000000000
4927.0000000000
5033.0000000000
5018.0000000000
5059.0000000000
5055.0000000000
4948.0000000000
5030.0000000000
4961.0000000000
5037.0000000000
5084.0000000000
4997.0000000000
5071.0000000000
5062.0000000000
4923.0000000000
5052.0000000000
4938.0000000000
4963.0000000000
5073.0000000000
5001.0000000000
4967.0000000000
4943.0000000000
5048.0000000000
5125.0000000000
5040.0000000000
5043.0000000000
5006.0000000000
5105.0000000000
5023.0000000000
5030.0000000000
4875.0000000000
5060.0000000000
5008.0000000000
5032.0000000000
4970.0000000000
4996.0000000000
5028.0000000000
5051.0000000000
5119.0000000000
4948.0000000000
3618.0000000000
245.0000000000
6.0000000000
0.0000000000
0.0000000000
0.0000000000
0.0000000000
0.0000000000
0.0000000000
0.0000000000
0.0000000000
0.0000000000
0.0000000000
0.0000000000
0.0000000000
0.0000000000
0.0000000000
0.0000000000
0.0000000000
0.0000000000
0.0000000000
0.0000000000
0.0000000000
0.0000000000
0.0000000000
0.0000000000
0.0000000000
0.0000000000
0.0000000000
0.0000000000
0.0000000000
0.0000000000
0.0000000000
0.0000000000
0.0000000000
0.0000000000
0.0000000000
0.0000000000
0.0000000000
0.0000000000
0.0000000000
0.0000000000
0.0000000000
0.0000000000
0.0000000000
0.0000000000
0.0000000000
0.0000000000
0.0000000000
0.0000000000
0.0000000000
0.0000000000
0.0000000000
0.0000000000
0.0000000000
0.0000000000