5092.0000000000
5018.0000000000
4994.0000000000
5051.0000000000
5052.0000000000
4980.0000000000
4994.0000000000
4892.0000000000
4961.0000000000
5016.0000000000
4820.0000000000
5000.0000000000
4936.0000000000
5131.0000000000
5038.0000000000
4955.0000000000
4997.0000000000
4997.0000000000
4909.0000000000
4920.0000000000
4974.0000000000
4976.0000000000
5024.0000000000
4863.0000000000
4827.0000000000
5007.0000000000
5085.0000000000
5001.0000000000
4980.0000000000
5032.0000000000
4898.0000000000
5081.0000000000
5055.0000000000
5009.0000000000
4972.0000000000
5062.0000000000
4941.0000000000
4971.0000000000
5072.0000000000
4966.0000000000
5038.0000000000
5047.0000000000
4996.0000000000
4995.0000000000
5046.0000000000
4939.0000000000
5012.0000000000
5017.0000000000
5118.0000000000
4920.0000000000
4957.0000000000
4951.0000000000
4308.0000000000
830.0000000000
15.0000000000
0.0000000000
0.0000000000
0.0000000000
0.0000000000
0.0000000000
0.0000000000
0.0000000000
0.0000000000
0.0000000000
0.0000000000
0.0000000000
0.0000000000
0.0000000000
0.0000000000
0.0000000000
0.0000000000
0.0000000000
0.0000000000
0.0000000000
0.0000000000
0.0000000000
0.0000000000
0.0000000000
0.0000000000
0.0000000000
0.0000000000
0.0000000000
0.0000000000
0.0000000000
0.0000000000
0.0000000000
0.0000000000
0.0000000000
0.0000000000
0.0000000000
0.0000000000
0.0000000000
0.0000000000
0.0000000000
0.0000000000
0.0000000000
0.0000000000
0.0000000000
0.0000000000
0.0000000000