5072.0000000000
4918.0000000000
4921.0000000000
4967.0000000000
5050.0000000000
4959.0000000000
4989.0000000000
5015.0000000000
4998.0000000000
5036.0000000000
4994.0000000000
5008.0000000000
4927.0000000000
5087.0000000000
5010.0000000000
5035.0000000000
4978.0000000000
5018.0000000000
5025.0000000000
4963.0000000000
5010.0000000000
4948.0000000000
5008.0000000000
5113.0000000000
5021.0000000000
5023.0000000000
5042.0000000000
5014.0000000000
5164.0000000000
4845.0000000000
5022.0000000000
4917.0000000000
5147.0000000000
5132.0000000000
5061.0000000000
4972.0000000000
5030.0000000000
5037.0000000000
5078.0000000000
5016.0000000000
5004.0000000000
4970.0000000000
5033.0000000000
5048.0000000000
4925.0000000000
4963.0000000000
5021.0000000000
4946.0000000000
5032.0000000000
4970.0000000000
4259.0000000000
937.0000000000
52.0000000000
0.0000000000
0.0000000000
0.0000000000
0.0000000000
0.0000000000
0.0000000000
0.0000000000
0.0000000000
0.0000000000
0.0000000000
0.0000000000
0.0000000000
0.0000000000
0.0000000000
0.0000000000
0.0000000000
0.0000000000
0.0000000000
0.0000000000
0.0000000000
0.0000000000
0.0000000000
0.0000000000
0.0000000000
0.0000000000
0.0000000000
0.0000000000
0.0000000000
0.0000000000
0.0000000000
0.0000000000
0.0000000000
0.0000000000
0.0000000000
0.0000000000
0.0000000000
0.0000000000
0.0000000000
0.0000000000
0.0000000000
0.0000000000
0.0000000000
0.0000000000
0.0000000000
0.0000000000
0.0000000000
0.0000000000