5000.0644707175
5000.0644707175
5000.0644707175
5000.0644707175
5000.0644707175
5000.0644707175
5000.0644707175
5000.0644707175
5000.0644707175
5000.0644707175
5000.0644707175
5000.0644707175
5000.0644707175
5000.0644707175
5000.0644707175
5000.0644707174
5000.0644707155
5000.0644706857
5000.0644701969
5000.0644621717
5000.0643364184
5000.0624951005
5000.0358215841
4999.5915877391
4991.2895399044
4851.8266221843
2654.7099815670
197.1742363457
2.0000000000
0.0000000000
0.0000000000
0.0000000000
0.0000000000
0.0000000000
0.0000000000
0.0000000000
0.0000000000
0.0000000000
0.0000000000
0.0000000000
0.0000000000
0.0000000000
0.0000000000
0.0000000000
0.0000000000
0.0000000000
0.0000000000
0.0000000000
0.0000000000
0.0000000000
0.0000000000
0.0000000000
0.0000000000
0.0000000000
0.0000000000
0.0000000000
0.0000000000
0.0000000000
0.0000000000
0.0000000000
0.0000000000
0.0000000000
0.0000000000
0.0000000000
0.0000000000
0.0000000000
0.0000000000
0.0000000000
0.0000000000
0.0000000000
0.0000000000
0.0000000000
0.0000000000
0.0000000000
0.0000000000
0.0000000000
0.0000000000
0.0000000000
0.0000000000
0.0000000000
0.0000000000
0.0000000000
0.0000000000
0.0000000000
0.0000000000
0.0000000000
0.0000000000
0.0000000000
0.0000000000
0.0000000000
0.0000000000
0.0000000000
0.0000000000
0.0000000000
0.0000000000
0.0000000000
0.0000000000
0.0000000000
0.0000000000
0.0000000000