5000.0270679163
5000.0270679163
5000.0270679163
5000.0270679163
5000.0270679163
5000.0270679163
5000.0270679163
5000.0270679163
5000.0270679163
5000.0270679163
5000.0270679163
5000.0270679163
5000.0270679163
5000.0270679163
5000.0270679163
5000.0270679163
5000.0270679163
5000.0270679163
5000.0270679163
5000.0270679163
5000.0270679163
5000.0270679163
5000.0270679163
5000.0270679163
5000.0270679163
5000.0270679163
5000.0270679163
5000.0270679163
5000.0270679162
5000.0270679159
5000.0270679111
5000.0270678418
5000.0270666932
5000.0270477536
5000.0267604130
5000.0226829505
4999.9642413105
4999.0780371052
4984.3482813272
4678.2822485558
1717.0062918250
41.0000000000
18.0000000000
0.0000000000
0.0000000000
0.0000000000
0.0000000000
0.0000000000
0.0000000000
0.0000000000
0.0000000000
0.0000000000
0.0000000000
0.0000000000
0.0000000000
0.0000000000
0.0000000000
0.0000000000
0.0000000000
0.0000000000
0.0000000000
0.0000000000
0.0000000000
0.0000000000
0.0000000000
0.0000000000
0.0000000000
0.0000000000
0.0000000000
0.0000000000
0.0000000000
0.0000000000
0.0000000000
0.0000000000
0.0000000000
0.0000000000
0.0000000000
0.0000000000
0.0000000000
0.0000000000
0.0000000000
0.0000000000
0.0000000000
0.0000000000
0.0000000000
0.0000000000
0.0000000000
0.0000000000
0.0000000000
0.0000000000
0.0000000000
0.0000000000
0.0000000000
0.0000000000
0.0000000000
0.0000000000
0.0000000000
0.0000000000
0.0000000000
0.0000000000