5000.0879468307
5000.0879468307
5000.0879468307
5000.0879468307
5000.0879468307
5000.0879468307
5000.0879468307
5000.0879468307
5000.0879468307
5000.0879468307
5000.0879468307
5000.0879468307
5000.0879468307
5000.0879468307
5000.0879468307
5000.0879468307
5000.0879468307
5000.0879468307
5000.0879468307
5000.0879468307
5000.0879468307
5000.0879468307
5000.0879468307
5000.0879468307
5000.0879468307
5000.0879468307
5000.0879468307
5000.0879468307
5000.0879468307
5000.0879468307
5000.0879468307
5000.0879468307
5000.0879468307
5000.0879468307
5000.0879468307
5000.0879468307
5000.0879468307
5000.0879468304
5000.0879468264
5000.0879467767
5000.0879462757
5000.0879418633
5000.0878905322
5000.0870373481
5000.0737251053
4999.8902232760
4997.9061176721
4984.5440311027
4834.8008819142
2867.3587777548
444.0301566045
8.0000000000
0.0000000000
0.0000000000
0.0000000000
0.0000000000
0.0000000000
0.0000000000
0.0000000000
0.0000000000
0.0000000000
0.0000000000
0.0000000000
0.0000000000
0.0000000000
0.0000000000
0.0000000000
0.0000000000
0.0000000000
0.0000000000
0.0000000000
0.0000000000
0.0000000000
0.0000000000
0.0000000000
0.0000000000
0.0000000000
0.0000000000
0.0000000000
0.0000000000
0.0000000000
0.0000000000
0.0000000000
0.0000000000
0.0000000000
0.0000000000
0.0000000000
0.0000000000
0.0000000000
0.0000000000
0.0000000000
0.0000000000
0.0000000000
0.0000000000
0.0000000000
0.0000000000
0.0000000000
0.0000000000
0.0000000000
0.0000000000