5000.0127118693
5000.0127118693
5000.0127118693
5000.0127118693
5000.0127118693
5000.0127118693
5000.0127118693
5000.0127118693
5000.0127118693
5000.0127118693
5000.0127118693
5000.0127118693
5000.0127118693
5000.0127118693
5000.0127118693
5000.0127118693
5000.0127118693
5000.0127118693
5000.0127118693
5000.0127118693
5000.0127118693
5000.0127118693
5000.0127118693
5000.0127118693
5000.0127118693
5000.0127118693
5000.0127118693
5000.0127118693
5000.0127118693
5000.0127118693
5000.0127118693
5000.0127118693
5000.0127118693
5000.0127118693
5000.0127118693
5000.0127118693
5000.0127118693
5000.0127118693
5000.0127118693
5000.0127118693
5000.0127118693
5000.0127118692
5000.0127118676
5000.0127118460
5000.0127115797
5000.0127087269
5000.0126805720
5000.0123662140
5000.0080596686
4999.9477545765
4999.0204960167
4981.5177009207
4640.6577465003
1617.0048263877
32.0000000000
0.0000000000
0.0000000000
0.0000000000
0.0000000000
0.0000000000
0.0000000000
0.0000000000
0.0000000000
0.0000000000
0.0000000000
0.0000000000
0.0000000000
0.0000000000
0.0000000000
0.0000000000
0.0000000000
0.0000000000
0.0000000000
0.0000000000
0.0000000000
0.0000000000
0.0000000000
0.0000000000
0.0000000000
0.0000000000
0.0000000000
0.0000000000
0.0000000000
0.0000000000
0.0000000000
0.0000000000
0.0000000000
0.0000000000
0.0000000000
0.0000000000
0.0000000000
0.0000000000
0.0000000000
0.0000000000
0.0000000000
0.0000000000
0.0000000000
0.0000000000
0.0000000000
0.0000000000