5000.0325302920
5000.0325302920
5000.0325302920
5000.0325302920
5000.0325302920
5000.0325302920
5000.0325302920
5000.0325302920
5000.0325302920
5000.0325302920
5000.0325302920
5000.0325302920
5000.0325302920
5000.0325302920
5000.0325302920
5000.0325302920
5000.0325302920
5000.0325302920
5000.0325302920
5000.0325302920
5000.0325302920
5000.0325302920
5000.0325302920
5000.0325302920
5000.0325302920
5000.0325302920
5000.0325302920
5000.0325302920
5000.0325302920
5000.0325302920
5000.0325302920
5000.0325302920
5000.0325302920
5000.0325302920
5000.0325302920
5000.0325302920
5000.0325302920
5000.0325302920
5000.0325302920
5000.0325302920
5000.0325302920
5000.0325302920
5000.0325302920
5000.0325302920
5000.0325302920
5000.0325302920
5000.0325302919
5000.0325302904
5000.0325302658
5000.0325298344
5000.0325218533
5000.0323690997
5000.0292707685
4999.9602372790
4998.3793787128
4969.7931248161
4764.9601505087
2232.0080344456
149.0000000000
3.0000000000
0.0000000000
0.0000000000
0.0000000000
0.0000000000
0.0000000000
0.0000000000
0.0000000000
0.0000000000
0.0000000000
0.0000000000
0.0000000000
0.0000000000
0.0000000000
0.0000000000
0.0000000000
0.0000000000
0.0000000000
0.0000000000
0.0000000000
0.0000000000
0.0000000000
0.0000000000
0.0000000000
0.0000000000
0.0000000000
0.0000000000
0.0000000000
0.0000000000
0.0000000000
0.0000000000
0.0000000000
0.0000000000
0.0000000000
0.0000000000
0.0000000000
0.0000000000
0.0000000000
0.0000000000
0.0000000000
0.0000000000