0 0.003051
1 0.003051
2 0.003051
3 0.003051
4 0.003076
5 0.022885
6 0.023086
7 0.023087
8 0.023087
9 0.023087
10 0.023087
11 0.023087
12 0.023087
13 0.023087
14 0.023087
15 0.023087
16 0.023087
17 0.023087
18 0.023087
19 0.023087
20 0.023087
21 0.023087
22 0.023087
23 0.023087
24 0.023087
25 0.023087
26 0.023087
27 0.023087
28 0.023087
29 0.023087
30 0.023087
31 0.023087
32 0.023087
33 0.023087
34 0.023087
35 0.023087
36 0.023087
37 0.023087
38 0.023087
39 0.023087
40 0.023087
41 0.023087
42 0.023087
43 0.023087
44 0.023087
45 0.023087
46 0.023087
47 0.023087
48 0.023087
49 0.023087
50 0.023087
51 0.023087
52 0.023087
53 0.023087
54 0.023087
55 0.023087
56 0.023087
57 0.023087
58 0.023087
59 0.023087
60 0.023087
61 0.023087
62 0.023087
63 0.023087
64 0.023087
65 0.023087
66 0.023087
67 0.023087
68 0.023087
69 0.023087
70 0.023087
71 0.023087
72 0.023087
73 0.023087
74 0.023087
75 0.023087
76 0.023087
77 0.023087
78 0.023087
79 0.023087
80 0.023087
81 0.023087
82 0.023087
83 0.023087
84 0.023087
85 0.023087
86 0.023087
87 0.023087
88 0.023087
89 0.023087
90 0.023087
91 0.023087
92 0.023087
93 0.023087
94 0.023087
95 0.023087
96 0.023087
97 0.023087
98 0.023087
99 0.023087
