0 0.018827
1 0.018827
2 0.018827
3 0.018827
4 0.018856
5 0.022924
6 0.022959
7 0.022959
8 0.022959
9 0.022959
10 0.022959
11 0.022959
12 0.022959
13 0.022959
14 0.022959
15 0.022959
16 0.022959
17 0.022959
18 0.022959
19 0.022959
20 0.022959
21 0.022959
22 0.022959
23 0.022959
24 0.022959
25 0.022959
26 0.022959
27 0.022959
28 0.022959
29 0.022959
30 0.022959
31 0.022959
32 0.022959
33 0.022959
34 0.022959
35 0.022959
36 0.022959
37 0.022959
38 0.022959
39 0.022959
40 0.022959
41 0.022959
42 0.022959
43 0.022959
44 0.022959
45 0.022959
46 0.022959
47 0.022959
48 0.022959
49 0.022959
50 0.022959
51 0.022959
52 0.022959
53 0.022959
54 0.022959
55 0.022959
56 0.022959
57 0.022959
58 0.022959
59 0.022959
60 0.022959
61 0.022959
62 0.022959
63 0.022959
64 0.022959
65 0.022959
66 0.022959
67 0.022959
68 0.022959
69 0.022959
70 0.022959
71 0.022959
72 0.022959
73 0.022959
74 0.022959
75 0.022959
76 0.022959
77 0.022959
78 0.022959
79 0.022959
80 0.022959
81 0.022959
82 0.022959
83 0.022959
84 0.022959
85 0.022959
86 0.022959
87 0.022959
88 0.022959
89 0.022959
90 0.022959
91 0.022959
92 0.022959
93 0.022959
94 0.022959
95 0.022959
96 0.022959
97 0.022959
98 0.022959
99 0.022959
