0 0.002490
1 0.002490
2 0.002490
3 0.002490
4 0.002510
5 0.022869
6 0.023097
7 0.023099
8 0.023099
9 0.023099
10 0.023099
11 0.023099
12 0.023099
13 0.023099
14 0.023099
15 0.023099
16 0.023099
17 0.023099
18 0.023099
19 0.023099
20 0.023099
21 0.023099
22 0.023099
23 0.023099
24 0.023099
25 0.023099
26 0.023099
27 0.023099
28 0.023099
29 0.023099
30 0.023099
31 0.023099
32 0.023099
33 0.023099
34 0.023099
35 0.023099
36 0.023099
37 0.023099
38 0.023099
39 0.023099
40 0.023099
41 0.023099
42 0.023099
43 0.023099
44 0.023099
45 0.023099
46 0.023099
47 0.023099
48 0.023099
49 0.023099
50 0.023099
51 0.023099
52 0.023099
53 0.023099
54 0.023099
55 0.023099
56 0.023099
57 0.023099
58 0.023099
59 0.023099
60 0.023099
61 0.023099
62 0.023099
63 0.023099
64 0.023099
65 0.023099
66 0.023099
67 0.023099
68 0.023099
69 0.023099
70 0.023099
71 0.023099
72 0.023099
73 0.023099
74 0.023099
75 0.023099
76 0.023099
77 0.023099
78 0.023099
79 0.023099
80 0.023099
81 0.023099
82 0.023099
83 0.023099
84 0.023099
85 0.023099
86 0.023099
87 0.023099
88 0.023099
89 0.023099
90 0.023099
91 0.023099
92 0.023099
93 0.023099
94 0.023099
95 0.023099
96 0.023099
97 0.023099
98 0.023099
99 0.023099
