0 0.002031
1 0.002031
2 0.002031
3 0.002031
4 0.002049
5 0.022844
6 0.023108
7 0.023110
8 0.023110
9 0.023110
10 0.023110
11 0.023110
12 0.023110
13 0.023110
14 0.023110
15 0.023110
16 0.023110
17 0.023110
18 0.023110
19 0.023110
20 0.023110
21 0.023110
22 0.023110
23 0.023110
24 0.023110
25 0.023110
26 0.023110
27 0.023110
28 0.023110
29 0.023110
30 0.023110
31 0.023110
32 0.023110
33 0.023110
34 0.023110
35 0.023110
36 0.023110
37 0.023110
38 0.023110
39 0.023110
40 0.023110
41 0.023110
42 0.023110
43 0.023110
44 0.023110
45 0.023110
46 0.023110
47 0.023110
48 0.023110
49 0.023110
50 0.023110
51 0.023110
52 0.023110
53 0.023110
54 0.023110
55 0.023110
56 0.023110
57 0.023110
58 0.023110
59 0.023110
60 0.023110
61 0.023110
62 0.023110
63 0.023110
64 0.023110
65 0.023110
66 0.023110
67 0.023110
68 0.023110
69 0.023110
70 0.023110
71 0.023110
72 0.023110
73 0.023110
74 0.023110
75 0.023110
76 0.023110
77 0.023110
78 0.023110
79 0.023110
80 0.023110
81 0.023110
82 0.023110
83 0.023110
84 0.023110
85 0.023110
86 0.023110
87 0.023110
88 0.023110
89 0.023110
90 0.023110
91 0.023110
92 0.023110
93 0.023110
94 0.023110
95 0.023110
96 0.023110
97 0.023110
98 0.023110
99 0.023110
