0 0.000078
1 0.000078
2 0.000078
3 0.000078
4 0.000078
5 0.016049
6 0.023180
7 0.023242
8 0.023242
9 0.023242
10 0.023242
11 0.023242
12 0.023242
13 0.023242
14 0.023242
15 0.023242
16 0.023242
17 0.023242
18 0.023242
19 0.023242
20 0.023242
21 0.023242
22 0.023242
23 0.023242
24 0.023242
25 0.023242
26 0.023242
27 0.023242
28 0.023242
29 0.023242
30 0.023242
31 0.023242
32 0.023242
33 0.023242
34 0.023242
35 0.023242
36 0.023242
37 0.023242
38 0.023242
39 0.023242
40 0.023242
41 0.023242
42 0.023242
43 0.023242
44 0.023242
45 0.023242
46 0.023242
47 0.023242
48 0.023242
49 0.023242
50 0.023242
51 0.023242
52 0.023242
53 0.023242
54 0.023242
55 0.023242
56 0.023242
57 0.023242
58 0.023242
59 0.023242
60 0.023242
61 0.023242
62 0.023242
63 0.023242
64 0.023242
65 0.023242
66 0.023242
67 0.023242
68 0.023242
69 0.023242
70 0.023242
71 0.023242
72 0.023242
73 0.023242
74 0.023242
75 0.023242
76 0.023242
77 0.023242
78 0.023242
79 0.023242
80 0.023242
81 0.023242
82 0.023242
83 0.023242
84 0.023242
85 0.023242
86 0.023242
87 0.023242
88 0.023242
89 0.023242
90 0.023242
91 0.023242
92 0.023242
93 0.023242
94 0.023242
95 0.023242
96 0.023242
97 0.023242
98 0.023242
99 0.023242
