0 0.000176
1 0.000176
2 0.000176
3 0.000176
4 0.000178
5 0.020088
6 0.023189
7 0.023215
8 0.023215
9 0.023215
10 0.023215
11 0.023215
12 0.023215
13 0.023215
14 0.023215
15 0.023215
16 0.023215
17 0.023215
18 0.023215
19 0.023215
20 0.023215
21 0.023215
22 0.023215
23 0.023215
24 0.023215
25 0.023215
26 0.023215
27 0.023215
28 0.023215
29 0.023215
30 0.023215
31 0.023215
32 0.023215
33 0.023215
34 0.023215
35 0.023215
36 0.023215
37 0.023215
38 0.023215
39 0.023215
40 0.023215
41 0.023215
42 0.023215
43 0.023215
44 0.023215
45 0.023215
46 0.023215
47 0.023215
48 0.023215
49 0.023215
50 0.023215
51 0.023215
52 0.023215
53 0.023215
54 0.023215
55 0.023215
56 0.023215
57 0.023215
58 0.023215
59 0.023215
60 0.023215
61 0.023215
62 0.023215
63 0.023215
64 0.023215
65 0.023215
66 0.023215
67 0.023215
68 0.023215
69 0.023215
70 0.023215
71 0.023215
72 0.023215
73 0.023215
74 0.023215
75 0.023215
76 0.023215
77 0.023215
78 0.023215
79 0.023215
80 0.023215
81 0.023215
82 0.023215
83 0.023215
84 0.023215
85 0.023215
86 0.023215
87 0.023215
88 0.023215
89 0.023215
90 0.023215
91 0.023215
92 0.023215
93 0.023215
94 0.023215
95 0.023215
96 0.023215
97 0.023215
98 0.023215
99 0.023215
