0 0.000216
1 0.000216
2 0.000216
3 0.000216
4 0.000218
5 0.020751
6 0.023188
7 0.023208
8 0.023208
9 0.023208
10 0.023208
11 0.023208
12 0.023208
13 0.023208
14 0.023208
15 0.023208
16 0.023208
17 0.023208
18 0.023208
19 0.023208
20 0.023208
21 0.023208
22 0.023208
23 0.023208
24 0.023208
25 0.023208
26 0.023208
27 0.023208
28 0.023208
29 0.023208
30 0.023208
31 0.023208
32 0.023208
33 0.023208
34 0.023208
35 0.023208
36 0.023208
37 0.023208
38 0.023208
39 0.023208
40 0.023208
41 0.023208
42 0.023208
43 0.023208
44 0.023208
45 0.023208
46 0.023208
47 0.023208
48 0.023208
49 0.023208
50 0.023208
51 0.023208
52 0.023208
53 0.023208
54 0.023208
55 0.023208
56 0.023208
57 0.023208
58 0.023208
59 0.023208
60 0.023208
61 0.023208
62 0.023208
63 0.023208
64 0.023208
65 0.023208
66 0.023208
67 0.023208
68 0.023208
69 0.023208
70 0.023208
71 0.023208
72 0.023208
73 0.023208
74 0.023208
75 0.023208
76 0.023208
77 0.023208
78 0.023208
79 0.023208
80 0.023208
81 0.023208
82 0.023208
83 0.023208
84 0.023208
85 0.023208
86 0.023208
87 0.023208
88 0.023208
89 0.023208
90 0.023208
91 0.023208
92 0.023208
93 0.023208
94 0.023208
95 0.023208
96 0.023208
97 0.023208
98 0.023208
99 0.023208
