0 0.000064
1 0.000064
2 0.000064
3 0.000064
4 0.000064
5 0.014731
6 0.023174
7 0.023248
8 0.023248
9 0.023248
10 0.023248
11 0.023248
12 0.023248
13 0.023248
14 0.023248
15 0.023248
16 0.023248
17 0.023248
18 0.023248
19 0.023248
20 0.023248
21 0.023248
22 0.023248
23 0.023248
24 0.023248
25 0.023248
26 0.023248
27 0.023248
28 0.023248
29 0.023248
30 0.023248
31 0.023248
32 0.023248
33 0.023248
34 0.023248
35 0.023248
36 0.023248
37 0.023248
38 0.023248
39 0.023248
40 0.023248
41 0.023248
42 0.023248
43 0.023248
44 0.023248
45 0.023248
46 0.023248
47 0.023248
48 0.023248
49 0.023248
50 0.023248
51 0.023248
52 0.023248
53 0.023248
54 0.023248
55 0.023248
56 0.023248
57 0.023248
58 0.023248
59 0.023248
60 0.023248
61 0.023248
62 0.023248
63 0.023248
64 0.023248
65 0.023248
66 0.023248
67 0.023248
68 0.023248
69 0.023248
70 0.023248
71 0.023248
72 0.023248
73 0.023248
74 0.023248
75 0.023248
76 0.023248
77 0.023248
78 0.023248
79 0.023248
80 0.023248
81 0.023248
82 0.023248
83 0.023248
84 0.023248
85 0.023248
86 0.023248
87 0.023248
88 0.023248
89 0.023248
90 0.023248
91 0.023248
92 0.023248
93 0.023248
94 0.023248
95 0.023248
96 0.023248
97 0.023248
98 0.023248
99 0.023248
