0 0.000117
1 0.000117
2 0.000117
3 0.000117
4 0.000118
5 0.018345
6 0.023188
7 0.023229
8 0.023229
9 0.023229
10 0.023229
11 0.023229
12 0.023229
13 0.023229
14 0.023229
15 0.023229
16 0.023229
17 0.023229
18 0.023229
19 0.023229
20 0.023229
21 0.023229
22 0.023229
23 0.023229
24 0.023229
25 0.023229
26 0.023229
27 0.023229
28 0.023229
29 0.023229
30 0.023229
31 0.023229
32 0.023229
33 0.023229
34 0.023229
35 0.023229
36 0.023229
37 0.023229
38 0.023229
39 0.023229
40 0.023229
41 0.023229
42 0.023229
43 0.023229
44 0.023229
45 0.023229
46 0.023229
47 0.023229
48 0.023229
49 0.023229
50 0.023229
51 0.023229
52 0.023229
53 0.023229
54 0.023229
55 0.023229
56 0.023229
57 0.023229
58 0.023229
59 0.023229
60 0.023229
61 0.023229
62 0.023229
63 0.023229
64 0.023229
65 0.023229
66 0.023229
67 0.023229
68 0.023229
69 0.023229
70 0.023229
71 0.023229
72 0.023229
73 0.023229
74 0.023229
75 0.023229
76 0.023229
77 0.023229
78 0.023229
79 0.023229
80 0.023229
81 0.023229
82 0.023229
83 0.023229
84 0.023229
85 0.023229
86 0.023229
87 0.023229
88 0.023229
89 0.023229
90 0.023229
91 0.023229
92 0.023229
93 0.023229
94 0.023229
95 0.023229
96 0.023229
97 0.023229
98 0.023229
99 0.023229
