0 0.000010
1 0.000010
2 0.000010
3 0.000010
4 0.000010
5 0.003828
6 0.023049
7 0.023294
8 0.023296
9 0.023296
10 0.023296
11 0.023296
12 0.023296
13 0.023296
14 0.023296
15 0.023296
16 0.023296
17 0.023296
18 0.023296
19 0.023296
20 0.023296
21 0.023296
22 0.023296
23 0.023296
24 0.023296
25 0.023296
26 0.023296
27 0.023296
28 0.023296
29 0.023296
30 0.023296
31 0.023296
32 0.023296
33 0.023296
34 0.023296
35 0.023296
36 0.023296
37 0.023296
38 0.023296
39 0.023296
40 0.023296
41 0.023296
42 0.023296
43 0.023296
44 0.023296
45 0.023296
46 0.023296
47 0.023296
48 0.023296
49 0.023296
50 0.023296
51 0.023296
52 0.023296
53 0.023296
54 0.023296
55 0.023296
56 0.023296
57 0.023296
58 0.023296
59 0.023296
60 0.023296
61 0.023296
62 0.023296
63 0.023296
64 0.023296
65 0.023296
66 0.023296
67 0.023296
68 0.023296
69 0.023296
70 0.023296
71 0.023296
72 0.023296
73 0.023296
74 0.023296
75 0.023296
76 0.023296
77 0.023296
78 0.023296
79 0.023296
80 0.023296
81 0.023296
82 0.023296
83 0.023296
84 0.023296
85 0.023296
86 0.023296
87 0.023296
88 0.023296
89 0.023296
90 0.023296
91 0.023296
92 0.023296
93 0.023296
94 0.023296
95 0.023296
96 0.023296
97 0.023296
98 0.023296
99 0.023296
