0 0.000042
1 0.000042
2 0.000042
3 0.000042
4 0.000043
5 0.011911
6 0.023158
7 0.023259
8 0.023260
9 0.023260
10 0.023260
11 0.023260
12 0.023260
13 0.023260
14 0.023260
15 0.023260
16 0.023260
17 0.023260
18 0.023260
19 0.023260
20 0.023260
21 0.023260
22 0.023260
23 0.023260
24 0.023260
25 0.023260
26 0.023260
27 0.023260
28 0.023260
29 0.023260
30 0.023260
31 0.023260
32 0.023260
33 0.023260
34 0.023260
35 0.023260
36 0.023260
37 0.023260
38 0.023260
39 0.023260
40 0.023260
41 0.023260
42 0.023260
43 0.023260
44 0.023260
45 0.023260
46 0.023260
47 0.023260
48 0.023260
49 0.023260
50 0.023260
51 0.023260
52 0.023260
53 0.023260
54 0.023260
55 0.023260
56 0.023260
57 0.023260
58 0.023260
59 0.023260
60 0.023260
61 0.023260
62 0.023260
63 0.023260
64 0.023260
65 0.023260
66 0.023260
67 0.023260
68 0.023260
69 0.023260
70 0.023260
71 0.023260
72 0.023260
73 0.023260
74 0.023260
75 0.023260
76 0.023260
77 0.023260
78 0.023260
79 0.023260
80 0.023260
81 0.023260
82 0.023260
83 0.023260
84 0.023260
85 0.023260
86 0.023260
87 0.023260
88 0.023260
89 0.023260
90 0.023260
91 0.023260
92 0.023260
93 0.023260
94 0.023260
95 0.023260
96 0.023260
97 0.023260
98 0.023260
99 0.023260
