0 0.000052
1 0.000052
2 0.000052
3 0.000052
4 0.000052
5 0.013339
6 0.023166
7 0.023254
8 0.023254
9 0.023254
10 0.023254
11 0.023254
12 0.023254
13 0.023254
14 0.023254
15 0.023254
16 0.023254
17 0.023254
18 0.023254
19 0.023254
20 0.023254
21 0.023254
22 0.023254
23 0.023254
24 0.023254
25 0.023254
26 0.023254
27 0.023254
28 0.023254
29 0.023254
30 0.023254
31 0.023254
32 0.023254
33 0.023254
34 0.023254
35 0.023254
36 0.023254
37 0.023254
38 0.023254
39 0.023254
40 0.023254
41 0.023254
42 0.023254
43 0.023254
44 0.023254
45 0.023254
46 0.023254
47 0.023254
48 0.023254
49 0.023254
50 0.023254
51 0.023254
52 0.023254
53 0.023254
54 0.023254
55 0.023254
56 0.023254
57 0.023254
58 0.023254
59 0.023254
60 0.023254
61 0.023254
62 0.023254
63 0.023254
64 0.023254
65 0.023254
66 0.023254
67 0.023254
68 0.023254
69 0.023254
70 0.023254
71 0.023254
72 0.023254
73 0.023254
74 0.023254
75 0.023254
76 0.023254
77 0.023254
78 0.023254
79 0.023254
80 0.023254
81 0.023254
82 0.023254
83 0.023254
84 0.023254
85 0.023254
86 0.023254
87 0.023254
88 0.023254
89 0.023254
90 0.023254
91 0.023254
92 0.023254
93 0.023254
94 0.023254
95 0.023254
96 0.023254
97 0.023254
98 0.023254
99 0.023254
