0 0.000023
1 0.000023
2 0.000023
3 0.000023
4 0.000023
5 0.007821
6 0.023124
7 0.023275
8 0.023277
9 0.023277
10 0.023277
11 0.023277
12 0.023277
13 0.023277
14 0.023277
15 0.023277
16 0.023277
17 0.023277
18 0.023277
19 0.023277
20 0.023277
21 0.023277
22 0.023277
23 0.023277
24 0.023277
25 0.023277
26 0.023277
27 0.023277
28 0.023277
29 0.023277
30 0.023277
31 0.023277
32 0.023277
33 0.023277
34 0.023277
35 0.023277
36 0.023277
37 0.023277
38 0.023277
39 0.023277
40 0.023277
41 0.023277
42 0.023277
43 0.023277
44 0.023277
45 0.023277
46 0.023277
47 0.023277
48 0.023277
49 0.023277
50 0.023277
51 0.023277
52 0.023277
53 0.023277
54 0.023277
55 0.023277
56 0.023277
57 0.023277
58 0.023277
59 0.023277
60 0.023277
61 0.023277
62 0.023277
63 0.023277
64 0.023277
65 0.023277
66 0.023277
67 0.023277
68 0.023277
69 0.023277
70 0.023277
71 0.023277
72 0.023277
73 0.023277
74 0.023277
75 0.023277
76 0.023277
77 0.023277
78 0.023277
79 0.023277
80 0.023277
81 0.023277
82 0.023277
83 0.023277
84 0.023277
85 0.023277
86 0.023277
87 0.023277
88 0.023277
89 0.023277
90 0.023277
91 0.023277
92 0.023277
93 0.023277
94 0.023277
95 0.023277
96 0.023277
97 0.023277
98 0.023277
99 0.023277
