0 0.000034
1 0.000034
2 0.000034
3 0.000034
4 0.000035
5 0.010489
6 0.023148
7 0.023265
8 0.023266
9 0.023266
10 0.023266
11 0.023266
12 0.023266
13 0.023266
14 0.023266
15 0.023266
16 0.023266
17 0.023266
18 0.023266
19 0.023266
20 0.023266
21 0.023266
22 0.023266
23 0.023266
24 0.023266
25 0.023266
26 0.023266
27 0.023266
28 0.023266
29 0.023266
30 0.023266
31 0.023266
32 0.023266
33 0.023266
34 0.023266
35 0.023266
36 0.023266
37 0.023266
38 0.023266
39 0.023266
40 0.023266
41 0.023266
42 0.023266
43 0.023266
44 0.023266
45 0.023266
46 0.023266
47 0.023266
48 0.023266
49 0.023266
50 0.023266
51 0.023266
52 0.023266
53 0.023266
54 0.023266
55 0.023266
56 0.023266
57 0.023266
58 0.023266
59 0.023266
60 0.023266
61 0.023266
62 0.023266
63 0.023266
64 0.023266
65 0.023266
66 0.023266
67 0.023266
68 0.023266
69 0.023266
70 0.023266
71 0.023266
72 0.023266
73 0.023266
74 0.023266
75 0.023266
76 0.023266
77 0.023266
78 0.023266
79 0.023266
80 0.023266
81 0.023266
82 0.023266
83 0.023266
84 0.023266
85 0.023266
86 0.023266
87 0.023266
88 0.023266
89 0.023266
90 0.023266
91 0.023266
92 0.023266
93 0.023266
94 0.023266
95 0.023266
96 0.023266
97 0.023266
98 0.023266
99 0.023266
