0 0.000028
1 0.000028
2 0.000028
3 0.000028
4 0.000028
5 0.009115
6 0.023137
7 0.023270
8 0.023271
9 0.023271
10 0.023271
11 0.023271
12 0.023271
13 0.023271
14 0.023271
15 0.023271
16 0.023271
17 0.023271
18 0.023271
19 0.023271
20 0.023271
21 0.023271
22 0.023271
23 0.023271
24 0.023271
25 0.023271
26 0.023271
27 0.023271
28 0.023271
29 0.023271
30 0.023271
31 0.023271
32 0.023271
33 0.023271
34 0.023271
35 0.023271
36 0.023271
37 0.023271
38 0.023271
39 0.023271
40 0.023271
41 0.023271
42 0.023271
43 0.023271
44 0.023271
45 0.023271
46 0.023271
47 0.023271
48 0.023271
49 0.023271
50 0.023271
51 0.023271
52 0.023271
53 0.023271
54 0.023271
55 0.023271
56 0.023271
57 0.023271
58 0.023271
59 0.023271
60 0.023271
61 0.023271
62 0.023271
63 0.023271
64 0.023271
65 0.023271
66 0.023271
67 0.023271
68 0.023271
69 0.023271
70 0.023271
71 0.023271
72 0.023271
73 0.023271
74 0.023271
75 0.023271
76 0.023271
77 0.023271
78 0.023271
79 0.023271
80 0.023271
81 0.023271
82 0.023271
83 0.023271
84 0.023271
85 0.023271
86 0.023271
87 0.023271
88 0.023271
89 0.023271
90 0.023271
91 0.023271
92 0.023271
93 0.023271
94 0.023271
95 0.023271
96 0.023271
97 0.023271
98 0.023271
99 0.023271
