0 0.000005
1 0.000005
2 0.000005
3 0.000005
4 0.000006
5 0.002082
6 0.022928
7 0.023307
8 0.023310
9 0.023310
10 0.023310
11 0.023310
12 0.023310
13 0.023310
14 0.023310
15 0.023310
16 0.023310
17 0.023310
18 0.023310
19 0.023310
20 0.023310
21 0.023310
22 0.023310
23 0.023310
24 0.023310
25 0.023310
26 0.023310
27 0.023310
28 0.023310
29 0.023310
30 0.023310
31 0.023310
32 0.023310
33 0.023310
34 0.023310
35 0.023310
36 0.023310
37 0.023310
38 0.023310
39 0.023310
40 0.023310
41 0.023310
42 0.023310
43 0.023310
44 0.023310
45 0.023310
46 0.023310
47 0.023310
48 0.023310
49 0.023310
50 0.023310
51 0.023310
52 0.023310
53 0.023310
54 0.023310
55 0.023310
56 0.023310
57 0.023310
58 0.023310
59 0.023310
60 0.023310
61 0.023310
62 0.023310
63 0.023310
64 0.023310
65 0.023310
66 0.023310
67 0.023310
68 0.023310
69 0.023310
70 0.023310
71 0.023310
72 0.023310
73 0.023310
74 0.023310
75 0.023310
76 0.023310
77 0.023310
78 0.023310
79 0.023310
80 0.023310
81 0.023310
82 0.023310
83 0.023310
84 0.023310
85 0.023310
86 0.023310
87 0.023310
88 0.023310
89 0.023310
90 0.023310
91 0.023310
92 0.023310
93 0.023310
94 0.023310
95 0.023310
96 0.023310
97 0.023310
98 0.023310
99 0.023310
