0 0.000001
1 0.000001
2 0.000001
3 0.000001
4 0.000001
5 0.000456
6 0.022056
7 0.023326
8 0.023337
9 0.023337
10 0.023337
11 0.023337
12 0.023337
13 0.023337
14 0.023337
15 0.023337
16 0.023337
17 0.023337
18 0.023337
19 0.023337
20 0.023337
21 0.023337
22 0.023337
23 0.023337
24 0.023337
25 0.023337
26 0.023337
27 0.023337
28 0.023337
29 0.023337
30 0.023337
31 0.023337
32 0.023337
33 0.023337
34 0.023337
35 0.023337
36 0.023337
37 0.023337
38 0.023337
39 0.023337
40 0.023337
41 0.023337
42 0.023337
43 0.023337
44 0.023337
45 0.023337
46 0.023337
47 0.023337
48 0.023337
49 0.023337
50 0.023337
51 0.023337
52 0.023337
53 0.023337
54 0.023337
55 0.023337
56 0.023337
57 0.023337
58 0.023337
59 0.023337
60 0.023337
61 0.023337
62 0.023337
63 0.023337
64 0.023337
65 0.023337
66 0.023337
67 0.023337
68 0.023337
69 0.023337
70 0.023337
71 0.023337
72 0.023337
73 0.023337
74 0.023337
75 0.023337
76 0.023337
77 0.023337
78 0.023337
79 0.023337
80 0.023337
81 0.023337
82 0.023337
83 0.023337
84 0.023337
85 0.023337
86 0.023337
87 0.023337
88 0.023337
89 0.023337
90 0.023337
91 0.023337
92 0.023337
93 0.023337
94 0.023337
95 0.023337
96 0.023337
97 0.023337
98 0.023337
99 0.023337
