0 0.000000
1 0.000000
2 0.000000
3 0.000000
4 0.000000
5 0.000050
6 0.013294
7 0.023272
8 0.023367
9 0.023368
10 0.023368
11 0.023368
12 0.023368
13 0.023368
14 0.023368
15 0.023368
16 0.023368
17 0.023368
18 0.023368
19 0.023368
20 0.023368
21 0.023368
22 0.023368
23 0.023368
24 0.023368
25 0.023368
26 0.023368
27 0.023368
28 0.023368
29 0.023368
30 0.023368
31 0.023368
32 0.023368
33 0.023368
34 0.023368
35 0.023368
36 0.023368
37 0.023368
38 0.023368
39 0.023368
40 0.023368
41 0.023368
42 0.023368
43 0.023368
44 0.023368
45 0.023368
46 0.023368
47 0.023368
48 0.023368
49 0.023368
50 0.023368
51 0.023368
52 0.023368
53 0.023368
54 0.023368
55 0.023368
56 0.023368
57 0.023368
58 0.023368
59 0.023368
60 0.023368
61 0.023368
62 0.023368
63 0.023368
64 0.023368
65 0.023368
66 0.023368
67 0.023368
68 0.023368
69 0.023368
70 0.023368
71 0.023368
72 0.023368
73 0.023368
74 0.023368
75 0.023368
76 0.023368
77 0.023368
78 0.023368
79 0.023368
80 0.023368
81 0.023368
82 0.023368
83 0.023368
84 0.023368
85 0.023368
86 0.023368
87 0.023368
88 0.023368
89 0.023368
90 0.023368
91 0.023368
92 0.023368
93 0.023368
94 0.023368
95 0.023368
96 0.023368
97 0.023368
98 0.023368
99 0.023368
