0 0.000000
1 0.000000
2 0.000000
3 0.000000
4 0.000000
5 0.000040
6 0.011852
7 0.023259
8 0.023370
9 0.023371
10 0.023371
11 0.023371
12 0.023371
13 0.023371
14 0.023371
15 0.023371
16 0.023371
17 0.023371
18 0.023371
19 0.023371
20 0.023371
21 0.023371
22 0.023371
23 0.023371
24 0.023371
25 0.023371
26 0.023371
27 0.023371
28 0.023371
29 0.023371
30 0.023371
31 0.023371
32 0.023371
33 0.023371
34 0.023371
35 0.023371
36 0.023371
37 0.023371
38 0.023371
39 0.023371
40 0.023371
41 0.023371
42 0.023371
43 0.023371
44 0.023371
45 0.023371
46 0.023371
47 0.023371
48 0.023371
49 0.023371
50 0.023371
51 0.023371
52 0.023371
53 0.023371
54 0.023371
55 0.023371
56 0.023371
57 0.023371
58 0.023371
59 0.023371
60 0.023371
61 0.023371
62 0.023371
63 0.023371
64 0.023371
65 0.023371
66 0.023371
67 0.023371
68 0.023371
69 0.023371
70 0.023371
71 0.023371
72 0.023371
73 0.023371
74 0.023371
75 0.023371
76 0.023371
77 0.023371
78 0.023371
79 0.023371
80 0.023371
81 0.023371
82 0.023371
83 0.023371
84 0.023371
85 0.023371
86 0.023371
87 0.023371
88 0.023371
89 0.023371
90 0.023371
91 0.023371
92 0.023371
93 0.023371
94 0.023371
95 0.023371
96 0.023371
97 0.023371
98 0.023371
99 0.023371
