0 0.000000
1 0.000000
2 0.000000
3 0.000000
4 0.000000
5 0.000062
6 0.014699
7 0.023284
8 0.023365
9 0.023365
10 0.023365
11 0.023365
12 0.023365
13 0.023365
14 0.023365
15 0.023365
16 0.023365
17 0.023365
18 0.023365
19 0.023365
20 0.023365
21 0.023365
22 0.023365
23 0.023365
24 0.023365
25 0.023365
26 0.023365
27 0.023365
28 0.023365
29 0.023365
30 0.023365
31 0.023365
32 0.023365
33 0.023365
34 0.023365
35 0.023365
36 0.023365
37 0.023365
38 0.023365
39 0.023365
40 0.023365
41 0.023365
42 0.023365
43 0.023365
44 0.023365
45 0.023365
46 0.023365
47 0.023365
48 0.023365
49 0.023365
50 0.023365
51 0.023365
52 0.023365
53 0.023365
54 0.023365
55 0.023365
56 0.023365
57 0.023365
58 0.023365
59 0.023365
60 0.023365
61 0.023365
62 0.023365
63 0.023365
64 0.023365
65 0.023365
66 0.023365
67 0.023365
68 0.023365
69 0.023365
70 0.023365
71 0.023365
72 0.023365
73 0.023365
74 0.023365
75 0.023365
76 0.023365
77 0.023365
78 0.023365
79 0.023365
80 0.023365
81 0.023365
82 0.023365
83 0.023365
84 0.023365
85 0.023365
86 0.023365
87 0.023365
88 0.023365
89 0.023365
90 0.023365
91 0.023365
92 0.023365
93 0.023365
94 0.023365
95 0.023365
96 0.023365
97 0.023365
98 0.023365
99 0.023365
