0 0.000000
1 0.000000
2 0.000000
3 0.000000
4 0.000000
5 0.000097
6 0.017249
7 0.023304
8 0.023359
9 0.023359
10 0.023359
11 0.023359
12 0.023359
13 0.023359
14 0.023359
15 0.023359
16 0.023359
17 0.023359
18 0.023359
19 0.023359
20 0.023359
21 0.023359
22 0.023359
23 0.023359
24 0.023359
25 0.023359
26 0.023359
27 0.023359
28 0.023359
29 0.023359
30 0.023359
31 0.023359
32 0.023359
33 0.023359
34 0.023359
35 0.023359
36 0.023359
37 0.023359
38 0.023359
39 0.023359
40 0.023359
41 0.023359
42 0.023359
43 0.023359
44 0.023359
45 0.023359
46 0.023359
47 0.023359
48 0.023359
49 0.023359
50 0.023359
51 0.023359
52 0.023359
53 0.023359
54 0.023359
55 0.023359
56 0.023359
57 0.023359
58 0.023359
59 0.023359
60 0.023359
61 0.023359
62 0.023359
63 0.023359
64 0.023359
65 0.023359
66 0.023359
67 0.023359
68 0.023359
69 0.023359
70 0.023359
71 0.023359
72 0.023359
73 0.023359
74 0.023359
75 0.023359
76 0.023359
77 0.023359
78 0.023359
79 0.023359
80 0.023359
81 0.023359
82 0.023359
83 0.023359
84 0.023359
85 0.023359
86 0.023359
87 0.023359
88 0.023359
89 0.023359
90 0.023359
91 0.023359
92 0.023359
93 0.023359
94 0.023359
95 0.023359
96 0.023359
97 0.023359
98 0.023359
99 0.023359
