0 0.000001
1 0.000001
2 0.000001
3 0.000001
4 0.000001
5 0.000188
6 0.020092
7 0.023321
8 0.023350
9 0.023350
10 0.023350
11 0.023350
12 0.023350
13 0.023350
14 0.023350
15 0.023350
16 0.023350
17 0.023350
18 0.023350
19 0.023350
20 0.023350
21 0.023350
22 0.023350
23 0.023350
24 0.023350
25 0.023350
26 0.023350
27 0.023350
28 0.023350
29 0.023350
30 0.023350
31 0.023350
32 0.023350
33 0.023350
34 0.023350
35 0.023350
36 0.023350
37 0.023350
38 0.023350
39 0.023350
40 0.023350
41 0.023350
42 0.023350
43 0.023350
44 0.023350
45 0.023350
46 0.023350
47 0.023350
48 0.023350
49 0.023350
50 0.023350
51 0.023350
52 0.023350
53 0.023350
54 0.023350
55 0.023350
56 0.023350
57 0.023350
58 0.023350
59 0.023350
60 0.023350
61 0.023350
62 0.023350
63 0.023350
64 0.023350
65 0.023350
66 0.023350
67 0.023350
68 0.023350
69 0.023350
70 0.023350
71 0.023350
72 0.023350
73 0.023350
74 0.023350
75 0.023350
76 0.023350
77 0.023350
78 0.023350
79 0.023350
80 0.023350
81 0.023350
82 0.023350
83 0.023350
84 0.023350
85 0.023350
86 0.023350
87 0.023350
88 0.023350
89 0.023350
90 0.023350
91 0.023350
92 0.023350
93 0.023350
94 0.023350
95 0.023350
96 0.023350
97 0.023350
98 0.023350
99 0.023350
