0 0.000001
1 0.000001
2 0.000001
3 0.000001
4 0.000001
5 0.000235
6 0.020759
7 0.023324
8 0.023347
9 0.023347
10 0.023347
11 0.023347
12 0.023347
13 0.023347
14 0.023347
15 0.023347
16 0.023347
17 0.023347
18 0.023347
19 0.023347
20 0.023347
21 0.023347
22 0.023347
23 0.023347
24 0.023347
25 0.023347
26 0.023347
27 0.023347
28 0.023347
29 0.023347
30 0.023347
31 0.023347
32 0.023347
33 0.023347
34 0.023347
35 0.023347
36 0.023347
37 0.023347
38 0.023347
39 0.023347
40 0.023347
41 0.023347
42 0.023347
43 0.023347
44 0.023347
45 0.023347
46 0.023347
47 0.023347
48 0.023347
49 0.023347
50 0.023347
51 0.023347
52 0.023347
53 0.023347
54 0.023347
55 0.023347
56 0.023347
57 0.023347
58 0.023347
59 0.023347
60 0.023347
61 0.023347
62 0.023347
63 0.023347
64 0.023347
65 0.023347
66 0.023347
67 0.023347
68 0.023347
69 0.023347
70 0.023347
71 0.023347
72 0.023347
73 0.023347
74 0.023347
75 0.023347
76 0.023347
77 0.023347
78 0.023347
79 0.023347
80 0.023347
81 0.023347
82 0.023347
83 0.023347
84 0.023347
85 0.023347
86 0.023347
87 0.023347
88 0.023347
89 0.023347
90 0.023347
91 0.023347
92 0.023347
93 0.023347
94 0.023347
95 0.023347
96 0.023347
97 0.023347
98 0.023347
99 0.023347
