0 0.000000
1 0.000000
2 0.000000
3 0.000000
4 0.000000
5 0.000121
6 0.018340
7 0.023311
8 0.023356
9 0.023357
10 0.023357
11 0.023357
12 0.023357
13 0.023357
14 0.023357
15 0.023357
16 0.023357
17 0.023357
18 0.023357
19 0.023357
20 0.023357
21 0.023357
22 0.023357
23 0.023357
24 0.023357
25 0.023357
26 0.023357
27 0.023357
28 0.023357
29 0.023357
30 0.023357
31 0.023357
32 0.023357
33 0.023357
34 0.023357
35 0.023357
36 0.023357
37 0.023357
38 0.023357
39 0.023357
40 0.023357
41 0.023357
42 0.023357
43 0.023357
44 0.023357
45 0.023357
46 0.023357
47 0.023357
48 0.023357
49 0.023357
50 0.023357
51 0.023357
52 0.023357
53 0.023357
54 0.023357
55 0.023357
56 0.023357
57 0.023357
58 0.023357
59 0.023357
60 0.023357
61 0.023357
62 0.023357
63 0.023357
64 0.023357
65 0.023357
66 0.023357
67 0.023357
68 0.023357
69 0.023357
70 0.023357
71 0.023357
72 0.023357
73 0.023357
74 0.023357
75 0.023357
76 0.023357
77 0.023357
78 0.023357
79 0.023357
80 0.023357
81 0.023357
82 0.023357
83 0.023357
84 0.023357
85 0.023357
86 0.023357
87 0.023357
88 0.023357
89 0.023357
90 0.023357
91 0.023357
92 0.023357
93 0.023357
94 0.023357
95 0.023357
96 0.023357
97 0.023357
98 0.023357
99 0.023357
