0 0.005964
1 0.005964
2 0.005964
3 0.005964
4 0.006004
5 0.022904
6 0.023045
7 0.023046
8 0.023046
9 0.023046
10 0.023046
11 0.023046
12 0.023046
13 0.023046
14 0.023046
15 0.023046
16 0.023046
17 0.023046
18 0.023046
19 0.023046
20 0.023046
21 0.023046
22 0.023046
23 0.023046
24 0.023046
25 0.023046
26 0.023046
27 0.023046
28 0.023046
29 0.023046
30 0.023046
31 0.023046
32 0.023046
33 0.023046
34 0.023046
35 0.023046
36 0.023046
37 0.023046
38 0.023046
39 0.023046
40 0.023046
41 0.023046
42 0.023046
43 0.023046
44 0.023046
45 0.023046
46 0.023046
47 0.023046
48 0.023046
49 0.023046
50 0.023046
51 0.023046
52 0.023046
53 0.023046
54 0.023046
55 0.023046
56 0.023046
57 0.023046
58 0.023046
59 0.023046
60 0.023046
61 0.023046
62 0.023046
63 0.023046
64 0.023046
65 0.023046
66 0.023046
67 0.023046
68 0.023046
69 0.023046
70 0.023046
71 0.023046
72 0.023046
73 0.023046
74 0.023046
75 0.023046
76 0.023046
77 0.023046
78 0.023046
79 0.023046
80 0.023046
81 0.023046
82 0.023046
83 0.023046
84 0.023046
85 0.023046
86 0.023046
87 0.023046
88 0.023046
89 0.023046
90 0.023046
91 0.023046
92 0.023046
93 0.023046
94 0.023046
95 0.023046
96 0.023046
97 0.023046
98 0.023046
99 0.023046
