0 0.005844
1 0.005844
2 0.005844
3 0.005844
4 0.005884
5 0.022904
6 0.023046
7 0.023047
8 0.023047
9 0.023047
10 0.023047
11 0.023047
12 0.023047
13 0.023047
14 0.023047
15 0.023047
16 0.023047
17 0.023047
18 0.023047
19 0.023047
20 0.023047
21 0.023047
22 0.023047
23 0.023047
24 0.023047
25 0.023047
26 0.023047
27 0.023047
28 0.023047
29 0.023047
30 0.023047
31 0.023047
32 0.023047
33 0.023047
34 0.023047
35 0.023047
36 0.023047
37 0.023047
38 0.023047
39 0.023047
40 0.023047
41 0.023047
42 0.023047
43 0.023047
44 0.023047
45 0.023047
46 0.023047
47 0.023047
48 0.023047
49 0.023047
50 0.023047
51 0.023047
52 0.023047
53 0.023047
54 0.023047
55 0.023047
56 0.023047
57 0.023047
58 0.023047
59 0.023047
60 0.023047
61 0.023047
62 0.023047
63 0.023047
64 0.023047
65 0.023047
66 0.023047
67 0.023047
68 0.023047
69 0.023047
70 0.023047
71 0.023047
72 0.023047
73 0.023047
74 0.023047
75 0.023047
76 0.023047
77 0.023047
78 0.023047
79 0.023047
80 0.023047
81 0.023047
82 0.023047
83 0.023047
84 0.023047
85 0.023047
86 0.023047
87 0.023047
88 0.023047
89 0.023047
90 0.023047
91 0.023047
92 0.023047
93 0.023047
94 0.023047
95 0.023047
96 0.023047
97 0.023047
98 0.023047
99 0.023047
