0 0.000000
1 0.000000
2 0.000000
3 0.000000
4 0.000000
5 0.000013
6 0.005464
7 0.023167
8 0.023381
9 0.023383
10 0.023383
11 0.023383
12 0.023383
13 0.023383
14 0.023383
15 0.023383
16 0.023383
17 0.023383
18 0.023383
19 0.023383
20 0.023383
21 0.023383
22 0.023383
23 0.023383
24 0.023383
25 0.023383
26 0.023383
27 0.023383
28 0.023383
29 0.023383
30 0.023383
31 0.023383
32 0.023383
33 0.023383
34 0.023383
35 0.023383
36 0.023383
37 0.023383
38 0.023383
39 0.023383
40 0.023383
41 0.023383
42 0.023383
43 0.023383
44 0.023383
45 0.023383
46 0.023383
47 0.023383
48 0.023383
49 0.023383
50 0.023383
51 0.023383
52 0.023383
53 0.023383
54 0.023383
55 0.023383
56 0.023383
57 0.023383
58 0.023383
59 0.023383
60 0.023383
61 0.023383
62 0.023383
63 0.023383
64 0.023383
65 0.023383
66 0.023383
67 0.023383
68 0.023383
69 0.023383
70 0.023383
71 0.023383
72 0.023383
73 0.023383
74 0.023383
75 0.023383
76 0.023383
77 0.023383
78 0.023383
79 0.023383
80 0.023383
81 0.023383
82 0.023383
83 0.023383
84 0.023383
85 0.023383
86 0.023383
87 0.023383
88 0.023383
89 0.023383
90 0.023383
91 0.023383
92 0.023383
93 0.023383
94 0.023383
95 0.023383
96 0.023383
97 0.023383
98 0.023383
99 0.023383
