0 0.005727
1 0.005727
2 0.005727
3 0.005727
4 0.005766
5 0.022904
6 0.023048
7 0.023049
8 0.023049
9 0.023049
10 0.023049
11 0.023049
12 0.023049
13 0.023049
14 0.023049
15 0.023049
16 0.023049
17 0.023049
18 0.023049
19 0.023049
20 0.023049
21 0.023049
22 0.023049
23 0.023049
24 0.023049
25 0.023049
26 0.023049
27 0.023049
28 0.023049
29 0.023049
30 0.023049
31 0.023049
32 0.023049
33 0.023049
34 0.023049
35 0.023049
36 0.023049
37 0.023049
38 0.023049
39 0.023049
40 0.023049
41 0.023049
42 0.023049
43 0.023049
44 0.023049
45 0.023049
46 0.023049
47 0.023049
48 0.023049
49 0.023049
50 0.023049
51 0.023049
52 0.023049
53 0.023049
54 0.023049
55 0.023049
56 0.023049
57 0.023049
58 0.023049
59 0.023049
60 0.023049
61 0.023049
62 0.023049
63 0.023049
64 0.023049
65 0.023049
66 0.023049
67 0.023049
68 0.023049
69 0.023049
70 0.023049
71 0.023049
72 0.023049
73 0.023049
74 0.023049
75 0.023049
76 0.023049
77 0.023049
78 0.023049
79 0.023049
80 0.023049
81 0.023049
82 0.023049
83 0.023049
84 0.023049
85 0.023049
86 0.023049
87 0.023049
88 0.023049
89 0.023049
90 0.023049
91 0.023049
92 0.023049
93 0.023049
94 0.023049
95 0.023049
96 0.023049
97 0.023049
98 0.023049
99 0.023049
