0 0.000000
1 0.000000
2 0.000000
3 0.000000
4 0.000000
5 0.000017
6 0.006532
7 0.023190
8 0.023379
9 0.023381
10 0.023381
11 0.023381
12 0.023381
13 0.023381
14 0.023381
15 0.023381
16 0.023381
17 0.023381
18 0.023381
19 0.023381
20 0.023381
21 0.023381
22 0.023381
23 0.023381
24 0.023381
25 0.023381
26 0.023381
27 0.023381
28 0.023381
29 0.023381
30 0.023381
31 0.023381
32 0.023381
33 0.023381
34 0.023381
35 0.023381
36 0.023381
37 0.023381
38 0.023381
39 0.023381
40 0.023381
41 0.023381
42 0.023381
43 0.023381
44 0.023381
45 0.023381
46 0.023381
47 0.023381
48 0.023381
49 0.023381
50 0.023381
51 0.023381
52 0.023381
53 0.023381
54 0.023381
55 0.023381
56 0.023381
57 0.023381
58 0.023381
59 0.023381
60 0.023381
61 0.023381
62 0.023381
63 0.023381
64 0.023381
65 0.023381
66 0.023381
67 0.023381
68 0.023381
69 0.023381
70 0.023381
71 0.023381
72 0.023381
73 0.023381
74 0.023381
75 0.023381
76 0.023381
77 0.023381
78 0.023381
79 0.023381
80 0.023381
81 0.023381
82 0.023381
83 0.023381
84 0.023381
85 0.023381
86 0.023381
87 0.023381
88 0.023381
89 0.023381
90 0.023381
91 0.023381
92 0.023381
93 0.023381
94 0.023381
95 0.023381
96 0.023381
97 0.023381
98 0.023381
99 0.023381
