0 0.004968
1 0.004968
2 0.004968
3 0.004969
4 0.005004
5 0.022902
6 0.023057
7 0.023058
8 0.023058
9 0.023058
10 0.023058
11 0.023058
12 0.023058
13 0.023058
14 0.023058
15 0.023058
16 0.023058
17 0.023058
18 0.023058
19 0.023058
20 0.023058
21 0.023058
22 0.023058
23 0.023058
24 0.023058
25 0.023058
26 0.023058
27 0.023058
28 0.023058
29 0.023058
30 0.023058
31 0.023058
32 0.023058
33 0.023058
34 0.023058
35 0.023058
36 0.023058
37 0.023058
38 0.023058
39 0.023058
40 0.023058
41 0.023058
42 0.023058
43 0.023058
44 0.023058
45 0.023058
46 0.023058
47 0.023058
48 0.023058
49 0.023058
50 0.023058
51 0.023058
52 0.023058
53 0.023058
54 0.023058
55 0.023058
56 0.023058
57 0.023058
58 0.023058
59 0.023058
60 0.023058
61 0.023058
62 0.023058
63 0.023058
64 0.023058
65 0.023058
66 0.023058
67 0.023058
68 0.023058
69 0.023058
70 0.023058
71 0.023058
72 0.023058
73 0.023058
74 0.023058
75 0.023058
76 0.023058
77 0.023058
78 0.023058
79 0.023058
80 0.023058
81 0.023058
82 0.023058
83 0.023058
84 0.023058
85 0.023058
86 0.023058
87 0.023058
88 0.023058
89 0.023058
90 0.023058
91 0.023058
92 0.023058
93 0.023058
94 0.023058
95 0.023058
96 0.023058
97 0.023058
98 0.023058
99 0.023058
