0 0.005499
1 0.005499
2 0.005499
3 0.005499
4 0.005537
5 0.022903
6 0.023050
7 0.023051
8 0.023051
9 0.023051
10 0.023051
11 0.023051
12 0.023051
13 0.023051
14 0.023051
15 0.023051
16 0.023051
17 0.023051
18 0.023051
19 0.023051
20 0.023051
21 0.023051
22 0.023051
23 0.023051
24 0.023051
25 0.023051
26 0.023051
27 0.023051
28 0.023051
29 0.023051
30 0.023051
31 0.023051
32 0.023051
33 0.023051
34 0.023051
35 0.023051
36 0.023051
37 0.023051
38 0.023051
39 0.023051
40 0.023051
41 0.023051
42 0.023051
43 0.023051
44 0.023051
45 0.023051
46 0.023051
47 0.023051
48 0.023051
49 0.023051
50 0.023051
51 0.023051
52 0.023051
53 0.023051
54 0.023051
55 0.023051
56 0.023051
57 0.023051
58 0.023051
59 0.023051
60 0.023051
61 0.023051
62 0.023051
63 0.023051
64 0.023051
65 0.023051
66 0.023051
67 0.023051
68 0.023051
69 0.023051
70 0.023051
71 0.023051
72 0.023051
73 0.023051
74 0.023051
75 0.023051
76 0.023051
77 0.023051
78 0.023051
79 0.023051
80 0.023051
81 0.023051
82 0.023051
83 0.023051
84 0.023051
85 0.023051
86 0.023051
87 0.023051
88 0.023051
89 0.023051
90 0.023051
91 0.023051
92 0.023051
93 0.023051
94 0.023051
95 0.023051
96 0.023051
97 0.023051
98 0.023051
99 0.023051
