0 0.005070
1 0.005070
2 0.005070
3 0.005070
4 0.005107
5 0.022902
6 0.023056
7 0.023057
8 0.023057
9 0.023057
10 0.023057
11 0.023057
12 0.023057
13 0.023057
14 0.023057
15 0.023057
16 0.023057
17 0.023057
18 0.023057
19 0.023057
20 0.023057
21 0.023057
22 0.023057
23 0.023057
24 0.023057
25 0.023057
26 0.023057
27 0.023057
28 0.023057
29 0.023057
30 0.023057
31 0.023057
32 0.023057
33 0.023057
34 0.023057
35 0.023057
36 0.023057
37 0.023057
38 0.023057
39 0.023057
40 0.023057
41 0.023057
42 0.023057
43 0.023057
44 0.023057
45 0.023057
46 0.023057
47 0.023057
48 0.023057
49 0.023057
50 0.023057
51 0.023057
52 0.023057
53 0.023057
54 0.023057
55 0.023057
56 0.023057
57 0.023057
58 0.023057
59 0.023057
60 0.023057
61 0.023057
62 0.023057
63 0.023057
64 0.023057
65 0.023057
66 0.023057
67 0.023057
68 0.023057
69 0.023057
70 0.023057
71 0.023057
72 0.023057
73 0.023057
74 0.023057
75 0.023057
76 0.023057
77 0.023057
78 0.023057
79 0.023057
80 0.023057
81 0.023057
82 0.023057
83 0.023057
84 0.023057
85 0.023057
86 0.023057
87 0.023057
88 0.023057
89 0.023057
90 0.023057
91 0.023057
92 0.023057
93 0.023057
94 0.023057
95 0.023057
96 0.023057
97 0.023057
98 0.023057
99 0.023057
