0 0.004399
1 0.004399
2 0.004399
3 0.004399
4 0.004431
5 0.022900
6 0.023064
7 0.023066
8 0.023066
9 0.023066
10 0.023066
11 0.023066
12 0.023066
13 0.023066
14 0.023066
15 0.023066
16 0.023066
17 0.023066
18 0.023066
19 0.023066
20 0.023066
21 0.023066
22 0.023066
23 0.023066
24 0.023066
25 0.023066
26 0.023066
27 0.023066
28 0.023066
29 0.023066
30 0.023066
31 0.023066
32 0.023066
33 0.023066
34 0.023066
35 0.023066
36 0.023066
37 0.023066
38 0.023066
39 0.023066
40 0.023066
41 0.023066
42 0.023066
43 0.023066
44 0.023066
45 0.023066
46 0.023066
47 0.023066
48 0.023066
49 0.023066
50 0.023066
51 0.023066
52 0.023066
53 0.023066
54 0.023066
55 0.023066
56 0.023066
57 0.023066
58 0.023066
59 0.023066
60 0.023066
61 0.023066
62 0.023066
63 0.023066
64 0.023066
65 0.023066
66 0.023066
67 0.023066
68 0.023066
69 0.023066
70 0.023066
71 0.023066
72 0.023066
73 0.023066
74 0.023066
75 0.023066
76 0.023066
77 0.023066
78 0.023066
79 0.023066
80 0.023066
81 0.023066
82 0.023066
83 0.023066
84 0.023066
85 0.023066
86 0.023066
87 0.023066
88 0.023066
89 0.023066
90 0.023066
91 0.023066
92 0.023066
93 0.023066
94 0.023066
95 0.023066
96 0.023066
97 0.023066
98 0.023066
99 0.023066
