0 0.004310
1 0.004310
2 0.004310
3 0.004310
4 0.004343
5 0.022900
6 0.023066
7 0.023067
8 0.023067
9 0.023067
10 0.023067
11 0.023067
12 0.023067
13 0.023067
14 0.023067
15 0.023067
16 0.023067
17 0.023067
18 0.023067
19 0.023067
20 0.023067
21 0.023067
22 0.023067
23 0.023067
24 0.023067
25 0.023067
26 0.023067
27 0.023067
28 0.023067
29 0.023067
30 0.023067
31 0.023067
32 0.023067
33 0.023067
34 0.023067
35 0.023067
36 0.023067
37 0.023067
38 0.023067
39 0.023067
40 0.023067
41 0.023067
42 0.023067
43 0.023067
44 0.023067
45 0.023067
46 0.023067
47 0.023067
48 0.023067
49 0.023067
50 0.023067
51 0.023067
52 0.023067
53 0.023067
54 0.023067
55 0.023067
56 0.023067
57 0.023067
58 0.023067
59 0.023067
60 0.023067
61 0.023067
62 0.023067
63 0.023067
64 0.023067
65 0.023067
66 0.023067
67 0.023067
68 0.023067
69 0.023067
70 0.023067
71 0.023067
72 0.023067
73 0.023067
74 0.023067
75 0.023067
76 0.023067
77 0.023067
78 0.023067
79 0.023067
80 0.023067
81 0.023067
82 0.023067
83 0.023067
84 0.023067
85 0.023067
86 0.023067
87 0.023067
88 0.023067
89 0.023067
90 0.023067
91 0.023067
92 0.023067
93 0.023067
94 0.023067
95 0.023067
96 0.023067
97 0.023067
98 0.023067
99 0.023067
