0 0.003816
1 0.003816
2 0.003816
3 0.003816
4 0.003845
5 0.022896
6 0.023073
7 0.023074
8 0.023074
9 0.023074
10 0.023074
11 0.023074
12 0.023074
13 0.023074
14 0.023074
15 0.023074
16 0.023074
17 0.023074
18 0.023074
19 0.023074
20 0.023074
21 0.023074
22 0.023074
23 0.023074
24 0.023074
25 0.023074
26 0.023074
27 0.023074
28 0.023074
29 0.023074
30 0.023074
31 0.023074
32 0.023074
33 0.023074
34 0.023074
35 0.023074
36 0.023074
37 0.023074
38 0.023074
39 0.023074
40 0.023074
41 0.023074
42 0.023074
43 0.023074
44 0.023074
45 0.023074
46 0.023074
47 0.023074
48 0.023074
49 0.023074
50 0.023074
51 0.023074
52 0.023074
53 0.023074
54 0.023074
55 0.023074
56 0.023074
57 0.023074
58 0.023074
59 0.023074
60 0.023074
61 0.023074
62 0.023074
63 0.023074
64 0.023074
65 0.023074
66 0.023074
67 0.023074
68 0.023074
69 0.023074
70 0.023074
71 0.023074
72 0.023074
73 0.023074
74 0.023074
75 0.023074
76 0.023074
77 0.023074
78 0.023074
79 0.023074
80 0.023074
81 0.023074
82 0.023074
83 0.023074
84 0.023074
85 0.023074
86 0.023074
87 0.023074
88 0.023074
89 0.023074
90 0.023074
91 0.023074
92 0.023074
93 0.023074
94 0.023074
95 0.023074
96 0.023074
97 0.023074
98 0.023074
99 0.023074
