0 0.003739
1 0.003739
2 0.003739
3 0.003739
4 0.003768
5 0.022895
6 0.023074
7 0.023075
8 0.023076
9 0.023076
10 0.023076
11 0.023076
12 0.023076
13 0.023076
14 0.023076
15 0.023076
16 0.023076
17 0.023076
18 0.023076
19 0.023076
20 0.023076
21 0.023076
22 0.023076
23 0.023076
24 0.023076
25 0.023076
26 0.023076
27 0.023076
28 0.023076
29 0.023076
30 0.023076
31 0.023076
32 0.023076
33 0.023076
34 0.023076
35 0.023076
36 0.023076
37 0.023076
38 0.023076
39 0.023076
40 0.023076
41 0.023076
42 0.023076
43 0.023076
44 0.023076
45 0.023076
46 0.023076
47 0.023076
48 0.023076
49 0.023076
50 0.023076
51 0.023076
52 0.023076
53 0.023076
54 0.023076
55 0.023076
56 0.023076
57 0.023076
58 0.023076
59 0.023076
60 0.023076
61 0.023076
62 0.023076
63 0.023076
64 0.023076
65 0.023076
66 0.023076
67 0.023076
68 0.023076
69 0.023076
70 0.023076
71 0.023076
72 0.023076
73 0.023076
74 0.023076
75 0.023076
76 0.023076
77 0.023076
78 0.023076
79 0.023076
80 0.023076
81 0.023076
82 0.023076
83 0.023076
84 0.023076
85 0.023076
86 0.023076
87 0.023076
88 0.023076
89 0.023076
90 0.023076
91 0.023076
92 0.023076
93 0.023076
94 0.023076
95 0.023076
96 0.023076
97 0.023076
98 0.023076
99 0.023076
