0 0.003664
1 0.003664
2 0.003664
3 0.003664
4 0.003692
5 0.022895
6 0.023075
7 0.023077
8 0.023077
9 0.023077
10 0.023077
11 0.023077
12 0.023077
13 0.023077
14 0.023077
15 0.023077
16 0.023077
17 0.023077
18 0.023077
19 0.023077
20 0.023077
21 0.023077
22 0.023077
23 0.023077
24 0.023077
25 0.023077
26 0.023077
27 0.023077
28 0.023077
29 0.023077
30 0.023077
31 0.023077
32 0.023077
33 0.023077
34 0.023077
35 0.023077
36 0.023077
37 0.023077
38 0.023077
39 0.023077
40 0.023077
41 0.023077
42 0.023077
43 0.023077
44 0.023077
45 0.023077
46 0.023077
47 0.023077
48 0.023077
49 0.023077
50 0.023077
51 0.023077
52 0.023077
53 0.023077
54 0.023077
55 0.023077
56 0.023077
57 0.023077
58 0.023077
59 0.023077
60 0.023077
61 0.023077
62 0.023077
63 0.023077
64 0.023077
65 0.023077
66 0.023077
67 0.023077
68 0.023077
69 0.023077
70 0.023077
71 0.023077
72 0.023077
73 0.023077
74 0.023077
75 0.023077
76 0.023077
77 0.023077
78 0.023077
79 0.023077
80 0.023077
81 0.023077
82 0.023077
83 0.023077
84 0.023077
85 0.023077
86 0.023077
87 0.023077
88 0.023077
89 0.023077
90 0.023077
91 0.023077
92 0.023077
93 0.023077
94 0.023077
95 0.023077
96 0.023077
97 0.023077
98 0.023077
99 0.023077
