0 0.003243
1 0.003243
2 0.003243
3 0.003243
4 0.003269
5 0.022889
6 0.023083
7 0.023084
8 0.023084
9 0.023084
10 0.023084
11 0.023084
12 0.023084
13 0.023084
14 0.023084
15 0.023084
16 0.023084
17 0.023084
18 0.023084
19 0.023084
20 0.023084
21 0.023084
22 0.023084
23 0.023084
24 0.023084
25 0.023084
26 0.023084
27 0.023084
28 0.023084
29 0.023084
30 0.023084
31 0.023084
32 0.023084
33 0.023084
34 0.023084
35 0.023084
36 0.023084
37 0.023084
38 0.023084
39 0.023084
40 0.023084
41 0.023084
42 0.023084
43 0.023084
44 0.023084
45 0.023084
46 0.023084
47 0.023084
48 0.023084
49 0.023084
50 0.023084
51 0.023084
52 0.023084
53 0.023084
54 0.023084
55 0.023084
56 0.023084
57 0.023084
58 0.023084
59 0.023084
60 0.023084
61 0.023084
62 0.023084
63 0.023084
64 0.023084
65 0.023084
66 0.023084
67 0.023084
68 0.023084
69 0.023084
70 0.023084
71 0.023084
72 0.023084
73 0.023084
74 0.023084
75 0.023084
76 0.023084
77 0.023084
78 0.023084
79 0.023084
80 0.023084
81 0.023084
82 0.023084
83 0.023084
84 0.023084
85 0.023084
86 0.023084
87 0.023084
88 0.023084
89 0.023084
90 0.023084
91 0.023084
92 0.023084
93 0.023084
94 0.023084
95 0.023084
96 0.023084
97 0.023084
98 0.023084
99 0.023084
