0 0.003178
1 0.003178
2 0.003178
3 0.003178
4 0.003203
5 0.022888
6 0.023084
7 0.023085
8 0.023085
9 0.023085
10 0.023085
11 0.023085
12 0.023085
13 0.023085
14 0.023085
15 0.023085
16 0.023085
17 0.023085
18 0.023085
19 0.023085
20 0.023085
21 0.023085
22 0.023085
23 0.023085
24 0.023085
25 0.023085
26 0.023085
27 0.023085
28 0.023085
29 0.023085
30 0.023085
31 0.023085
32 0.023085
33 0.023085
34 0.023085
35 0.023085
36 0.023085
37 0.023085
38 0.023085
39 0.023085
40 0.023085
41 0.023085
42 0.023085
43 0.023085
44 0.023085
45 0.023085
46 0.023085
47 0.023085
48 0.023085
49 0.023085
50 0.023085
51 0.023085
52 0.023085
53 0.023085
54 0.023085
55 0.023085
56 0.023085
57 0.023085
58 0.023085
59 0.023085
60 0.023085
61 0.023085
62 0.023085
63 0.023085
64 0.023085
65 0.023085
66 0.023085
67 0.023085
68 0.023085
69 0.023085
70 0.023085
71 0.023085
72 0.023085
73 0.023085
74 0.023085
75 0.023085
76 0.023085
77 0.023085
78 0.023085
79 0.023085
80 0.023085
81 0.023085
82 0.023085
83 0.023085
84 0.023085
85 0.023085
86 0.023085
87 0.023085
88 0.023085
89 0.023085
90 0.023085
91 0.023085
92 0.023085
93 0.023085
94 0.023085
95 0.023085
96 0.023085
97 0.023085
98 0.023085
99 0.023085
