0 0.003590
1 0.003590
2 0.003590
3 0.003590
4 0.003618
5 0.022894
6 0.023077
7 0.023078
8 0.023078
9 0.023078
10 0.023078
11 0.023078
12 0.023078
13 0.023078
14 0.023078
15 0.023078
16 0.023078
17 0.023078
18 0.023078
19 0.023078
20 0.023078
21 0.023078
22 0.023078
23 0.023078
24 0.023078
25 0.023078
26 0.023078
27 0.023078
28 0.023078
29 0.023078
30 0.023078
31 0.023078
32 0.023078
33 0.023078
34 0.023078
35 0.023078
36 0.023078
37 0.023078
38 0.023078
39 0.023078
40 0.023078
41 0.023078
42 0.023078
43 0.023078
44 0.023078
45 0.023078
46 0.023078
47 0.023078
48 0.023078
49 0.023078
50 0.023078
51 0.023078
52 0.023078
53 0.023078
54 0.023078
55 0.023078
56 0.023078
57 0.023078
58 0.023078
59 0.023078
60 0.023078
61 0.023078
62 0.023078
63 0.023078
64 0.023078
65 0.023078
66 0.023078
67 0.023078
68 0.023078
69 0.023078
70 0.023078
71 0.023078
72 0.023078
73 0.023078
74 0.023078
75 0.023078
76 0.023078
77 0.023078
78 0.023078
79 0.023078
80 0.023078
81 0.023078
82 0.023078
83 0.023078
84 0.023078
85 0.023078
86 0.023078
87 0.023078
88 0.023078
89 0.023078
90 0.023078
91 0.023078
92 0.023078
93 0.023078
94 0.023078
95 0.023078
96 0.023078
97 0.023078
98 0.023078
99 0.023078
