0 0.003518
1 0.003518
2 0.003518
3 0.003518
4 0.003545
5 0.022893
6 0.023078
7 0.023079
8 0.023079
9 0.023079
10 0.023079
11 0.023079
12 0.023079
13 0.023079
14 0.023079
15 0.023079
16 0.023079
17 0.023079
18 0.023079
19 0.023079
20 0.023079
21 0.023079
22 0.023079
23 0.023079
24 0.023079
25 0.023079
26 0.023079
27 0.023079
28 0.023079
29 0.023079
30 0.023079
31 0.023079
32 0.023079
33 0.023079
34 0.023079
35 0.023079
36 0.023079
37 0.023079
38 0.023079
39 0.023079
40 0.023079
41 0.023079
42 0.023079
43 0.023079
44 0.023079
45 0.023079
46 0.023079
47 0.023079
48 0.023079
49 0.023079
50 0.023079
51 0.023079
52 0.023079
53 0.023079
54 0.023079
55 0.023079
56 0.023079
57 0.023079
58 0.023079
59 0.023079
60 0.023079
61 0.023079
62 0.023079
63 0.023079
64 0.023079
65 0.023079
66 0.023079
67 0.023079
68 0.023079
69 0.023079
70 0.023079
71 0.023079
72 0.023079
73 0.023079
74 0.023079
75 0.023079
76 0.023079
77 0.023079
78 0.023079
79 0.023079
80 0.023079
81 0.023079
82 0.023079
83 0.023079
84 0.023079
85 0.023079
86 0.023079
87 0.023079
88 0.023079
89 0.023079
90 0.023079
91 0.023079
92 0.023079
93 0.023079
94 0.023079
95 0.023079
96 0.023079
97 0.023079
98 0.023079
99 0.023079
