4999.9438823250
4999.9438823250
4999.9438823250
4999.9438823250
4999.9438823250
4999.9438823250
4999.9438823250
4999.9438823250
4999.9438823250
4999.9438823250
4999.9438823250
4999.9438823250
4999.9438823250
4999.9438823250
4999.9438823250
4999.9438823250
4999.9438823250
4999.9438823241
4999.9438823098
4999.9438820768
4999.9438783475
4999.9438195803
4999.9428749646
4999.9266633703
4999.6300954792
4994.2357312937
4905.1853653644
3755.4955060254
622.0390732879
17.0000000000
0.0000000000
0.0000000000
0.0000000000
0.0000000000
0.0000000000
0.0000000000
0.0000000000
0.0000000000
0.0000000000
0.0000000000
0.0000000000
0.0000000000
0.0000000000
0.0000000000
0.0000000000
0.0000000000
0.0000000000
0.0000000000
0.0000000000
0.0000000000
0.0000000000
0.0000000000
0.0000000000
0.0000000000
0.0000000000
0.0000000000
0.0000000000
0.0000000000
0.0000000000
0.0000000000
0.0000000000
0.0000000000
0.0000000000
0.0000000000
0.0000000000
0.0000000000
0.0000000000
0.0000000000
0.0000000000
0.0000000000
0.0000000000
0.0000000000
0.0000000000
0.0000000000
0.0000000000
0.0000000000
0.0000000000
0.0000000000
0.0000000000
0.0000000000
0.0000000000
0.0000000000
0.0000000000
0.0000000000
0.0000000000
0.0000000000
0.0000000000
0.0000000000
0.0000000000
0.0000000000
0.0000000000
0.0000000000
0.0000000000
0.0000000000
0.0000000000
0.0000000000
0.0000000000
0.0000000000
0.0000000000
0.0000000000