5000.1073184441
5000.1073184441
5000.1073184441
5000.1073184441
5000.1073184441
5000.1073184441
5000.1073184441
5000.1073184441
5000.1073184441
5000.1073184441
5000.1073184441
5000.1073184441
5000.1073184441
5000.1073184441
5000.1073184441
5000.1073184441
5000.1073184441
5000.1073184440
5000.1073184414
5000.1073183999
5000.1073177385
5000.1073072248
5000.1071345179
5000.1041158549
5000.0492728904
4999.0831719115
4983.6227411889
4765.6915064995
2706.3735941284
212.2741527662
11.0000000000
0.0000000000
0.0000000000
0.0000000000
0.0000000000
0.0000000000
0.0000000000
0.0000000000
0.0000000000
0.0000000000
0.0000000000
0.0000000000
0.0000000000
0.0000000000
0.0000000000
0.0000000000
0.0000000000
0.0000000000
0.0000000000
0.0000000000
0.0000000000
0.0000000000
0.0000000000
0.0000000000
0.0000000000
0.0000000000
0.0000000000
0.0000000000
0.0000000000
0.0000000000
0.0000000000
0.0000000000
0.0000000000
0.0000000000
0.0000000000
0.0000000000
0.0000000000
0.0000000000
0.0000000000
0.0000000000
0.0000000000
0.0000000000
0.0000000000
0.0000000000
0.0000000000
0.0000000000
0.0000000000
0.0000000000
0.0000000000
0.0000000000
0.0000000000
0.0000000000
0.0000000000
0.0000000000
0.0000000000
0.0000000000
0.0000000000
0.0000000000
0.0000000000
0.0000000000
0.0000000000
0.0000000000
0.0000000000
0.0000000000
0.0000000000
0.0000000000
0.0000000000
0.0000000000
0.0000000000
0.0000000000