4999.9605924402
4999.9605924402
4999.9605924402
4999.9605924402
4999.9605924402
4999.9605924402
4999.9605924402
4999.9605924402
4999.9605924402
4999.9605924402
4999.9605924402
4999.9605924402
4999.9605924402
4999.9605924402
4999.9605924402
4999.9605924402
4999.9605924402
4999.9605924402
4999.9605924401
4999.9605924399
4999.9605924361
4999.9605923726
4999.9605912818
4999.9605720979
4999.9602419011
4999.9549161618
4999.8758019538
4998.7680102542
4983.2846634781
4764.0548176011
3182.3729301846
246.2490075197
1.0000000000
0.0000000000
0.0000000000
0.0000000000
0.0000000000
0.0000000000
0.0000000000
0.0000000000
0.0000000000
0.0000000000
0.0000000000
0.0000000000
0.0000000000
0.0000000000
0.0000000000
0.0000000000
0.0000000000
0.0000000000
0.0000000000
0.0000000000
0.0000000000
0.0000000000
0.0000000000
0.0000000000
0.0000000000
0.0000000000
0.0000000000
0.0000000000
0.0000000000
0.0000000000
0.0000000000
0.0000000000
0.0000000000
0.0000000000
0.0000000000
0.0000000000
0.0000000000
0.0000000000
0.0000000000
0.0000000000
0.0000000000
0.0000000000
0.0000000000
0.0000000000
0.0000000000
0.0000000000
0.0000000000
0.0000000000
0.0000000000
0.0000000000
0.0000000000
0.0000000000
0.0000000000
0.0000000000
0.0000000000
0.0000000000
0.0000000000
0.0000000000
0.0000000000
0.0000000000
0.0000000000
0.0000000000
0.0000000000
0.0000000000
0.0000000000
0.0000000000
0.0000000000
0.0000000000