5000.0138110155
5000.0138110155
5000.0138110155
5000.0138110155
5000.0138110155
5000.0138110155
5000.0138110155
5000.0138110155
5000.0138110155
5000.0138110155
5000.0138110155
5000.0138110155
5000.0138110155
5000.0138110155
5000.0138110155
5000.0138110155
5000.0138110155
5000.0138110155
5000.0138110154
5000.0138110141
5000.0138109927
5000.0138106442
5000.0138047156
5000.0136999428
5000.0118579942
4999.9813326648
4999.5188856859
4993.0305843702
4904.4094041546
3727.7397640069
979.0915054345
31.0000000000
0.0000000000
0.0000000000
0.0000000000
0.0000000000
0.0000000000
0.0000000000
0.0000000000
0.0000000000
0.0000000000
0.0000000000
0.0000000000
0.0000000000
0.0000000000
0.0000000000
0.0000000000
0.0000000000
0.0000000000
0.0000000000
0.0000000000
0.0000000000
0.0000000000
0.0000000000
0.0000000000
0.0000000000
0.0000000000
0.0000000000
0.0000000000
0.0000000000
0.0000000000
0.0000000000
0.0000000000
0.0000000000
0.0000000000
0.0000000000
0.0000000000
0.0000000000
0.0000000000
0.0000000000
0.0000000000
0.0000000000
0.0000000000
0.0000000000
0.0000000000
0.0000000000
0.0000000000
0.0000000000
0.0000000000
0.0000000000
0.0000000000
0.0000000000
0.0000000000
0.0000000000
0.0000000000
0.0000000000
0.0000000000
0.0000000000
0.0000000000
0.0000000000
0.0000000000
0.0000000000
0.0000000000
0.0000000000
0.0000000000
0.0000000000
0.0000000000
0.0000000000
0.0000000000
0.0000000000