5000.0874880482
5000.0874880482
5000.0874880482
5000.0874880482
5000.0874880482
5000.0874880482
5000.0874880482
5000.0874880482
5000.0874880482
5000.0874880482
5000.0874880482
5000.0874880482
5000.0874880482
5000.0874880482
5000.0874880482
5000.0874880482
5000.0874880482
5000.0874880482
5000.0874880482
5000.0874880482
5000.0874880482
5000.0874880482
5000.0874880482
5000.0874880482
5000.0874880479
5000.0874880437
5000.0874879859
5000.0874871970
5000.0874761394
5000.0873065650
5000.0844115713
5000.0339177990
4999.2009614786
4985.5074722534
4742.3240363768
2219.1281038431
128.5493376822
0.0000000000
0.0000000000
0.0000000000
0.0000000000
0.0000000000
0.0000000000
0.0000000000
0.0000000000
0.0000000000
0.0000000000
0.0000000000
0.0000000000
0.0000000000
0.0000000000
0.0000000000
0.0000000000
0.0000000000
0.0000000000
0.0000000000
0.0000000000
0.0000000000
0.0000000000
0.0000000000
0.0000000000
0.0000000000
0.0000000000
0.0000000000
0.0000000000
0.0000000000
0.0000000000
0.0000000000
0.0000000000
0.0000000000
0.0000000000
0.0000000000
0.0000000000
0.0000000000
0.0000000000
0.0000000000
0.0000000000
0.0000000000
0.0000000000
0.0000000000
0.0000000000
0.0000000000
0.0000000000
0.0000000000
0.0000000000
0.0000000000
0.0000000000
0.0000000000
0.0000000000
0.0000000000
0.0000000000
0.0000000000
0.0000000000
0.0000000000
0.0000000000
0.0000000000
0.0000000000
0.0000000000
0.0000000000
0.0000000000