5000.0247115276
5000.0247115276
5000.0247115276
5000.0247115276
5000.0247115276
5000.0247115276
5000.0247115276
5000.0247115276
5000.0247115276
5000.0247115276
5000.0247115276
5000.0247115276
5000.0247115276
5000.0247115276
5000.0247115276
5000.0247115276
5000.0247115276
5000.0247115276
5000.0247115276
5000.0247115276
5000.0247115276
5000.0247115276
5000.0247115276
5000.0247115276
5000.0247115276
5000.0247115275
5000.0247115258
5000.0247115025
5000.0247111572
5000.0247055713
5000.0246099741
5000.0229849215
4999.9959552093
4999.5387723781
4991.7274681591
4866.9611511189
3197.7295134159
218.5633603945
4.0000000000
0.0000000000
0.0000000000
0.0000000000
0.0000000000
0.0000000000
0.0000000000
0.0000000000
0.0000000000
0.0000000000
0.0000000000
0.0000000000
0.0000000000
0.0000000000
0.0000000000
0.0000000000
0.0000000000
0.0000000000
0.0000000000
0.0000000000
0.0000000000
0.0000000000
0.0000000000
0.0000000000
0.0000000000
0.0000000000
0.0000000000
0.0000000000
0.0000000000
0.0000000000
0.0000000000
0.0000000000
0.0000000000
0.0000000000
0.0000000000
0.0000000000
0.0000000000
0.0000000000
0.0000000000
0.0000000000
0.0000000000
0.0000000000
0.0000000000
0.0000000000
0.0000000000
0.0000000000
0.0000000000
0.0000000000
0.0000000000
0.0000000000
0.0000000000
0.0000000000
0.0000000000
0.0000000000
0.0000000000
0.0000000000
0.0000000000
0.0000000000
0.0000000000
0.0000000000
0.0000000000
0.0000000000