5000.1964846237
5000.1964846237
5000.1964846237
5000.1964846237
5000.1964846237
5000.1964846237
5000.1964846237
5000.1964846237
5000.1964846237
5000.1964846237
5000.1964846237
5000.1964846237
5000.1964846237
5000.1964846237
5000.1964846237
5000.1964846237
5000.1964846237
5000.1964846237
5000.1964846237
5000.1964846237
5000.1964846237
5000.1964846237
5000.1964846236
5000.1964846230
5000.1964846132
5000.1964844707
5000.1964824785
5000.1964553984
5000.1960914299
5000.1909535093
5000.1067300069
4998.5693640403
4972.2866218312
4579.2364963161
1331.0112748162
63.0000000000
1.0000000000
0.0000000000
0.0000000000
0.0000000000
0.0000000000
0.0000000000
0.0000000000
0.0000000000
0.0000000000
0.0000000000
0.0000000000
0.0000000000
0.0000000000
0.0000000000
0.0000000000
0.0000000000
0.0000000000
0.0000000000
0.0000000000
0.0000000000
0.0000000000
0.0000000000
0.0000000000
0.0000000000
0.0000000000
0.0000000000
0.0000000000
0.0000000000
0.0000000000
0.0000000000
0.0000000000
0.0000000000
0.0000000000
0.0000000000
0.0000000000
0.0000000000
0.0000000000
0.0000000000
0.0000000000
0.0000000000
0.0000000000
0.0000000000
0.0000000000
0.0000000000
0.0000000000
0.0000000000
0.0000000000
0.0000000000
0.0000000000
0.0000000000
0.0000000000
0.0000000000
0.0000000000
0.0000000000
0.0000000000
0.0000000000
0.0000000000
0.0000000000
0.0000000000
0.0000000000
0.0000000000
0.0000000000
0.0000000000
0.0000000000