5000.1319294436
5000.1319294436
5000.1319294436
5000.1319294436
5000.1319294436
5000.1319294436
5000.1319294436
5000.1319294436
5000.1319294436
5000.1319294436
5000.1319294436
5000.1319294436
5000.1319294436
5000.1319294436
5000.1319294436
5000.1319294436
5000.1319294436
5000.1319294436
5000.1319294436
5000.1319294436
5000.1319294436
5000.1319294436
5000.1319294434
5000.1319294398
5000.1319293838
5000.1319285594
5000.1319169454
5000.1317582781
5000.1296440872
5000.1011008003
4999.6551774758
4991.3547338320
4844.0883068527
3069.2230167433
248.2341020985
3.0000000000
0.0000000000
0.0000000000
0.0000000000
0.0000000000
0.0000000000
0.0000000000
0.0000000000
0.0000000000
0.0000000000
0.0000000000
0.0000000000
0.0000000000
0.0000000000
0.0000000000
0.0000000000
0.0000000000
0.0000000000
0.0000000000
0.0000000000
0.0000000000
0.0000000000
0.0000000000
0.0000000000
0.0000000000
0.0000000000
0.0000000000
0.0000000000
0.0000000000
0.0000000000
0.0000000000
0.0000000000
0.0000000000
0.0000000000
0.0000000000
0.0000000000
0.0000000000
0.0000000000
0.0000000000
0.0000000000
0.0000000000
0.0000000000
0.0000000000
0.0000000000
0.0000000000
0.0000000000
0.0000000000
0.0000000000
0.0000000000
0.0000000000
0.0000000000
0.0000000000
0.0000000000
0.0000000000
0.0000000000
0.0000000000
0.0000000000
0.0000000000
0.0000000000
0.0000000000
0.0000000000
0.0000000000
0.0000000000
0.0000000000
0.0000000000