4999.9811130251
4999.9811130251
4999.9811130251
4999.9811130251
4999.9811130251
4999.9811130251
4999.9811130251
4999.9811130251
4999.9811130251
4999.9811130251
4999.9811130251
4999.9811130251
4999.9811130251
4999.9811130251
4999.9811130251
4999.9811130251
4999.9811130251
4999.9811130251
4999.9811130251
4999.9811130251
4999.9811130251
4999.9811130251
4999.9811130251
4999.9811130251
4999.9811130251
4999.9811130251
4999.9811130251
4999.9811130251
4999.9811130247
4999.9811130184
4999.9811129121
4999.9811111231
4999.9810811149
4999.9805786546
4999.9721712050
4999.8259901408
4997.0516524544
4945.7936530276
4316.4839954413
2155.0040838011
86.0000000000
3.0000000000
2.0000000000
0.0000000000
0.0000000000
0.0000000000
0.0000000000
0.0000000000
0.0000000000
0.0000000000
0.0000000000
0.0000000000
0.0000000000
0.0000000000
0.0000000000
0.0000000000
0.0000000000
0.0000000000
0.0000000000
0.0000000000
0.0000000000
0.0000000000
0.0000000000
0.0000000000
0.0000000000
0.0000000000
0.0000000000
0.0000000000
0.0000000000
0.0000000000
0.0000000000
0.0000000000
0.0000000000
0.0000000000
0.0000000000
0.0000000000
0.0000000000
0.0000000000
0.0000000000
0.0000000000
0.0000000000
0.0000000000
0.0000000000
0.0000000000
0.0000000000
0.0000000000
0.0000000000
0.0000000000
0.0000000000
0.0000000000
0.0000000000
0.0000000000
0.0000000000
0.0000000000
0.0000000000
0.0000000000
0.0000000000
0.0000000000
0.0000000000
0.0000000000