5000.0558820490
5000.0558820490
5000.0558820490
5000.0558820490
5000.0558820490
5000.0558820490
5000.0558820490
5000.0558820490
5000.0558820490
5000.0558820490
5000.0558820490
5000.0558820490
5000.0558820490
5000.0558820490
5000.0558820490
5000.0558820490
5000.0558820490
5000.0558820490
5000.0558820490
5000.0558820490
5000.0558820490
5000.0558820490
5000.0558820490
5000.0558820490
5000.0558820490
5000.0558820490
5000.0558820490
5000.0558820490
5000.0558820489
5000.0558820478
5000.0558820285
5000.0558817053
5000.0558762841
5000.0557853255
5000.0542397560
5000.0267209906
4999.5166154700
4990.9540204842
4887.4999062652
4223.7817534855
608.0382180501
18.0000000000
24.0000000000
0.0000000000
0.0000000000
0.0000000000
0.0000000000
0.0000000000
0.0000000000
0.0000000000
0.0000000000
0.0000000000
0.0000000000
0.0000000000
0.0000000000
0.0000000000
0.0000000000
0.0000000000
0.0000000000
0.0000000000
0.0000000000
0.0000000000
0.0000000000
0.0000000000
0.0000000000
0.0000000000
0.0000000000
0.0000000000
0.0000000000
0.0000000000
0.0000000000
0.0000000000
0.0000000000
0.0000000000
0.0000000000
0.0000000000
0.0000000000
0.0000000000
0.0000000000
0.0000000000
0.0000000000
0.0000000000
0.0000000000
0.0000000000
0.0000000000
0.0000000000
0.0000000000
0.0000000000
0.0000000000
0.0000000000
0.0000000000
0.0000000000
0.0000000000
0.0000000000
0.0000000000
0.0000000000
0.0000000000
0.0000000000
0.0000000000
0.0000000000