5000.0064785995
5000.0064785995
5000.0064785995
5000.0064785995
5000.0064785995
5000.0064785995
5000.0064785995
5000.0064785995
5000.0064785995
5000.0064785995
5000.0064785995
5000.0064785995
5000.0064785995
5000.0064785995
5000.0064785995
5000.0064785995
5000.0064785995
5000.0064785995
5000.0064785995
5000.0064785995
5000.0064785995
5000.0064785995
5000.0064785995
5000.0064785995
5000.0064785995
5000.0064785995
5000.0064785995
5000.0064785995
5000.0064785995
5000.0064785995
5000.0064785995
5000.0064785992
5000.0064785931
5000.0064784890
5000.0064766818
5000.0064462324
5000.0059811428
4999.9999538381
4999.9308485066
4998.9736962411
4981.7927285167
4711.0000730778
4621.0000000000
1126.0000000000
76.0000000000
6.0000000000
0.0000000000
0.0000000000
0.0000000000
0.0000000000
0.0000000000
0.0000000000
0.0000000000
0.0000000000
0.0000000000
0.0000000000
0.0000000000
0.0000000000
0.0000000000
0.0000000000
0.0000000000
0.0000000000
0.0000000000
0.0000000000
0.0000000000
0.0000000000
0.0000000000
0.0000000000
0.0000000000
0.0000000000
0.0000000000
0.0000000000
0.0000000000
0.0000000000
0.0000000000
0.0000000000
0.0000000000
0.0000000000
0.0000000000
0.0000000000
0.0000000000
0.0000000000
0.0000000000
0.0000000000
0.0000000000
0.0000000000
0.0000000000
0.0000000000
0.0000000000
0.0000000000
0.0000000000
0.0000000000
0.0000000000
0.0000000000
0.0000000000
0.0000000000
0.0000000000
0.0000000000
0.0000000000
0.0000000000