4999.9848573234
4999.9848573234
4999.9848573234
4999.9848573234
4999.9848573234
4999.9848573234
4999.9848573234
4999.9848573234
4999.9848573234
4999.9848573234
4999.9848573234
4999.9848573234
4999.9848573234
4999.9848573234
4999.9848573234
4999.9848573234
4999.9848573234
4999.9848573234
4999.9848573234
4999.9848573234
4999.9848573234
4999.9848573234
4999.9848573234
4999.9848573234
4999.9848573234
4999.9848573234
4999.9848573234
4999.9848573234
4999.9848573234
4999.9848573234
4999.9848573234
4999.9848573234
4999.9848573234
4999.9848573232
4999.9848573214
4999.9848572940
4999.9848569225
4999.9848520826
4999.9847747654
4999.9803039650
4999.2552822175
4872.0000178350
5060.0000000000
5031.0000000000
4831.0000000000
4317.0000000000
910.0000000000
8.0000000000
0.0000000000
0.0000000000
0.0000000000
0.0000000000
0.0000000000
0.0000000000
0.0000000000
0.0000000000
0.0000000000
0.0000000000
0.0000000000
0.0000000000
0.0000000000
0.0000000000
0.0000000000
0.0000000000
0.0000000000
0.0000000000
0.0000000000
0.0000000000
0.0000000000
0.0000000000
0.0000000000
0.0000000000
0.0000000000
0.0000000000
0.0000000000
0.0000000000
0.0000000000
0.0000000000
0.0000000000
0.0000000000
0.0000000000
0.0000000000
0.0000000000
0.0000000000
0.0000000000
0.0000000000
0.0000000000
0.0000000000
0.0000000000
0.0000000000
0.0000000000
0.0000000000
0.0000000000
0.0000000000
0.0000000000
0.0000000000
0.0000000000
0.0000000000
0.0000000000
0.0000000000