5000.0048893255
5000.0048893255
5000.0048893255
5000.0048893255
5000.0048893255
5000.0048893255
5000.0048893255
5000.0048893255
5000.0048893255
5000.0048893255
5000.0048893255
5000.0048893255
5000.0048893255
5000.0048893255
5000.0048893255
5000.0048893255
5000.0048893255
5000.0048893255
5000.0048893255
5000.0048893255
5000.0048893255
5000.0048893255
5000.0048893255
5000.0048893255
5000.0048893255
5000.0048893255
5000.0048893255
5000.0048893255
5000.0048893255
5000.0048893255
5000.0048893255
5000.0048893255
5000.0048893253
5000.0048893218
5000.0048892630
5000.0048883353
5000.0048752151
5000.0047090430
5000.0025413570
4999.9650597629
4999.2924416759
5042.9999919838
4960.0000000000
4624.0000000000
2450.0000000000
446.0000000000
13.0000000000
0.0000000000
0.0000000000
0.0000000000
0.0000000000
0.0000000000
0.0000000000
0.0000000000
0.0000000000
0.0000000000
0.0000000000
0.0000000000
0.0000000000
0.0000000000
0.0000000000
0.0000000000
0.0000000000
0.0000000000
0.0000000000
0.0000000000
0.0000000000
0.0000000000
0.0000000000
0.0000000000
0.0000000000
0.0000000000
0.0000000000
0.0000000000
0.0000000000
0.0000000000
0.0000000000
0.0000000000
0.0000000000
0.0000000000
0.0000000000
0.0000000000
0.0000000000
0.0000000000
0.0000000000
0.0000000000
0.0000000000
0.0000000000
0.0000000000
0.0000000000
0.0000000000
0.0000000000
0.0000000000
0.0000000000
0.0000000000
0.0000000000
0.0000000000
0.0000000000
0.0000000000
0.0000000000