4999.9920394833
4999.9920394833
4999.9920394833
4999.9920394833
4999.9920394833
4999.9920394833
4999.9920394833
4999.9920394833
4999.9920394833
4999.9920394833
4999.9920394833
4999.9920394833
4999.9920394833
4999.9920394833
4999.9920394833
4999.9920394833
4999.9920394833
4999.9920394833
4999.9920394833
4999.9920394833
4999.9920394833
4999.9920394833
4999.9920394833
4999.9920394833
4999.9920394833
4999.9920394833
4999.9920394833
4999.9920394833
4999.9920394833
4999.9920394833
4999.9920394833
4999.9920394833
4999.9920394833
4999.9920394833
4999.9920394833
4999.9920394834
4999.9920394890
4999.9920400237
4999.9920856675
4999.9947965111
4999.7874549620
4954.0000066427
5063.0000000000
5020.0000000000
5072.0000000000
5044.0000000000
4985.0000000000
4883.0000000000
4244.0000000000
406.0000000000
10.0000000000
0.0000000000
0.0000000000
0.0000000000
0.0000000000
0.0000000000
0.0000000000
0.0000000000
0.0000000000
0.0000000000
0.0000000000
0.0000000000
0.0000000000
0.0000000000
0.0000000000
0.0000000000
0.0000000000
0.0000000000
0.0000000000
0.0000000000
0.0000000000
0.0000000000
0.0000000000
0.0000000000
0.0000000000
0.0000000000
0.0000000000
0.0000000000
0.0000000000
0.0000000000
0.0000000000
0.0000000000
0.0000000000
0.0000000000
0.0000000000
0.0000000000
0.0000000000
0.0000000000
0.0000000000
0.0000000000
0.0000000000
0.0000000000
0.0000000000
0.0000000000
0.0000000000
0.0000000000
0.0000000000
0.0000000000
0.0000000000
0.0000000000