4999.9827749553
4999.9827749553
4999.9827749553
4999.9827749553
4999.9827749553
4999.9827749553
4999.9827749553
4999.9827749553
4999.9827749553
4999.9827749553
4999.9827749553
4999.9827749553
4999.9827749553
4999.9827749553
4999.9827749553
4999.9827749553
4999.9827749553
4999.9827749553
4999.9827749553
4999.9827749553
4999.9827749553
4999.9827749553
4999.9827749553
4999.9827749553
4999.9827749553
4999.9827749553
4999.9827749553
4999.9827749553
4999.9827749553
4999.9827749553
4999.9827749553
4999.9827749552
4999.9827749552
4999.9827749552
4999.9827749549
4999.9827749502
4999.9827748853
4999.9827737256
4999.9827203369
4999.9796890006
5000.1745230788
5073.9999777848
5015.0000000000
5024.0000000000
4947.0000000000
4919.0000000000
3307.0000000000
173.0000000000
2.0000000000
0.0000000000
0.0000000000
0.0000000000
0.0000000000
0.0000000000
0.0000000000
0.0000000000
0.0000000000
0.0000000000
0.0000000000
0.0000000000
0.0000000000
0.0000000000
0.0000000000
0.0000000000
0.0000000000
0.0000000000
0.0000000000
0.0000000000
0.0000000000
0.0000000000
0.0000000000
0.0000000000
0.0000000000
0.0000000000
0.0000000000
0.0000000000
0.0000000000
0.0000000000
0.0000000000
0.0000000000
0.0000000000
0.0000000000
0.0000000000
0.0000000000
0.0000000000
0.0000000000
0.0000000000
0.0000000000
0.0000000000
0.0000000000
0.0000000000
0.0000000000
0.0000000000
0.0000000000
0.0000000000
0.0000000000
0.0000000000
0.0000000000
0.0000000000
0.0000000000