4999.9919386041
4999.9919386041
4999.9919386041
4999.9919386041
4999.9919386041
4999.9919386041
4999.9919386041
4999.9919386041
4999.9919386041
4999.9919386041
4999.9919386041
4999.9919386041
4999.9919386041
4999.9919386041
4999.9919386041
4999.9919386041
4999.9919386041
4999.9919386041
4999.9919386041
4999.9919386041
4999.9919386041
4999.9919386041
4999.9919386041
4999.9919386041
4999.9919386041
4999.9919386041
4999.9919386041
4999.9919386041
4999.9919386041
4999.9919386041
4999.9919386041
4999.9919386041
4999.9919386041
4999.9919386041
4999.9919386041
4999.9919386041
4999.9919386068
4999.9919389546
4999.9919780758
4999.9963953165
5000.3895703286
4968.0000086742
5012.0000000000
4961.0000000000
4940.0000000000
4875.0000000000
5102.0000000000
4953.0000000000
4810.0000000000
4982.0000000000
5055.0000000000
4991.0000000000
5037.0000000000
4938.0000000000
4122.0000000000
899.0000000000
37.0000000000
0.0000000000
0.0000000000
0.0000000000
0.0000000000
0.0000000000
0.0000000000
0.0000000000
0.0000000000
0.0000000000
0.0000000000
0.0000000000
0.0000000000
0.0000000000
0.0000000000
0.0000000000
0.0000000000
0.0000000000
0.0000000000
0.0000000000
0.0000000000
0.0000000000
0.0000000000
0.0000000000
0.0000000000
0.0000000000
0.0000000000
0.0000000000
0.0000000000
0.0000000000
0.0000000000
0.0000000000
0.0000000000
0.0000000000
0.0000000000
0.0000000000
0.0000000000
0.0000000000
0.0000000000
0.0000000000
0.0000000000
0.0000000000
0.0000000000
0.0000000000