5000.0105330018
5000.0105330018
5000.0105330018
5000.0105330018
5000.0105330018
5000.0105330018
5000.0105330018
5000.0105330018
5000.0105330018
5000.0105330018
5000.0105330018
5000.0105330018
5000.0105330018
5000.0105330018
5000.0105330018
5000.0105330018
5000.0105330018
5000.0105330018
5000.0105330018
5000.0105330018
5000.0105330018
5000.0105330018
5000.0105330018
5000.0105330018
5000.0105330018
5000.0105330018
5000.0105330018
5000.0105330018
5000.0105330018
5000.0105330018
5000.0105330018
5000.0105330018
5000.0105330018
5000.0105330018
5000.0105330018
5000.0105330018
5000.0105330018
5000.0105331971
5000.0105747305
5000.0151829747
5000.1034757490
4979.0000030095
4943.0000000000
4891.0000000000
4961.0000000000
4926.0000000000
4961.0000000000
4952.0000000000
4978.0000000000
5082.0000000000
4946.0000000000
4927.0000000000
4886.0000000000
4656.0000000000
1924.0000000000
115.0000000000
5.0000000000
0.0000000000
0.0000000000
0.0000000000
0.0000000000
0.0000000000
0.0000000000
0.0000000000
0.0000000000
0.0000000000
0.0000000000
0.0000000000
0.0000000000
0.0000000000
0.0000000000
0.0000000000
0.0000000000
0.0000000000
0.0000000000
0.0000000000
0.0000000000
0.0000000000
0.0000000000
0.0000000000
0.0000000000
0.0000000000
0.0000000000
0.0000000000
0.0000000000
0.0000000000
0.0000000000
0.0000000000
0.0000000000
0.0000000000
0.0000000000
0.0000000000
0.0000000000
0.0000000000
0.0000000000
0.0000000000
0.0000000000
0.0000000000
0.0000000000
0.0000000000