5000.0005334932
5000.0005334932
5000.0005334932
5000.0005334932
5000.0005334932
5000.0005334932
5000.0005334932
5000.0005334932
5000.0005334932
5000.0005334932
5000.0005334932
5000.0005334932
5000.0005334932
5000.0005334932
5000.0005334932
5000.0005334932
5000.0005334932
5000.0005334932
5000.0005334932
5000.0005334932
5000.0005334932
5000.0005334932
5000.0005334932
5000.0005334932
5000.0005334932
5000.0005334932
5000.0005334932
5000.0005334932
5000.0005334932
5000.0005334932
5000.0005334932
5000.0005334932
5000.0005334932
5000.0005334932
5000.0005334932
5000.0005334932
5000.0005334931
5000.0005334906
5000.0005333175
5000.0000580708
4999.9744933481
5037.9999971338
4975.0000000000
5074.0000000000
5067.0000000000
4969.0000000000
4947.0000000000
4897.0000000000
5039.0000000000
5013.0000000000
5019.0000000000
5087.0000000000
5037.0000000000
4973.0000000000
5078.0000000000
4938.0000000000
4075.0000000000
1113.0000000000
133.0000000000
9.0000000000
0.0000000000
0.0000000000
0.0000000000
0.0000000000
0.0000000000
0.0000000000
0.0000000000
0.0000000000
0.0000000000
0.0000000000
0.0000000000
0.0000000000
0.0000000000
0.0000000000
0.0000000000
0.0000000000
0.0000000000
0.0000000000
0.0000000000
0.0000000000
0.0000000000
0.0000000000
0.0000000000
0.0000000000
0.0000000000
0.0000000000
0.0000000000
0.0000000000
0.0000000000
0.0000000000
0.0000000000
0.0000000000
0.0000000000
0.0000000000
0.0000000000
0.0000000000
0.0000000000
0.0000000000
0.0000000000
0.0000000000