4999.9502992269
4999.9502992269
4999.9502992269
4999.9502992269
4999.9502992269
4999.9502992269
4999.9502992269
4999.9502992269
4999.9502992269
4999.9502992269
4999.9502992269
4999.9502992269
4999.9502992269
4999.9502992269
4999.9502992269
4999.9502992269
4999.9502992269
4999.9502992269
4999.9502992269
4999.9502992269
4999.9502992269
4999.9502992269
4999.9502992269
4999.9502992269
4999.9502992269
4999.9502992268
4999.9502992265
4999.9502992208
4999.9502991274
4999.9502975156
4999.9502685832
4999.9497380294
4999.9399484450
4999.7641374932
4996.8583616498
4951.9712348286
4126.7300054593
786.0833183472
51.0000000000
0.0000000000
0.0000000000
0.0000000000
0.0000000000
0.0000000000
0.0000000000
0.0000000000
0.0000000000
0.0000000000
0.0000000000
0.0000000000
0.0000000000
0.0000000000
0.0000000000
0.0000000000
0.0000000000
0.0000000000
0.0000000000
0.0000000000
0.0000000000
0.0000000000
0.0000000000
0.0000000000
0.0000000000
0.0000000000
0.0000000000
0.0000000000
0.0000000000
0.0000000000
0.0000000000
0.0000000000
0.0000000000
0.0000000000
0.0000000000
0.0000000000
0.0000000000
0.0000000000
0.0000000000
0.0000000000
0.0000000000
0.0000000000
0.0000000000
0.0000000000
0.0000000000
0.0000000000
0.0000000000
0.0000000000
0.0000000000
0.0000000000
0.0000000000
0.0000000000
0.0000000000
0.0000000000
0.0000000000
0.0000000000
0.0000000000
0.0000000000
0.0000000000
0.0000000000
0.0000000000
0.0000000000