5000.0519789654
5000.0519789654
5000.0519789654
5000.0519789654
5000.0519789654
5000.0519789654
5000.0519789654
5000.0519789654
5000.0519789654
5000.0519789654
5000.0519789654
5000.0519789654
5000.0519789654
5000.0519789654
5000.0519789654
5000.0519789654
5000.0519789654
5000.0519789654
5000.0519789654
5000.0519789654
5000.0519789654
5000.0519789654
5000.0519789654
5000.0519789654
5000.0519789654
5000.0519789654
5000.0519789654
5000.0519789652
5000.0519789620
5000.0519789059
5000.0519778869
5000.0519592825
5000.0516253646
5000.0458891006
4999.9516264920
4998.3747189065
4970.7119934365
4524.5777133578
1790.0066939568
73.0000000000
1.0000000000
0.0000000000
0.0000000000
0.0000000000
0.0000000000
0.0000000000
0.0000000000
0.0000000000
0.0000000000
0.0000000000
0.0000000000
0.0000000000
0.0000000000
0.0000000000
0.0000000000
0.0000000000
0.0000000000
0.0000000000
0.0000000000
0.0000000000
0.0000000000
0.0000000000
0.0000000000
0.0000000000
0.0000000000
0.0000000000
0.0000000000
0.0000000000
0.0000000000
0.0000000000
0.0000000000
0.0000000000
0.0000000000
0.0000000000
0.0000000000
0.0000000000
0.0000000000
0.0000000000
0.0000000000
0.0000000000
0.0000000000
0.0000000000
0.0000000000
0.0000000000
0.0000000000
0.0000000000
0.0000000000
0.0000000000
0.0000000000
0.0000000000
0.0000000000
0.0000000000
0.0000000000
0.0000000000
0.0000000000
0.0000000000
0.0000000000
0.0000000000
0.0000000000
0.0000000000