5000.0251935417
5000.0251935417
5000.0251935417
5000.0251935417
5000.0251935417
5000.0251935417
5000.0251935417
5000.0251935417
5000.0251935417
5000.0251935417
5000.0251935417
5000.0251935417
5000.0251935417
5000.0251935417
5000.0251935417
5000.0251935417
5000.0251935417
5000.0251935417
5000.0251935417
5000.0251935417
5000.0251935417
5000.0251935417
5000.0251935417
5000.0251935417
5000.0251935417
5000.0251935417
5000.0251935417
5000.0251935417
5000.0251935417
5000.0251935417
5000.0251935417
5000.0251935417
5000.0251935416
5000.0251935404
5000.0251935218
5000.0251932318
5000.0251887357
5000.0251171385
5000.0239514798
5000.0060150884
4999.7645719368
4996.5164045523
4936.2066630205
3728.0732608046
862.0705127250
15.0000000000
0.0000000000
0.0000000000
0.0000000000
0.0000000000
0.0000000000
0.0000000000
0.0000000000
0.0000000000
0.0000000000
0.0000000000
0.0000000000
0.0000000000
0.0000000000
0.0000000000
0.0000000000
0.0000000000
0.0000000000
0.0000000000
0.0000000000
0.0000000000
0.0000000000
0.0000000000
0.0000000000
0.0000000000
0.0000000000
0.0000000000
0.0000000000
0.0000000000
0.0000000000
0.0000000000
0.0000000000
0.0000000000
0.0000000000
0.0000000000
0.0000000000
0.0000000000
0.0000000000
0.0000000000
0.0000000000
0.0000000000
0.0000000000
0.0000000000
0.0000000000
0.0000000000
0.0000000000
0.0000000000
0.0000000000
0.0000000000
0.0000000000
0.0000000000
0.0000000000
0.0000000000
0.0000000000
0.0000000000