5000.0840593968
5000.0840593968
5000.0840593968
5000.0840593968
5000.0840593968
5000.0840593968
5000.0840593968
5000.0840593968
5000.0840593968
5000.0840593968
5000.0840593968
5000.0840593968
5000.0840593968
5000.0840593968
5000.0840593968
5000.0840593968
5000.0840593968
5000.0840593968
5000.0840593968
5000.0840593968
5000.0840593968
5000.0840593968
5000.0840593968
5000.0840593968
5000.0840593968
5000.0840593968
5000.0840593968
5000.0840593968
5000.0840593968
5000.0840593968
5000.0840593968
5000.0840593968
5000.0840593968
5000.0840593968
5000.0840593968
5000.0840593968
5000.0840593968
5000.0840593968
5000.0840593968
5000.0840593968
5000.0840593968
5000.0840593968
5000.0840593968
5000.0840593968
5000.0840593968
5000.0840593968
5000.0840593968
5000.0840593968
5000.0840593963
5000.0840593889
5000.0840592639
5000.0840570017
5000.0840149368
5000.0832452923
5000.0695324011
4999.8225214266
4994.7895083063
4884.6342586415
3249.3155058401
213.1931392637
17.0000000000
0.0000000000
0.0000000000
0.0000000000
0.0000000000
0.0000000000
0.0000000000
0.0000000000
0.0000000000
0.0000000000
0.0000000000
0.0000000000
0.0000000000
0.0000000000
0.0000000000
0.0000000000
0.0000000000
0.0000000000
0.0000000000
0.0000000000
0.0000000000
0.0000000000
0.0000000000
0.0000000000
0.0000000000
0.0000000000
0.0000000000
0.0000000000
0.0000000000
0.0000000000
0.0000000000
0.0000000000
0.0000000000
0.0000000000
0.0000000000
0.0000000000
0.0000000000
0.0000000000
0.0000000000
0.0000000000