4999.9322937283
4999.9322937283
4999.9322937283
4999.9322937283
4999.9322937283
4999.9322937283
4999.9322937283
4999.9322937283
4999.9322937283
4999.9322937283
4999.9322937283
4999.9322937283
4999.9322937283
4999.9322937283
4999.9322937283
4999.9322937283
4999.9322937283
4999.9322937283
4999.9322937283
4999.9322937283
4999.9322937283
4999.9322937283
4999.9322937283
4999.9322937283
4999.9322937283
4999.9322937283
4999.9322937283
4999.9322937283
4999.9322937283
4999.9322937283
4999.9322937283
4999.9322937283
4999.9322937283
4999.9322937283
4999.9322937283
4999.9322937283
4999.9322937283
4999.9322937283
4999.9322937283
4999.9322937283
4999.9322937283
4999.9322937283
4999.9322937283
4999.9322937283
4999.9322937283
4999.9322937283
4999.9322937283
4999.9322937283
4999.9322937283
4999.9322937283
4999.9322937283
4999.9322937278
4999.9322937180
4999.9322935360
4999.9322900431
4999.9322216776
4999.9309043562
4999.9066265383
4999.4848021215
4993.1260260896
4921.8278131165
3949.1314451229
1210.0485342980
46.0000000000
0.0000000000
0.0000000000
0.0000000000
0.0000000000
0.0000000000
0.0000000000
0.0000000000
0.0000000000
0.0000000000
0.0000000000
0.0000000000
0.0000000000
0.0000000000
0.0000000000
0.0000000000
0.0000000000
0.0000000000
0.0000000000
0.0000000000
0.0000000000
0.0000000000
0.0000000000
0.0000000000
0.0000000000
0.0000000000
0.0000000000
0.0000000000
0.0000000000
0.0000000000
0.0000000000
0.0000000000
0.0000000000
0.0000000000
0.0000000000
0.0000000000
0.0000000000