4999.8975487771
4999.8975487771
4999.8975487771
4999.8975487771
4999.8975487771
4999.8975487771
4999.8975487771
4999.8975487771
4999.8975487771
4999.8975487771
4999.8975487771
4999.8975487771
4999.8975487771
4999.8975487771
4999.8975487771
4999.8975487771
4999.8975487771
4999.8975487771
4999.8975487771
4999.8975487771
4999.8975487771
4999.8975487771
4999.8975487771
4999.8975487771
4999.8975487771
4999.8975487771
4999.8975487771
4999.8975487771
4999.8975487771
4999.8975487771
4999.8975487771
4999.8975487771
4999.8975487771
4999.8975487771
4999.8975487771
4999.8975487771
4999.8975487771
4999.8975487771
4999.8975487771
4999.8975487771
4999.8975487771
4999.8975487771
4999.8975487771
4999.8975487771
4999.8975487771
4999.8975487771
4999.8975487771
4999.8975487771
4999.8975487771
4999.8975487768
4999.8975487724
4999.8975486922
4999.8975472177
4999.8975204157
4999.8970287755
4999.8875208074
4999.6940102917
4995.9378864577
4930.0999394621
3665.4447329198
857.0181303026
47.0000000000
1.0000000000
0.0000000000
0.0000000000
0.0000000000
0.0000000000
0.0000000000
0.0000000000
0.0000000000
0.0000000000
0.0000000000
0.0000000000
0.0000000000
0.0000000000
0.0000000000
0.0000000000
0.0000000000
0.0000000000
0.0000000000
0.0000000000
0.0000000000
0.0000000000
0.0000000000
0.0000000000
0.0000000000
0.0000000000
0.0000000000
0.0000000000
0.0000000000
0.0000000000
0.0000000000
0.0000000000
0.0000000000
0.0000000000
0.0000000000
0.0000000000
0.0000000000
0.0000000000
0.0000000000