0 4143.014264
1 4143.014264
2 4143.014264
3 4143.014716
4 4143.170301
5 4161.636621
6 4161.790924
7 4161.791390
8 4161.791390
9 4161.791390
10 4161.791390
11 4161.791390
12 4161.791390
13 4161.791390
14 4161.791390
15 4161.791390
16 4161.791390
17 4161.791390
18 4161.791390
19 4161.791390
20 4161.791390
21 4161.791390
22 4161.791390
23 4161.791390
24 4161.791390
25 4161.791390
26 4161.791390
27 4161.791390
28 4161.791390
29 4161.791390
30 4161.791390
31 4161.791390
32 4161.791390
33 4161.791390
34 4161.791390
35 4161.791390
36 4161.791390
37 4161.791390
38 4161.791390
39 4161.791390
40 4161.791390
41 4161.791390
42 4161.791390
43 4161.791390
44 4161.791390
45 4161.791390
46 4161.791390
47 4161.791390
48 4161.791390
49 4161.791390
50 4161.791390
51 4161.791390
52 4161.791390
53 4161.791390
54 4161.791390
55 4161.791390
56 4161.791390
57 4161.791390
58 4161.791390
59 4161.791390
60 4161.791390
61 4161.791390
62 4161.791390
63 4161.791390
64 4161.791390
65 4161.791390
66 4161.791390
67 4161.791390
68 4161.791390
69 4161.791390
70 4161.791390
71 4161.791390
72 4161.791390
73 4161.791390
74 4161.791390
75 4161.791390
76 4161.791390
77 4161.791390
78 4161.791390
79 4161.791390
80 4161.791390
81 4161.791390
82 4161.791390
83 4161.791390
84 4161.791390
85 4161.791390
86 4161.791390
87 4161.791390
88 4161.791390
89 4161.791390
90 4161.791390
91 4161.791390
92 4161.791390
93 4161.791390
94 4161.791390
95 4161.791390
96 4161.791390
97 4161.791390
98 4161.791390
99 4161.791390
