0 4159.652631
1 4159.652631
2 4159.652632
3 4159.652644
4 4159.652823
5 4159.654093
6 4159.654272
7 4159.654285
8 4159.654285
9 4159.654285
10 4159.654285
11 4159.654285
12 4159.654285
13 4159.654285
14 4159.654285
15 4159.654285
16 4159.654285
17 4159.654285
18 4159.654285
19 4159.654285
20 4159.654285
21 4159.654285
22 4159.654285
23 4159.654285
24 4159.654285
25 4159.654285
26 4159.654285
27 4159.654285
28 4159.654285
29 4159.654285
30 4159.654285
31 4159.654285
32 4159.654285
33 4159.654285
34 4159.654285
35 4159.654285
36 4159.654285
37 4159.654285
38 4159.654285
39 4159.654285
40 4159.654285
41 4159.654285
42 4159.654285
43 4159.654285
44 4159.654285
45 4159.654285
46 4159.654285
47 4159.654285
48 4159.654285
49 4159.654285
50 4159.654285
51 4159.654285
52 4159.654285
53 4159.654285
54 4159.654285
55 4159.654285
56 4159.654285
57 4159.654285
58 4159.654285
59 4159.654285
60 4159.654285
61 4159.654285
62 4159.654285
63 4159.654285
64 4159.654285
65 4159.654285
66 4159.654285
67 4159.654285
68 4159.654285
69 4159.654285
70 4159.654285
71 4159.654285
72 4159.654285
73 4159.654285
74 4159.654285
75 4159.654285
76 4159.654285
77 4159.654285
78 4159.654285
79 4159.654285
80 4159.654285
81 4159.654285
82 4159.654285
83 4159.654285
84 4159.654285
85 4159.654285
86 4159.654285
87 4159.654285
88 4159.654285
89 4159.654285
90 4159.654285
91 4159.654285
92 4159.654285
93 4159.654285
94 4159.654285
95 4159.654285
96 4159.654285
97 4159.654285
98 4159.654285
99 4159.654285
