5059.0000000000
4934.0000000000
5048.0000000000
5083.0000000000
4947.0000000000
4888.0000000000
4960.0000000000
4968.0000000000
4969.0000000000
4964.0000000000
4937.0000000000
5047.0000000000
5083.0000000000
5039.0000000000
5010.0000000000
5008.0000000000
5000.0000000000
5042.0000000000
5168.0000000000
5000.0000000000
4989.0000000000
5083.0000000000
5106.0000000000
4991.0000000000
4948.0000000000
4867.0000000000
4969.0000000000
4908.0000000000
4931.0000000000
5027.0000000000
4948.0000000000
4951.0000000000
5118.0000000000
4915.0000000000
4971.0000000000
5031.0000000000
4941.0000000000
5057.0000000000
5059.0000000000
4979.0000000000
5045.0000000000
5160.0000000000
5064.0000000000
5034.0000000000
5098.0000000000
4956.0000000000
4911.0000000000
5001.0000000000
5037.0000000000
5007.0000000000
4802.0000000000
4942.0000000000
4981.0000000000
5008.0000000000
4985.0000000000
4991.0000000000
5075.0000000000
4834.0000000000
5082.0000000000
4956.0000000000
5141.0000000000
4908.0000000000
4894.0000000000
5026.0000000000
4325.0000000000
1282.0000000000
32.0000000000
0.0000000000
0.0000000000
0.0000000000
0.0000000000
0.0000000000
0.0000000000
0.0000000000
0.0000000000
0.0000000000
0.0000000000
0.0000000000
0.0000000000
0.0000000000
0.0000000000
0.0000000000
0.0000000000
0.0000000000
0.0000000000
0.0000000000
0.0000000000
0.0000000000
0.0000000000
0.0000000000
0.0000000000
0.0000000000
0.0000000000
0.0000000000
0.0000000000
0.0000000000
0.0000000000
0.0000000000
0.0000000000
0.0000000000