4969.0000000000
3948.0000000000
994.0000000000
54.0000000000
1.0000000000
0.0000000000
0.0000000000
0.0000000000
0.0000000000
0.0000000000
0.0000000000
0.0000000000
0.0000000000
0.0000000000
0.0000000000
0.0000000000
0.0000000000
0.0000000000
0.0000000000
0.0000000000
0.0000000000
0.0000000000
0.0000000000
0.0000000000
0.0000000000
0.0000000000
0.0000000000
0.0000000000
0.0000000000
0.0000000000
0.0000000000
0.0000000000
0.0000000000
0.0000000000
0.0000000000
0.0000000000
0.0000000000
0.0000000000
0.0000000000
0.0000000000
0.0000000000
0.0000000000
0.0000000000
0.0000000000
0.0000000000
0.0000000000
0.0000000000
0.0000000000
0.0000000000
0.0000000000
0.0000000000
0.0000000000
0.0000000000
0.0000000000
0.0000000000
0.0000000000
0.0000000000
0.0000000000
0.0000000000
0.0000000000
0.0000000000
0.0000000000
0.0000000000
0.0000000000
0.0000000000
0.0000000000
0.0000000000
0.0000000000
0.0000000000
0.0000000000
0.0000000000
0.0000000000
0.0000000000
0.0000000000
0.0000000000
0.0000000000
0.0000000000
0.0000000000
0.0000000000
0.0000000000
0.0000000000
0.0000000000
0.0000000000
0.0000000000
0.0000000000
0.0000000000
0.0000000000
0.0000000000
0.0000000000
0.0000000000
0.0000000000
0.0000000000
0.0000000000
0.0000000000
0.0000000000
0.0000000000
0.0000000000
0.0000000000
0.0000000000
0.0000000000