5049.0000000000
5195.0000000000
4978.0000000000
5037.0000000000
5000.0000000000
4985.0000000000
4922.0000000000
5010.0000000000
5079.0000000000
4993.0000000000
4858.0000000000
5148.0000000000
4982.0000000000
4950.0000000000
4995.0000000000
4922.0000000000
4938.0000000000
4969.0000000000
4939.0000000000
4953.0000000000
4946.0000000000
5009.0000000000
4983.0000000000
5013.0000000000
4989.0000000000
4856.0000000000
4760.0000000000
3631.0000000000
369.0000000000
10.0000000000
0.0000000000
0.0000000000
0.0000000000
0.0000000000
0.0000000000
0.0000000000
0.0000000000
0.0000000000
0.0000000000
0.0000000000
0.0000000000
0.0000000000
0.0000000000
0.0000000000
0.0000000000
0.0000000000
0.0000000000
0.0000000000
0.0000000000
0.0000000000
0.0000000000
0.0000000000
0.0000000000
0.0000000000
0.0000000000
0.0000000000
0.0000000000
0.0000000000
0.0000000000
0.0000000000
0.0000000000
0.0000000000
0.0000000000
0.0000000000
0.0000000000
0.0000000000
0.0000000000
0.0000000000
0.0000000000
0.0000000000
0.0000000000
0.0000000000
0.0000000000
0.0000000000
0.0000000000
0.0000000000
0.0000000000
0.0000000000
0.0000000000
0.0000000000
0.0000000000
0.0000000000
0.0000000000
0.0000000000
0.0000000000
0.0000000000
0.0000000000
0.0000000000
0.0000000000
0.0000000000
0.0000000000
0.0000000000
0.0000000000
0.0000000000
0.0000000000
0.0000000000
0.0000000000
0.0000000000
0.0000000000
0.0000000000