5054.0000000000
4976.0000000000
4972.0000000000
5076.0000000000
5081.0000000000
5013.0000000000
4977.0000000000
4918.0000000000
4931.0000000000
4958.0000000000
5001.0000000000
4988.0000000000
4943.0000000000
5129.0000000000
5054.0000000000
5100.0000000000
4938.0000000000
5103.0000000000
5132.0000000000
5002.0000000000
5046.0000000000
4954.0000000000
4918.0000000000
4948.0000000000
5040.0000000000
4979.0000000000
4968.0000000000
4966.0000000000
5037.0000000000
4996.0000000000
4993.0000000000
4889.0000000000
4938.0000000000
4996.0000000000
5079.0000000000
4941.0000000000
4957.0000000000
4091.0000000000
695.0000000000
30.0000000000
0.0000000000
0.0000000000
0.0000000000
0.0000000000
0.0000000000
0.0000000000
0.0000000000
0.0000000000
0.0000000000
0.0000000000
0.0000000000
0.0000000000
0.0000000000
0.0000000000
0.0000000000
0.0000000000
0.0000000000
0.0000000000
0.0000000000
0.0000000000
0.0000000000
0.0000000000
0.0000000000
0.0000000000
0.0000000000
0.0000000000
0.0000000000
0.0000000000
0.0000000000
0.0000000000
0.0000000000
0.0000000000
0.0000000000
0.0000000000
0.0000000000
0.0000000000
0.0000000000
0.0000000000
0.0000000000
0.0000000000
0.0000000000
0.0000000000
0.0000000000
0.0000000000
0.0000000000
0.0000000000
0.0000000000
0.0000000000
0.0000000000
0.0000000000
0.0000000000
0.0000000000
0.0000000000
0.0000000000
0.0000000000
0.0000000000
0.0000000000
0.0000000000
0.0000000000
0.0000000000