5062.0000000000
5056.0000000000
5024.0000000000
4996.0000000000
5021.0000000000
5088.0000000000
4964.0000000000
4980.0000000000
5065.0000000000
4994.0000000000
5065.0000000000
4990.0000000000
5025.0000000000
4972.0000000000
4922.0000000000
4937.0000000000
5040.0000000000
5104.0000000000
5039.0000000000
5113.0000000000
4961.0000000000
4974.0000000000
5017.0000000000
5106.0000000000
4947.0000000000
5030.0000000000
4903.0000000000
4959.0000000000
5280.0000000000
4911.0000000000
5026.0000000000
4931.0000000000
4925.0000000000
4975.0000000000
5000.0000000000
5053.0000000000
4721.0000000000
2030.0000000000
102.0000000000
2.0000000000
0.0000000000
0.0000000000
0.0000000000
0.0000000000
0.0000000000
0.0000000000
0.0000000000
0.0000000000
0.0000000000
0.0000000000
0.0000000000
0.0000000000
0.0000000000
0.0000000000
0.0000000000
0.0000000000
0.0000000000
0.0000000000
0.0000000000
0.0000000000
0.0000000000
0.0000000000
0.0000000000
0.0000000000
0.0000000000
0.0000000000
0.0000000000
0.0000000000
0.0000000000
0.0000000000
0.0000000000
0.0000000000
0.0000000000
0.0000000000
0.0000000000
0.0000000000
0.0000000000
0.0000000000
0.0000000000
0.0000000000
0.0000000000
0.0000000000
0.0000000000
0.0000000000
0.0000000000
0.0000000000
0.0000000000
0.0000000000
0.0000000000
0.0000000000
0.0000000000
0.0000000000
0.0000000000
0.0000000000
0.0000000000
0.0000000000
0.0000000000
0.0000000000
0.0000000000
0.0000000000