5006.0000000000
5016.0000000000
5002.0000000000
4914.0000000000
4888.0000000000
5086.0000000000
4965.0000000000
5002.0000000000
4950.0000000000
5035.0000000000
4983.0000000000
4920.0000000000
5099.0000000000
5032.0000000000
4980.0000000000
4976.0000000000
4947.0000000000
5019.0000000000
4888.0000000000
4959.0000000000
5035.0000000000
5037.0000000000
5029.0000000000
5048.0000000000
4956.0000000000
5044.0000000000
4883.0000000000
4902.0000000000
4996.0000000000
4977.0000000000
4910.0000000000
5009.0000000000
4907.0000000000
4774.0000000000
3787.0000000000
494.0000000000
8.0000000000
0.0000000000
0.0000000000
0.0000000000
0.0000000000
0.0000000000
0.0000000000
0.0000000000
0.0000000000
0.0000000000
0.0000000000
0.0000000000
0.0000000000
0.0000000000
0.0000000000
0.0000000000
0.0000000000
0.0000000000
0.0000000000
0.0000000000
0.0000000000
0.0000000000
0.0000000000
0.0000000000
0.0000000000
0.0000000000
0.0000000000
0.0000000000
0.0000000000
0.0000000000
0.0000000000
0.0000000000
0.0000000000
0.0000000000
0.0000000000
0.0000000000
0.0000000000
0.0000000000
0.0000000000
0.0000000000
0.0000000000
0.0000000000
0.0000000000
0.0000000000
0.0000000000
0.0000000000
0.0000000000
0.0000000000
0.0000000000
0.0000000000
0.0000000000
0.0000000000
0.0000000000
0.0000000000
0.0000000000
0.0000000000
0.0000000000
0.0000000000
0.0000000000
0.0000000000
0.0000000000
0.0000000000
0.0000000000
0.0000000000