5077.0000000000
5053.0000000000
4854.0000000000
5014.0000000000
4988.0000000000
4937.0000000000
4947.0000000000
4897.0000000000
4803.0000000000
5078.0000000000
4965.0000000000
4953.0000000000
4891.0000000000
4986.0000000000
4973.0000000000
5015.0000000000
4975.0000000000
4880.0000000000
5005.0000000000
4991.0000000000
4982.0000000000
4975.0000000000
5104.0000000000
4879.0000000000
4994.0000000000
4914.0000000000
5071.0000000000
4967.0000000000
4925.0000000000
5087.0000000000
5049.0000000000
4993.0000000000
4954.0000000000
4956.0000000000
5019.0000000000
4901.0000000000
4996.0000000000
5119.0000000000
4935.0000000000
4213.0000000000
803.0000000000
8.0000000000
0.0000000000
0.0000000000
0.0000000000
0.0000000000
0.0000000000
0.0000000000
0.0000000000
0.0000000000
0.0000000000
0.0000000000
0.0000000000
0.0000000000
0.0000000000
0.0000000000
0.0000000000
0.0000000000
0.0000000000
0.0000000000
0.0000000000
0.0000000000
0.0000000000
0.0000000000
0.0000000000
0.0000000000
0.0000000000
0.0000000000
0.0000000000
0.0000000000
0.0000000000
0.0000000000
0.0000000000
0.0000000000
0.0000000000
0.0000000000
0.0000000000
0.0000000000
0.0000000000
0.0000000000
0.0000000000
0.0000000000
0.0000000000
0.0000000000
0.0000000000
0.0000000000
0.0000000000
0.0000000000
0.0000000000
0.0000000000
0.0000000000
0.0000000000
0.0000000000
0.0000000000
0.0000000000
0.0000000000
0.0000000000
0.0000000000
0.0000000000
0.0000000000