4994.0000000000
5139.0000000000
5060.0000000000
5012.0000000000
4967.0000000000
5087.0000000000
5018.0000000000
4997.0000000000
4955.0000000000
5041.0000000000
5103.0000000000
5044.0000000000
4950.0000000000
4988.0000000000
4915.0000000000
5026.0000000000
5039.0000000000
4934.0000000000
4972.0000000000
5069.0000000000
4949.0000000000
4916.0000000000
5033.0000000000
4929.0000000000
4923.0000000000
5047.0000000000
5063.0000000000
5056.0000000000
5009.0000000000
4941.0000000000
5080.0000000000
4818.0000000000
4934.0000000000
5040.0000000000
5026.0000000000
5017.0000000000
4930.0000000000
5011.0000000000
5038.0000000000
5019.0000000000
4996.0000000000
4988.0000000000
4891.0000000000
3494.0000000000
380.0000000000
10.0000000000
0.0000000000
0.0000000000
0.0000000000
0.0000000000
0.0000000000
0.0000000000
0.0000000000
0.0000000000
0.0000000000
0.0000000000
0.0000000000
0.0000000000
0.0000000000
0.0000000000
0.0000000000
0.0000000000
0.0000000000
0.0000000000
0.0000000000
0.0000000000
0.0000000000
0.0000000000
0.0000000000
0.0000000000
0.0000000000
0.0000000000
0.0000000000
0.0000000000
0.0000000000
0.0000000000
0.0000000000
0.0000000000
0.0000000000
0.0000000000
0.0000000000
0.0000000000
0.0000000000
0.0000000000
0.0000000000
0.0000000000
0.0000000000
0.0000000000
0.0000000000
0.0000000000
0.0000000000
0.0000000000
0.0000000000
0.0000000000
0.0000000000
0.0000000000
0.0000000000
0.0000000000
0.0000000000
0.0000000000