4900.0000000000
4991.0000000000
5090.0000000000
5074.0000000000
5049.0000000000
4991.0000000000
5035.0000000000
5076.0000000000
4880.0000000000
4946.0000000000
4968.0000000000
4974.0000000000
5044.0000000000
5030.0000000000
4923.0000000000
5079.0000000000
5055.0000000000
4975.0000000000
5127.0000000000
4986.0000000000
4899.0000000000
4994.0000000000
4919.0000000000
5010.0000000000
5015.0000000000
5082.0000000000
5071.0000000000
5044.0000000000
4941.0000000000
4918.0000000000
5010.0000000000
4831.0000000000
5081.0000000000
5014.0000000000
5014.0000000000
5073.0000000000
5100.0000000000
4980.0000000000
5114.0000000000
5006.0000000000
4909.0000000000
4980.0000000000
5100.0000000000
5022.0000000000
4989.0000000000
5004.0000000000
4801.0000000000
4103.0000000000
2696.0000000000
122.0000000000
10.0000000000
0.0000000000
0.0000000000
0.0000000000
0.0000000000
0.0000000000
0.0000000000
0.0000000000
0.0000000000
0.0000000000
0.0000000000
0.0000000000
0.0000000000
0.0000000000
0.0000000000
0.0000000000
0.0000000000
0.0000000000
0.0000000000
0.0000000000
0.0000000000
0.0000000000
0.0000000000
0.0000000000
0.0000000000
0.0000000000
0.0000000000
0.0000000000
0.0000000000
0.0000000000
0.0000000000
0.0000000000
0.0000000000
0.0000000000
0.0000000000
0.0000000000
0.0000000000
0.0000000000
0.0000000000
0.0000000000
0.0000000000
0.0000000000
0.0000000000
0.0000000000
0.0000000000
0.0000000000
0.0000000000
0.0000000000
0.0000000000
0.0000000000