5039.0000000000
5100.0000000000
5028.0000000000
5068.0000000000
5017.0000000000
4965.0000000000
4931.0000000000
4918.0000000000
5011.0000000000
5086.0000000000
4965.0000000000
4975.0000000000
4933.0000000000
4863.0000000000
5003.0000000000
4950.0000000000
4889.0000000000
5122.0000000000
5126.0000000000
5045.0000000000
5002.0000000000
5018.0000000000
4952.0000000000
5036.0000000000
5051.0000000000
5063.0000000000
5158.0000000000
4976.0000000000
4985.0000000000
4927.0000000000
4960.0000000000
5092.0000000000
5100.0000000000
4938.0000000000
4921.0000000000
5184.0000000000
4935.0000000000
4959.0000000000
5017.0000000000
4984.0000000000
4970.0000000000
4907.0000000000
5117.0000000000
4844.0000000000
4112.0000000000
856.0000000000
16.0000000000
1.0000000000
0.0000000000
0.0000000000
0.0000000000
0.0000000000
0.0000000000
0.0000000000
0.0000000000
0.0000000000
0.0000000000
0.0000000000
0.0000000000
0.0000000000
0.0000000000
0.0000000000
0.0000000000
0.0000000000
0.0000000000
0.0000000000
0.0000000000
0.0000000000
0.0000000000
0.0000000000
0.0000000000
0.0000000000
0.0000000000
0.0000000000
0.0000000000
0.0000000000
0.0000000000
0.0000000000
0.0000000000
0.0000000000
0.0000000000
0.0000000000
0.0000000000
0.0000000000
0.0000000000
0.0000000000
0.0000000000
0.0000000000
0.0000000000
0.0000000000
0.0000000000
0.0000000000
0.0000000000
0.0000000000
0.0000000000
0.0000000000
0.0000000000
0.0000000000
0.0000000000
0.0000000000