5104.0000000000
5063.0000000000
5021.0000000000
4946.0000000000
5053.0000000000
5003.0000000000
4953.0000000000
5013.0000000000
5033.0000000000
4971.0000000000
4991.0000000000
4980.0000000000
5022.0000000000
4964.0000000000
4996.0000000000
4973.0000000000
5076.0000000000
5007.0000000000
4890.0000000000
5028.0000000000
4947.0000000000
4990.0000000000
5070.0000000000
5103.0000000000
4984.0000000000
5048.0000000000
4962.0000000000
5015.0000000000
4907.0000000000
4902.0000000000
5048.0000000000
5101.0000000000
4981.0000000000
4954.0000000000
5102.0000000000
4969.0000000000
4831.0000000000
5063.0000000000
5051.0000000000
4981.0000000000
4995.0000000000
5050.0000000000
4895.0000000000
5108.0000000000
5073.0000000000
4597.0000000000
1255.0000000000
35.0000000000
7.0000000000
0.0000000000
0.0000000000
0.0000000000
0.0000000000
0.0000000000
0.0000000000
0.0000000000
0.0000000000
0.0000000000
0.0000000000
0.0000000000
0.0000000000
0.0000000000
0.0000000000
0.0000000000
0.0000000000
0.0000000000
0.0000000000
0.0000000000
0.0000000000
0.0000000000
0.0000000000
0.0000000000
0.0000000000
0.0000000000
0.0000000000
0.0000000000
0.0000000000
0.0000000000
0.0000000000
0.0000000000
0.0000000000
0.0000000000
0.0000000000
0.0000000000
0.0000000000
0.0000000000
0.0000000000
0.0000000000
0.0000000000
0.0000000000
0.0000000000
0.0000000000
0.0000000000
0.0000000000
0.0000000000
0.0000000000
0.0000000000
0.0000000000
0.0000000000
0.0000000000