5042.0000000000
4961.0000000000
5010.0000000000
4862.0000000000
5031.0000000000
5030.0000000000
5023.0000000000
5004.0000000000
5026.0000000000
5011.0000000000
5002.0000000000
4947.0000000000
4981.0000000000
5022.0000000000
4933.0000000000
4999.0000000000
5008.0000000000
4832.0000000000
4937.0000000000
5116.0000000000
4903.0000000000
4953.0000000000
5026.0000000000
4994.0000000000
5101.0000000000
5056.0000000000
4891.0000000000
4949.0000000000
5013.0000000000
5058.0000000000
5008.0000000000
4996.0000000000
4974.0000000000
4953.0000000000
5018.0000000000
4967.0000000000
4941.0000000000
4981.0000000000
5009.0000000000
5089.0000000000
5020.0000000000
4912.0000000000
4991.0000000000
4878.0000000000
4984.0000000000
4971.0000000000
5084.0000000000
4958.0000000000
4991.0000000000
4923.0000000000
4392.0000000000
1805.0000000000
75.0000000000
0.0000000000
0.0000000000
0.0000000000
0.0000000000
0.0000000000
0.0000000000
0.0000000000
0.0000000000
0.0000000000
0.0000000000
0.0000000000
0.0000000000
0.0000000000
0.0000000000
0.0000000000
0.0000000000
0.0000000000
0.0000000000
0.0000000000
0.0000000000
0.0000000000
0.0000000000
0.0000000000
0.0000000000
0.0000000000
0.0000000000
0.0000000000
0.0000000000
0.0000000000
0.0000000000
0.0000000000
0.0000000000
0.0000000000
0.0000000000
0.0000000000
0.0000000000
0.0000000000
0.0000000000
0.0000000000
0.0000000000
0.0000000000
0.0000000000
0.0000000000
0.0000000000
0.0000000000
0.0000000000
0.0000000000