5130.0000000000
5062.0000000000
5001.0000000000
4845.0000000000
5070.0000000000
5064.0000000000
5065.0000000000
5048.0000000000
4964.0000000000
5118.0000000000
4962.0000000000
5013.0000000000
5053.0000000000
5100.0000000000
5095.0000000000
4959.0000000000
5006.0000000000
4996.0000000000
4911.0000000000
4969.0000000000
5081.0000000000
5122.0000000000
4896.0000000000
4977.0000000000
5068.0000000000
5020.0000000000
5072.0000000000
5001.0000000000
4983.0000000000
4833.0000000000
5002.0000000000
4970.0000000000
4997.0000000000
4945.0000000000
5042.0000000000
4944.0000000000
4917.0000000000
4987.0000000000
4894.0000000000
5047.0000000000
5063.0000000000
4900.0000000000
5062.0000000000
4971.0000000000
4904.0000000000
4853.0000000000
3584.0000000000
355.0000000000
111.0000000000
0.0000000000
0.0000000000
0.0000000000
0.0000000000
0.0000000000
0.0000000000
0.0000000000
0.0000000000
0.0000000000
0.0000000000
0.0000000000
0.0000000000
0.0000000000
0.0000000000
0.0000000000
0.0000000000
0.0000000000
0.0000000000
0.0000000000
0.0000000000
0.0000000000
0.0000000000
0.0000000000
0.0000000000
0.0000000000
0.0000000000
0.0000000000
0.0000000000
0.0000000000
0.0000000000
0.0000000000
0.0000000000
0.0000000000
0.0000000000
0.0000000000
0.0000000000
0.0000000000
0.0000000000
0.0000000000
0.0000000000
0.0000000000
0.0000000000
0.0000000000
0.0000000000
0.0000000000
0.0000000000
0.0000000000
0.0000000000
0.0000000000
0.0000000000
0.0000000000