5032.0000000000
5062.0000000000
4910.0000000000
4906.0000000000
4965.0000000000
4960.0000000000
5062.0000000000
4917.0000000000
4923.0000000000
4944.0000000000
4847.0000000000
5053.0000000000
4978.0000000000
5019.0000000000
4868.0000000000
4992.0000000000
4899.0000000000
4972.0000000000
5067.0000000000
5049.0000000000
4966.0000000000
4997.0000000000
5002.0000000000
5058.0000000000
5006.0000000000
5140.0000000000
5214.0000000000
4995.0000000000
4980.0000000000
5008.0000000000
5070.0000000000
4888.0000000000
4992.0000000000
5048.0000000000
5049.0000000000
4985.0000000000
5030.0000000000
5003.0000000000
5172.0000000000
4992.0000000000
4937.0000000000
4969.0000000000
5035.0000000000
5047.0000000000
5016.0000000000
5218.0000000000
4964.0000000000
5118.0000000000
4906.0000000000
4937.0000000000
5028.0000000000
4157.0000000000
577.0000000000
18.0000000000
0.0000000000
0.0000000000
0.0000000000
0.0000000000
0.0000000000
0.0000000000
0.0000000000
0.0000000000
0.0000000000
0.0000000000
0.0000000000
0.0000000000
0.0000000000
0.0000000000
0.0000000000
0.0000000000
0.0000000000
0.0000000000
0.0000000000
0.0000000000
0.0000000000
0.0000000000
0.0000000000
0.0000000000
0.0000000000
0.0000000000
0.0000000000
0.0000000000
0.0000000000
0.0000000000
0.0000000000
0.0000000000
0.0000000000
0.0000000000
0.0000000000
0.0000000000
0.0000000000
0.0000000000
0.0000000000
0.0000000000
0.0000000000
0.0000000000
0.0000000000
0.0000000000
0.0000000000
0.0000000000