4988.0000000000
4915.0000000000
4951.0000000000
4998.0000000000
5013.0000000000
5004.0000000000
5047.0000000000
4977.0000000000
5012.0000000000
4998.0000000000
5071.0000000000
5118.0000000000
5006.0000000000
5083.0000000000
5047.0000000000
5020.0000000000
4950.0000000000
5034.0000000000
4991.0000000000
4943.0000000000
5005.0000000000
5084.0000000000
5038.0000000000
4935.0000000000
5159.0000000000
5006.0000000000
5024.0000000000
5061.0000000000
5024.0000000000
5078.0000000000
4977.0000000000
4999.0000000000
4942.0000000000
5139.0000000000
5063.0000000000
4941.0000000000
5011.0000000000
5034.0000000000
5001.0000000000
4953.0000000000
4975.0000000000
5058.0000000000
5063.0000000000
5010.0000000000
5119.0000000000
4837.0000000000
4973.0000000000
5045.0000000000
4977.0000000000
5046.0000000000
5126.0000000000
4959.0000000000
5013.0000000000
4652.0000000000
1346.0000000000
69.0000000000
4.0000000000
0.0000000000
0.0000000000
0.0000000000
0.0000000000
0.0000000000
0.0000000000
0.0000000000
0.0000000000
0.0000000000
0.0000000000
0.0000000000
0.0000000000
0.0000000000
0.0000000000
0.0000000000
0.0000000000
0.0000000000
0.0000000000
0.0000000000
0.0000000000
0.0000000000
0.0000000000
0.0000000000
0.0000000000
0.0000000000
0.0000000000
0.0000000000
0.0000000000
0.0000000000
0.0000000000
0.0000000000
0.0000000000
0.0000000000
0.0000000000
0.0000000000
0.0000000000
0.0000000000
0.0000000000
0.0000000000
0.0000000000
0.0000000000
0.0000000000
0.0000000000