4959.0000000000
5080.0000000000
4952.0000000000
4948.0000000000
5083.0000000000
5066.0000000000
5022.0000000000
4940.0000000000
5092.0000000000
4933.0000000000
4933.0000000000
5001.0000000000
5116.0000000000
4922.0000000000
4946.0000000000
4898.0000000000
4904.0000000000
5004.0000000000
5037.0000000000
5039.0000000000
4854.0000000000
5000.0000000000
4916.0000000000
5016.0000000000
5075.0000000000
5004.0000000000
5082.0000000000
5020.0000000000
5017.0000000000
5053.0000000000
5047.0000000000
4988.0000000000
5014.0000000000
4924.0000000000
4967.0000000000
5115.0000000000
4981.0000000000
4964.0000000000
5039.0000000000
4850.0000000000
5174.0000000000
5107.0000000000
5000.0000000000
4996.0000000000
4959.0000000000
5152.0000000000
5057.0000000000
4954.0000000000
5078.0000000000
5097.0000000000
4959.0000000000
5029.0000000000
5179.0000000000
5169.0000000000
4989.0000000000
5013.0000000000
4711.0000000000
3231.0000000000
486.0000000000
13.0000000000
0.0000000000
0.0000000000
0.0000000000
0.0000000000
0.0000000000
0.0000000000
0.0000000000
0.0000000000
0.0000000000
0.0000000000
0.0000000000
0.0000000000
0.0000000000
0.0000000000
0.0000000000
0.0000000000
0.0000000000
0.0000000000
0.0000000000
0.0000000000
0.0000000000
0.0000000000
0.0000000000
0.0000000000
0.0000000000
0.0000000000
0.0000000000
0.0000000000
0.0000000000
0.0000000000
0.0000000000
0.0000000000
0.0000000000
0.0000000000
0.0000000000
0.0000000000
0.0000000000
0.0000000000
0.0000000000
0.0000000000