5105.0000000000
4991.0000000000
5155.0000000000
5019.0000000000
5087.0000000000
4974.0000000000
4932.0000000000
4912.0000000000
5116.0000000000
4981.0000000000
5031.0000000000
5024.0000000000
5045.0000000000
5087.0000000000
5120.0000000000
4938.0000000000
5024.0000000000
5130.0000000000
4995.0000000000
5064.0000000000
4919.0000000000
4918.0000000000
4972.0000000000
4957.0000000000
5033.0000000000
4868.0000000000
4927.0000000000
4933.0000000000
4984.0000000000
4980.0000000000
4979.0000000000
4957.0000000000
4986.0000000000
5072.0000000000
5039.0000000000
4922.0000000000
4958.0000000000
5016.0000000000
4945.0000000000
5002.0000000000
4914.0000000000
5052.0000000000
5030.0000000000
5023.0000000000
4987.0000000000
4957.0000000000
4943.0000000000
4928.0000000000
5084.0000000000
4912.0000000000
4947.0000000000
4964.0000000000
4954.0000000000
5074.0000000000
5034.0000000000
5048.0000000000
4907.0000000000
5010.0000000000
5064.0000000000
4706.0000000000
2249.0000000000
149.0000000000
4.0000000000
0.0000000000
0.0000000000
0.0000000000
0.0000000000
0.0000000000
0.0000000000
0.0000000000
0.0000000000
0.0000000000
0.0000000000
0.0000000000
0.0000000000
0.0000000000
0.0000000000
0.0000000000
0.0000000000
0.0000000000
0.0000000000
0.0000000000
0.0000000000
0.0000000000
0.0000000000
0.0000000000
0.0000000000
0.0000000000
0.0000000000
0.0000000000
0.0000000000
0.0000000000
0.0000000000
0.0000000000
0.0000000000
0.0000000000
0.0000000000
0.0000000000
0.0000000000
0.0000000000