4856.0000000000
5056.0000000000
5130.0000000000
5029.0000000000
5002.0000000000
4894.0000000000
4943.0000000000
5062.0000000000
4968.0000000000
5061.0000000000
4947.0000000000
5037.0000000000
5010.0000000000
5007.0000000000
5029.0000000000
4984.0000000000
5119.0000000000
4979.0000000000
5024.0000000000
5060.0000000000
5044.0000000000
4969.0000000000
4971.0000000000
4997.0000000000
4954.0000000000
5061.0000000000
4999.0000000000
5173.0000000000
4949.0000000000
4984.0000000000
4886.0000000000
4994.0000000000
4994.0000000000
5035.0000000000
5027.0000000000
5094.0000000000
5095.0000000000
5033.0000000000
4961.0000000000
4963.0000000000
5004.0000000000
5118.0000000000
4894.0000000000
5101.0000000000
4879.0000000000
5012.0000000000
5053.0000000000
5096.0000000000
5064.0000000000
4975.0000000000
4936.0000000000
5003.0000000000
5023.0000000000
5048.0000000000
4975.0000000000
5074.0000000000
4912.0000000000
5065.0000000000
4906.0000000000
4940.0000000000
5005.0000000000
5041.0000000000
4848.0000000000
3519.0000000000
601.0000000000
12.0000000000
0.0000000000
0.0000000000
0.0000000000
0.0000000000
0.0000000000
0.0000000000
0.0000000000
0.0000000000
0.0000000000
0.0000000000
0.0000000000
0.0000000000
0.0000000000
0.0000000000
0.0000000000
0.0000000000
0.0000000000
0.0000000000
0.0000000000
0.0000000000
0.0000000000
0.0000000000
0.0000000000
0.0000000000
0.0000000000
0.0000000000
0.0000000000
0.0000000000
0.0000000000
0.0000000000
0.0000000000
0.0000000000
0.0000000000
0.0000000000