4992.0000000000
5109.0000000000
5022.0000000000
4933.0000000000
4890.0000000000
5082.0000000000
4944.0000000000
5014.0000000000
4977.0000000000
4955.0000000000
5017.0000000000
4993.0000000000
4994.0000000000
5068.0000000000
5015.0000000000
4896.0000000000
4951.0000000000
5130.0000000000
5007.0000000000
4992.0000000000
4967.0000000000
4895.0000000000
5044.0000000000
4892.0000000000
5058.0000000000
4928.0000000000
4917.0000000000
5030.0000000000
5031.0000000000
5095.0000000000
4988.0000000000
4915.0000000000
5138.0000000000
4909.0000000000
4995.0000000000
4983.0000000000
5034.0000000000
5017.0000000000
5051.0000000000
4910.0000000000
5125.0000000000
4989.0000000000
5022.0000000000
5049.0000000000
5042.0000000000
4930.0000000000
4973.0000000000
5082.0000000000
4896.0000000000
5046.0000000000
4988.0000000000
4943.0000000000
4916.0000000000
4992.0000000000
4962.0000000000
4991.0000000000
4935.0000000000
4976.0000000000
4877.0000000000
4990.0000000000
5010.0000000000
5087.0000000000
5022.0000000000
4649.0000000000
2610.0000000000
202.0000000000
0.0000000000
0.0000000000
0.0000000000
0.0000000000
0.0000000000
0.0000000000
0.0000000000
0.0000000000
0.0000000000
0.0000000000
0.0000000000
0.0000000000
0.0000000000
0.0000000000
0.0000000000
0.0000000000
0.0000000000
0.0000000000
0.0000000000
0.0000000000
0.0000000000
0.0000000000
0.0000000000
0.0000000000
0.0000000000
0.0000000000
0.0000000000
0.0000000000
0.0000000000
0.0000000000
0.0000000000
0.0000000000
0.0000000000
0.0000000000