5022.0000000000
5148.0000000000
5044.0000000000
5019.0000000000
5096.0000000000
4934.0000000000
4878.0000000000
5074.0000000000
4984.0000000000
4930.0000000000
5146.0000000000
5066.0000000000
4922.0000000000
5041.0000000000
4976.0000000000
4917.0000000000
4965.0000000000
4972.0000000000
4961.0000000000
4977.0000000000
5076.0000000000
4920.0000000000
5134.0000000000
5053.0000000000
4952.0000000000
5035.0000000000
5068.0000000000
4963.0000000000
5189.0000000000
5069.0000000000
4913.0000000000
5065.0000000000
4957.0000000000
4950.0000000000
5054.0000000000
5063.0000000000
5045.0000000000
5102.0000000000
4959.0000000000
4993.0000000000
5025.0000000000
4966.0000000000
4980.0000000000
5018.0000000000
5058.0000000000
5066.0000000000
4953.0000000000
5014.0000000000
4965.0000000000
4973.0000000000
5050.0000000000
4910.0000000000
5084.0000000000
4940.0000000000
4989.0000000000
5035.0000000000
5087.0000000000
5070.0000000000
4976.0000000000
3441.0000000000
463.0000000000
12.0000000000
0.0000000000
0.0000000000
0.0000000000
0.0000000000
0.0000000000
0.0000000000
0.0000000000
0.0000000000
0.0000000000
0.0000000000
0.0000000000
0.0000000000
0.0000000000
0.0000000000
0.0000000000
0.0000000000
0.0000000000
0.0000000000
0.0000000000
0.0000000000
0.0000000000
0.0000000000
0.0000000000
0.0000000000
0.0000000000
0.0000000000
0.0000000000
0.0000000000
0.0000000000
0.0000000000
0.0000000000
0.0000000000
0.0000000000
0.0000000000
0.0000000000
0.0000000000
0.0000000000
0.0000000000