4981.0000000000
4961.0000000000
5073.0000000000
4953.0000000000
5013.0000000000
5010.0000000000
5006.0000000000
5078.0000000000
4923.0000000000
5166.0000000000
4940.0000000000
5121.0000000000
5047.0000000000
5000.0000000000
4989.0000000000
4993.0000000000
5024.0000000000
4994.0000000000
5165.0000000000
5033.0000000000
4914.0000000000
5087.0000000000
4995.0000000000
5093.0000000000
5075.0000000000
4944.0000000000
5027.0000000000
4954.0000000000
5149.0000000000
4922.0000000000
5088.0000000000
5097.0000000000
4964.0000000000
5001.0000000000
5049.0000000000
4971.0000000000
5061.0000000000
5111.0000000000
4746.0000000000
4793.0000000000
4902.0000000000
5111.0000000000
4843.0000000000
4965.0000000000
5016.0000000000
4989.0000000000
4853.0000000000
5048.0000000000
5010.0000000000
4978.0000000000
4993.0000000000
4968.0000000000
4999.0000000000
5083.0000000000
5159.0000000000
5028.0000000000
4791.0000000000
4933.0000000000
5014.0000000000
5029.0000000000
4966.0000000000
5035.0000000000
4220.0000000000
1087.0000000000
66.0000000000
0.0000000000
0.0000000000
0.0000000000
0.0000000000
0.0000000000
0.0000000000
0.0000000000
0.0000000000
0.0000000000
0.0000000000
0.0000000000
0.0000000000
0.0000000000
0.0000000000
0.0000000000
0.0000000000
0.0000000000
0.0000000000
0.0000000000
0.0000000000
0.0000000000
0.0000000000
0.0000000000
0.0000000000
0.0000000000
0.0000000000
0.0000000000
0.0000000000
0.0000000000
0.0000000000
0.0000000000
0.0000000000
0.0000000000
0.0000000000
0.0000000000