5015.0000000000
4961.0000000000
5020.0000000000
5032.0000000000
5028.0000000000
5079.0000000000
5003.0000000000
5120.0000000000
4918.0000000000
5069.0000000000
5053.0000000000
4977.0000000000
4974.0000000000
4965.0000000000
5117.0000000000
5043.0000000000
4995.0000000000
5087.0000000000
5062.0000000000
5062.0000000000
5021.0000000000
4968.0000000000
4965.0000000000
5029.0000000000
5037.0000000000
5040.0000000000
5101.0000000000
4938.0000000000
5000.0000000000
5022.0000000000
5084.0000000000
4999.0000000000
4992.0000000000
4985.0000000000
5064.0000000000
4879.0000000000
5023.0000000000
5023.0000000000
5064.0000000000
4996.0000000000
5052.0000000000
4918.0000000000
4974.0000000000
4978.0000000000
5011.0000000000
4957.0000000000
5018.0000000000
5093.0000000000
4918.0000000000
4921.0000000000
4942.0000000000
5003.0000000000
5101.0000000000
4903.0000000000
5072.0000000000
5028.0000000000
5009.0000000000
4939.0000000000
4259.0000000000
1086.0000000000
45.0000000000
0.0000000000
0.0000000000
0.0000000000
0.0000000000
0.0000000000
0.0000000000
0.0000000000
0.0000000000
0.0000000000
0.0000000000
0.0000000000
0.0000000000
0.0000000000
0.0000000000
0.0000000000
0.0000000000
0.0000000000
0.0000000000
0.0000000000
0.0000000000
0.0000000000
0.0000000000
0.0000000000
0.0000000000
0.0000000000
0.0000000000
0.0000000000
0.0000000000
0.0000000000
0.0000000000
0.0000000000
0.0000000000
0.0000000000
0.0000000000
0.0000000000
0.0000000000
0.0000000000
0.0000000000
0.0000000000