0 0.000000
1 0.000000
2 0.000000
3 0.000746
4 2.496466
5 4228.537966
6 4231.336316
7 4231.339077
8 4231.339092
9 4231.339093
10 4231.339093
11 4231.339093
12 4231.339093
13 4231.339093
14 4231.339093
15 4231.339093
16 4231.339093
17 4231.339093
18 4231.339093
19 4231.339093
20 4231.339093
21 4231.339093
22 4231.339093
23 4231.339093
24 4231.339093
25 4231.339093
26 4231.339093
27 4231.339093
28 4231.339093
29 4231.339093
30 4231.339093
31 4231.339093
32 4231.339093
33 4231.339093
34 4231.339093
35 4231.339093
36 4231.339093
37 4231.339093
38 4231.339093
39 4231.339093
40 4231.339093
41 4231.339093
42 4231.339093
43 4231.339093
44 4231.339093
45 4231.339093
46 4231.339093
47 4231.339093
48 4231.339093
49 4231.339093
50 4231.339093
51 4231.339093
52 4231.339093
53 4231.339093
54 4231.339093
55 4231.339093
56 4231.339093
57 4231.339093
58 4231.339093
59 4231.339093
60 4231.339093
61 4231.339093
62 4231.339093
63 4231.339093
64 4231.339093
65 4231.339093
66 4231.339093
67 4231.339093
68 4231.339093
69 4231.339093
70 4231.339093
71 4231.339093
72 4231.339093
73 4231.339093
74 4231.339093
75 4231.339093
76 4231.339093
77 4231.339093
78 4231.339093
79 4231.339093
80 4231.339093
81 4231.339093
82 4231.339093
83 4231.339093
84 4231.339093
85 4231.339093
86 4231.339093
87 4231.339093
88 4231.339093
89 4231.339093
90 4231.339093
91 4231.339093
92 4231.339093
93 4231.339093
94 4231.339093
95 4231.339093
96 4231.339093
97 4231.339093
98 4231.339093
99 4231.339093
