0 0.000011
1 0.000011
2 0.002288
3 0.366691
4 44.508530
5 3920.336691
6 4156.872082
7 4159.648522
8 4159.669118
9 4159.669232
10 4159.669233
11 4159.669233
12 4159.669233
13 4159.669233
14 4159.669233
15 4159.669233
16 4159.669233
17 4159.669233
18 4159.669233
19 4159.669233
20 4159.669233
21 4159.669233
22 4159.669233
23 4159.669233
24 4159.669233
25 4159.669233
26 4159.669233
27 4159.669233
28 4159.669233
29 4159.669233
30 4159.669233
31 4159.669233
32 4159.669233
33 4159.669233
34 4159.669233
35 4159.669233
36 4159.669233
37 4159.669233
38 4159.669233
39 4159.669233
40 4159.669233
41 4159.669233
42 4159.669233
43 4159.669233
44 4159.669233
45 4159.669233
46 4159.669233
47 4159.669233
48 4159.669233
49 4159.669233
50 4159.669233
51 4159.669233
52 4159.669233
53 4159.669233
54 4159.669233
55 4159.669233
56 4159.669233
57 4159.669233
58 4159.669233
59 4159.669233
60 4159.669233
61 4159.669233
62 4159.669233
63 4159.669233
64 4159.669233
65 4159.669233
66 4159.669233
67 4159.669233
68 4159.669233
69 4159.669233
70 4159.669233
71 4159.669233
72 4159.669233
73 4159.669233
74 4159.669233
75 4159.669233
76 4159.669233
77 4159.669233
78 4159.669233
79 4159.669233
80 4159.669233
81 4159.669233
82 4159.669233
83 4159.669233
84 4159.669233
85 4159.669233
86 4159.669233
87 4159.669233
88 4159.669233
89 4159.669233
90 4159.669233
91 4159.669233
92 4159.669233
93 4159.669233
94 4159.669233
95 4159.669233
96 4159.669233
97 4159.669233
98 4159.669233
99 4159.669233
