0 0.000012
1 0.000012
2 0.002411
3 0.377575
4 44.939792
5 3907.271829
6 4156.639195
7 4159.643066
8 4159.665958
9 4159.666090
10 4159.666090
11 4159.666090
12 4159.666090
13 4159.666090
14 4159.666090
15 4159.666090
16 4159.666090
17 4159.666090
18 4159.666090
19 4159.666090
20 4159.666090
21 4159.666090
22 4159.666090
23 4159.666090
24 4159.666090
25 4159.666090
26 4159.666090
27 4159.666090
28 4159.666090
29 4159.666090
30 4159.666090
31 4159.666090
32 4159.666090
33 4159.666090
34 4159.666090
35 4159.666090
36 4159.666090
37 4159.666090
38 4159.666090
39 4159.666090
40 4159.666090
41 4159.666090
42 4159.666090
43 4159.666090
44 4159.666090
45 4159.666090
46 4159.666090
47 4159.666090
48 4159.666090
49 4159.666090
50 4159.666090
51 4159.666090
52 4159.666090
53 4159.666090
54 4159.666090
55 4159.666090
56 4159.666090
57 4159.666090
58 4159.666090
59 4159.666090
60 4159.666090
61 4159.666090
62 4159.666090
63 4159.666090
64 4159.666090
65 4159.666090
66 4159.666090
67 4159.666090
68 4159.666090
69 4159.666090
70 4159.666090
71 4159.666090
72 4159.666090
73 4159.666090
74 4159.666090
75 4159.666090
76 4159.666090
77 4159.666090
78 4159.666090
79 4159.666090
80 4159.666090
81 4159.666090
82 4159.666090
83 4159.666090
84 4159.666090
85 4159.666090
86 4159.666090
87 4159.666090
88 4159.666090
89 4159.666090
90 4159.666090
91 4159.666090
92 4159.666090
93 4159.666090
94 4159.666090
95 4159.666090
96 4159.666090
97 4159.666090
98 4159.666090
99 4159.666090
