0 0.000000
1 0.000000
2 0.000009
3 0.010867
4 9.288802
5 4178.296395
6 4190.820657
7 4190.849092
8 4190.849190
9 4190.849191
10 4190.849191
11 4190.849191
12 4190.849191
13 4190.849191
14 4190.849191
15 4190.849191
16 4190.849191
17 4190.849191
18 4190.849191
19 4190.849191
20 4190.849191
21 4190.849191
22 4190.849191
23 4190.849191
24 4190.849191
25 4190.849191
26 4190.849191
27 4190.849191
28 4190.849191
29 4190.849191
30 4190.849191
31 4190.849191
32 4190.849191
33 4190.849191
34 4190.849191
35 4190.849191
36 4190.849191
37 4190.849191
38 4190.849191
39 4190.849191
40 4190.849191
41 4190.849191
42 4190.849191
43 4190.849191
44 4190.849191
45 4190.849191
46 4190.849191
47 4190.849191
48 4190.849191
49 4190.849191
50 4190.849191
51 4190.849191
52 4190.849191
53 4190.849191
54 4190.849191
55 4190.849191
56 4190.849191
57 4190.849191
58 4190.849191
59 4190.849191
60 4190.849191
61 4190.849191
62 4190.849191
63 4190.849191
64 4190.849191
65 4190.849191
66 4190.849191
67 4190.849191
68 4190.849191
69 4190.849191
70 4190.849191
71 4190.849191
72 4190.849191
73 4190.849191
74 4190.849191
75 4190.849191
76 4190.849191
77 4190.849191
78 4190.849191
79 4190.849191
80 4190.849191
81 4190.849191
82 4190.849191
83 4190.849191
84 4190.849191
85 4190.849191
86 4190.849191
87 4190.849191
88 4190.849191
89 4190.849191
90 4190.849191
91 4190.849191
92 4190.849191
93 4190.849191
94 4190.849191
95 4190.849191
96 4190.849191
97 4190.849191
98 4190.849191
99 4190.849191
