0 0.000031
1 0.000031
2 0.004425
3 0.520169
4 48.724782
5 3603.769385
6 4150.314587
7 4159.553115
8 4159.653726
9 4159.654550
10 4159.654556
11 4159.654556
12 4159.654556
13 4159.654556
14 4159.654556
15 4159.654556
16 4159.654556
17 4159.654556
18 4159.654556
19 4159.654556
20 4159.654556
21 4159.654556
22 4159.654556
23 4159.654556
24 4159.654556
25 4159.654556
26 4159.654556
27 4159.654556
28 4159.654556
29 4159.654556
30 4159.654556
31 4159.654556
32 4159.654556
33 4159.654556
34 4159.654556
35 4159.654556
36 4159.654556
37 4159.654556
38 4159.654556
39 4159.654556
40 4159.654556
41 4159.654556
42 4159.654556
43 4159.654556
44 4159.654556
45 4159.654556
46 4159.654556
47 4159.654556
48 4159.654556
49 4159.654556
50 4159.654556
51 4159.654556
52 4159.654556
53 4159.654556
54 4159.654556
55 4159.654556
56 4159.654556
57 4159.654556
58 4159.654556
59 4159.654556
60 4159.654556
61 4159.654556
62 4159.654556
63 4159.654556
64 4159.654556
65 4159.654556
66 4159.654556
67 4159.654556
68 4159.654556
69 4159.654556
70 4159.654556
71 4159.654556
72 4159.654556
73 4159.654556
74 4159.654556
75 4159.654556
76 4159.654556
77 4159.654556
78 4159.654556
79 4159.654556
80 4159.654556
81 4159.654556
82 4159.654556
83 4159.654556
84 4159.654556
85 4159.654556
86 4159.654556
87 4159.654556
88 4159.654556
89 4159.654556
90 4159.654556
91 4159.654556
92 4159.654556
93 4159.654556
94 4159.654556
95 4159.654556
96 4159.654556
97 4159.654556
98 4159.654556
99 4159.654556
