0 0.000000
1 0.000000
2 0.000060
3 0.038643
4 16.997644
5 4143.481736
6 4171.013068
7 4171.108804
8 4171.109082
9 4171.109082
10 4171.109082
11 4171.109082
12 4171.109082
13 4171.109082
14 4171.109082
15 4171.109082
16 4171.109082
17 4171.109082
18 4171.109082
19 4171.109082
20 4171.109082
21 4171.109082
22 4171.109082
23 4171.109082
24 4171.109082
25 4171.109082
26 4171.109082
27 4171.109082
28 4171.109082
29 4171.109082
30 4171.109082
31 4171.109082
32 4171.109082
33 4171.109082
34 4171.109082
35 4171.109082
36 4171.109082
37 4171.109082
38 4171.109082
39 4171.109082
40 4171.109082
41 4171.109082
42 4171.109082
43 4171.109082
44 4171.109082
45 4171.109082
46 4171.109082
47 4171.109082
48 4171.109082
49 4171.109082
50 4171.109082
51 4171.109082
52 4171.109082
53 4171.109082
54 4171.109082
55 4171.109082
56 4171.109082
57 4171.109082
58 4171.109082
59 4171.109082
60 4171.109082
61 4171.109082
62 4171.109082
63 4171.109082
64 4171.109082
65 4171.109082
66 4171.109082
67 4171.109082
68 4171.109082
69 4171.109082
70 4171.109082
71 4171.109082
72 4171.109082
73 4171.109082
74 4171.109082
75 4171.109082
76 4171.109082
77 4171.109082
78 4171.109082
79 4171.109082
80 4171.109082
81 4171.109082
82 4171.109082
83 4171.109082
84 4171.109082
85 4171.109082
86 4171.109082
87 4171.109082
88 4171.109082
89 4171.109082
90 4171.109082
91 4171.109082
92 4171.109082
93 4171.109082
94 4171.109082
95 4171.109082
96 4171.109082
97 4171.109082
98 4171.109082
99 4171.109082
