0 0.000000
1 0.000000
2 0.000083
3 0.047516
4 18.716009
5 4136.862828
6 4168.517103
7 4168.636193
8 4168.636539
9 4168.636540
10 4168.636540
11 4168.636540
12 4168.636540
13 4168.636540
14 4168.636540
15 4168.636540
16 4168.636540
17 4168.636540
18 4168.636540
19 4168.636540
20 4168.636540
21 4168.636540
22 4168.636540
23 4168.636540
24 4168.636540
25 4168.636540
26 4168.636540
27 4168.636540
28 4168.636540
29 4168.636540
30 4168.636540
31 4168.636540
32 4168.636540
33 4168.636540
34 4168.636540
35 4168.636540
36 4168.636540
37 4168.636540
38 4168.636540
39 4168.636540
40 4168.636540
41 4168.636540
42 4168.636540
43 4168.636540
44 4168.636540
45 4168.636540
46 4168.636540
47 4168.636540
48 4168.636540
49 4168.636540
50 4168.636540
51 4168.636540
52 4168.636540
53 4168.636540
54 4168.636540
55 4168.636540
56 4168.636540
57 4168.636540
58 4168.636540
59 4168.636540
60 4168.636540
61 4168.636540
62 4168.636540
63 4168.636540
64 4168.636540
65 4168.636540
66 4168.636540
67 4168.636540
68 4168.636540
69 4168.636540
70 4168.636540
71 4168.636540
72 4168.636540
73 4168.636540
74 4168.636540
75 4168.636540
76 4168.636540
77 4168.636540
78 4168.636540
79 4168.636540
80 4168.636540
81 4168.636540
82 4168.636540
83 4168.636540
84 4168.636540
85 4168.636540
86 4168.636540
87 4168.636540
88 4168.636540
89 4168.636540
90 4168.636540
91 4168.636540
92 4168.636540
93 4168.636540
94 4168.636540
95 4168.636540
96 4168.636540
97 4168.636540
98 4168.636540
99 4168.636540
