4999.9384174177
4999.9384174177
4999.9384174177
4999.9384174177
4999.9384174177
4999.9384174177
4999.9384174177
4999.9384174177
4999.9384174177
4999.9384174177
4999.9384174177
4999.9384174177
4999.9384174177
4999.9384174177
4999.9384174177
4999.9384174177
4999.9384174177
4999.9384174177
4999.9384174177
4999.9384174177
4999.9384174177
4999.9384174177
4999.9384174177
4999.9384174170
4999.9384174047
4999.9384171981
4999.9384136699
4999.9383511513
4999.9372092340
4999.9166319569
4999.5831458845
4995.6128605821
4972.6220893582
4562.7733514407
1217.0247475459
29.0000000000
0.0000000000
0.0000000000
0.0000000000
0.0000000000
0.0000000000
0.0000000000
0.0000000000
0.0000000000
0.0000000000
0.0000000000
0.0000000000
0.0000000000
0.0000000000
0.0000000000
0.0000000000
0.0000000000
0.0000000000
0.0000000000
0.0000000000
0.0000000000
0.0000000000
0.0000000000
0.0000000000
0.0000000000
0.0000000000
0.0000000000
0.0000000000
0.0000000000
0.0000000000
0.0000000000
0.0000000000
0.0000000000
0.0000000000
0.0000000000
0.0000000000
0.0000000000
0.0000000000
0.0000000000
0.0000000000
0.0000000000
0.0000000000
0.0000000000
0.0000000000
0.0000000000
0.0000000000
0.0000000000
0.0000000000
0.0000000000
0.0000000000
0.0000000000
0.0000000000
0.0000000000
0.0000000000
0.0000000000
0.0000000000
0.0000000000
0.0000000000
0.0000000000
0.0000000000
0.0000000000
0.0000000000
0.0000000000
0.0000000000
0.0000000000