5000.0514223800
5000.0514223800
5000.0514223800
5000.0514223800
5000.0514223800
5000.0514223800
5000.0514223800
5000.0514223800
5000.0514223800
5000.0514223800
5000.0514223800
5000.0514223800
5000.0514223800
5000.0514223800
5000.0514223800
5000.0514223800
5000.0514223800
5000.0514223800
5000.0514223800
5000.0514223800
5000.0514223793
5000.0514223681
5000.0514221727
5000.0514186809
5000.0513570001
5000.0503027519
5000.0329705363
4999.7510023747
4994.9292052352
4908.0397534242
3360.5685750644
272.1609585132
61.0000000000
1.0000000000
0.0000000000
0.0000000000
0.0000000000
0.0000000000
0.0000000000
0.0000000000
0.0000000000
0.0000000000
0.0000000000
0.0000000000
0.0000000000
0.0000000000
0.0000000000
0.0000000000
0.0000000000
0.0000000000
0.0000000000
0.0000000000
0.0000000000
0.0000000000
0.0000000000
0.0000000000
0.0000000000
0.0000000000
0.0000000000
0.0000000000
0.0000000000
0.0000000000
0.0000000000
0.0000000000
0.0000000000
0.0000000000
0.0000000000
0.0000000000
0.0000000000
0.0000000000
0.0000000000
0.0000000000
0.0000000000
0.0000000000
0.0000000000
0.0000000000
0.0000000000
0.0000000000
0.0000000000
0.0000000000
0.0000000000
0.0000000000
0.0000000000
0.0000000000
0.0000000000
0.0000000000
0.0000000000
0.0000000000
0.0000000000
0.0000000000
0.0000000000
0.0000000000
0.0000000000
0.0000000000
0.0000000000
0.0000000000
0.0000000000
0.0000000000
0.0000000000
0.0000000000