4999.8741956096
4999.8741956096
4999.8741956096
4999.8741956096
4999.8741956096
4999.8741956096
4999.8741956096
4999.8741956096
4999.8741956096
4999.8741956096
4999.8741956096
4999.8741956096
4999.8741956096
4999.8741956096
4999.8741956096
4999.8741956096
4999.8741956096
4999.8741956096
4999.8741956096
4999.8741956096
4999.8741956096
4999.8741956096
4999.8741956096
4999.8741956096
4999.8741956096
4999.8741956096
4999.8741956096
4999.8741956096
4999.8741956096
4999.8741956096
4999.8741956096
4999.8741956096
4999.8741956096
4999.8741956096
4999.8741956093
4999.8741956051
4999.8741955306
4999.8741941522
4999.8741688216
4999.8737411133
4999.8678844897
4999.8155629118
4999.5688889385
4995.3081349403
4917.5482779135
3778.4635974450
572.0382409931
91.0000000000
3.0000000000
0.0000000000
0.0000000000
0.0000000000
0.0000000000
0.0000000000
0.0000000000
0.0000000000
0.0000000000
0.0000000000
0.0000000000
0.0000000000
0.0000000000
0.0000000000
0.0000000000
0.0000000000
0.0000000000
0.0000000000
0.0000000000
0.0000000000
0.0000000000
0.0000000000
0.0000000000
0.0000000000
0.0000000000
0.0000000000
0.0000000000
0.0000000000
0.0000000000
0.0000000000
0.0000000000
0.0000000000
0.0000000000
0.0000000000
0.0000000000
0.0000000000
0.0000000000
0.0000000000
0.0000000000
0.0000000000
0.0000000000
0.0000000000
0.0000000000
0.0000000000
0.0000000000
0.0000000000
0.0000000000
0.0000000000
0.0000000000
0.0000000000
0.0000000000
0.0000000000