4999.9276434873
4999.9276434873
4999.9276434873
4999.9276434873
4999.9276434873
4999.9276434873
4999.9276434873
4999.9276434873
4999.9276434873
4999.9276434873
4999.9276434873
4999.9276434873
4999.9276434873
4999.9276434873
4999.9276434873
4999.9276434873
4999.9276434873
4999.9276434873
4999.9276434873
4999.9276434873
4999.9276434873
4999.9276434873
4999.9276434873
4999.9276434873
4999.9276434873
4999.9276434873
4999.9276434873
4999.9276434873
4999.9276434873
4999.9276434873
4999.9276434873
4999.9276434873
4999.9276434873
4999.9276434873
4999.9276434873
4999.9276434873
4999.9276434873
4999.9276434873
4999.9276434873
4999.9276434873
4999.9276434873
4999.9276434873
4999.9276434872
4999.9276434866
4999.9276434798
4999.9276434076
4999.9276426501
4999.9276334312
4999.9275038622
4999.9255525250
4999.8922218187
4999.2635215392
4987.6157274617
4783.6841157457
2009.0078251290
24.0000000000
3.0000000000
0.0000000000
0.0000000000
0.0000000000
0.0000000000
0.0000000000
0.0000000000
0.0000000000
0.0000000000
0.0000000000
0.0000000000
0.0000000000
0.0000000000
0.0000000000
0.0000000000
0.0000000000
0.0000000000
0.0000000000
0.0000000000
0.0000000000
0.0000000000
0.0000000000
0.0000000000
0.0000000000
0.0000000000
0.0000000000
0.0000000000
0.0000000000
0.0000000000
0.0000000000
0.0000000000
0.0000000000
0.0000000000
0.0000000000
0.0000000000
0.0000000000
0.0000000000
0.0000000000
0.0000000000
0.0000000000
0.0000000000
0.0000000000
0.0000000000
0.0000000000