5000.0068044887
5000.0068044887
5000.0068044887
5000.0068044887
5000.0068044887
5000.0068044887
5000.0068044887
5000.0068044887
5000.0068044887
5000.0068044887
5000.0068044887
5000.0068044887
5000.0068044887
5000.0068044887
5000.0068044887
5000.0068044887
5000.0068044887
5000.0068044887
5000.0068044887
5000.0068044887
5000.0068044887
5000.0068044887
5000.0068044887
5000.0068044887
5000.0068044887
5000.0068044887
5000.0068044887
5000.0068044887
5000.0068044887
5000.0068044887
5000.0068044887
5000.0068044887
5000.0068044887
5000.0068044887
5000.0068044887
5000.0068044887
5000.0068044887
5000.0068044887
5000.0068044887
5000.0068044887
5000.0068044887
5000.0068044887
5000.0068044887
5000.0068044887
5000.0068044887
5000.0068044887
5000.0068044887
5000.0068044887
5000.0068044887
5000.0068044887
5000.0068044887
5000.0068044877
5000.0068044725
5000.0068042516
5000.0068010858
5000.0067546499
5000.0060674003
4999.9960669595
4999.8486264502
4997.5654840792
4962.7686658275
4509.9546224169
1042.0589341691
25.0000000000
0.0000000000
0.0000000000
0.0000000000
0.0000000000
0.0000000000
0.0000000000
0.0000000000
0.0000000000
0.0000000000
0.0000000000
0.0000000000
0.0000000000
0.0000000000
0.0000000000
0.0000000000
0.0000000000
0.0000000000
0.0000000000
0.0000000000
0.0000000000
0.0000000000
0.0000000000
0.0000000000
0.0000000000
0.0000000000
0.0000000000
0.0000000000
0.0000000000
0.0000000000
0.0000000000
0.0000000000
0.0000000000
0.0000000000
0.0000000000
0.0000000000
0.0000000000