5000.0540155451
5000.0540155451
5000.0540155451
5000.0540155451
5000.0540155451
5000.0540155451
5000.0540155451
5000.0540155451
5000.0540155451
5000.0540155451
5000.0540155451
5000.0540155451
5000.0540155451
5000.0540155451
5000.0540155451
5000.0540155451
5000.0540155451
5000.0540155451
5000.0540155451
5000.0540155451
5000.0540155451
5000.0540155451
5000.0540155448
5000.0540155394
5000.0540154477
5000.0540139472
5000.0539902518
5000.0536278433
5000.0484418946
4999.9827235206
4999.2464277159
4990.4181631365
4847.1554296752
3175.9509128414
342.2631110266
13.0000000000
0.0000000000
0.0000000000
0.0000000000
0.0000000000
0.0000000000
0.0000000000
0.0000000000
0.0000000000
0.0000000000
0.0000000000
0.0000000000
0.0000000000
0.0000000000
0.0000000000
0.0000000000
0.0000000000
0.0000000000
0.0000000000
0.0000000000
0.0000000000
0.0000000000
0.0000000000
0.0000000000
0.0000000000
0.0000000000
0.0000000000
0.0000000000
0.0000000000
0.0000000000
0.0000000000
0.0000000000
0.0000000000
0.0000000000
0.0000000000
0.0000000000
0.0000000000
0.0000000000
0.0000000000
0.0000000000
0.0000000000
0.0000000000
0.0000000000
0.0000000000
0.0000000000
0.0000000000
0.0000000000
0.0000000000
0.0000000000
0.0000000000
0.0000000000
0.0000000000
0.0000000000
0.0000000000
0.0000000000
0.0000000000
0.0000000000
0.0000000000
0.0000000000
0.0000000000
0.0000000000
0.0000000000
0.0000000000
0.0000000000
0.0000000000