5000.0255383129
5000.0255383129
5000.0255383129
5000.0255383129
5000.0255383129
5000.0255383129
5000.0255383129
5000.0255383129
5000.0255383129
5000.0255383129
5000.0255383129
5000.0255383129
5000.0255383129
5000.0255383129
5000.0255383129
5000.0255383129
5000.0255383129
5000.0255383129
5000.0255383129
5000.0255383129
5000.0255383129
5000.0255383129
5000.0255383128
5000.0255383118
5000.0255382952
5000.0255380261
5000.0255338251
5000.0254709056
5000.0245982639
5000.0137972758
4999.8899530468
4998.2929142434
4972.9675324546
4612.7936830863
1913.0132984462
160.0000000000
4.0000000000
0.0000000000
0.0000000000
0.0000000000
0.0000000000
0.0000000000
0.0000000000
0.0000000000
0.0000000000
0.0000000000
0.0000000000
0.0000000000
0.0000000000
0.0000000000
0.0000000000
0.0000000000
0.0000000000
0.0000000000
0.0000000000
0.0000000000
0.0000000000
0.0000000000
0.0000000000
0.0000000000
0.0000000000
0.0000000000
0.0000000000
0.0000000000
0.0000000000
0.0000000000
0.0000000000
0.0000000000
0.0000000000
0.0000000000
0.0000000000
0.0000000000
0.0000000000
0.0000000000
0.0000000000
0.0000000000
0.0000000000
0.0000000000
0.0000000000
0.0000000000
0.0000000000
0.0000000000
0.0000000000
0.0000000000
0.0000000000
0.0000000000
0.0000000000
0.0000000000
0.0000000000
0.0000000000
0.0000000000
0.0000000000
0.0000000000
0.0000000000
0.0000000000
0.0000000000
0.0000000000
0.0000000000
0.0000000000
0.0000000000