5000.0043537738
5000.0043537738
5000.0043537738
5000.0043537738
5000.0043537738
5000.0043537738
5000.0043537738
5000.0043537738
5000.0043537738
5000.0043537738
5000.0043537738
5000.0043537738
5000.0043537738
5000.0043537738
5000.0043537738
5000.0043537738
5000.0043537738
5000.0043537738
5000.0043537738
5000.0043537738
5000.0043537738
5000.0043537737
5000.0043537721
5000.0043537428
5000.0043532309
5000.0043447603
5000.0042098457
5000.0021093408
4999.9710280405
4999.5632577456
4995.0218120888
4946.3333000633
4150.4168100792
874.1099968755
39.0000000000
0.0000000000
0.0000000000
0.0000000000
0.0000000000
0.0000000000
0.0000000000
0.0000000000
0.0000000000
0.0000000000
0.0000000000
0.0000000000
0.0000000000
0.0000000000
0.0000000000
0.0000000000
0.0000000000
0.0000000000
0.0000000000
0.0000000000
0.0000000000
0.0000000000
0.0000000000
0.0000000000
0.0000000000
0.0000000000
0.0000000000
0.0000000000
0.0000000000
0.0000000000
0.0000000000
0.0000000000
0.0000000000
0.0000000000
0.0000000000
0.0000000000
0.0000000000
0.0000000000
0.0000000000
0.0000000000
0.0000000000
0.0000000000
0.0000000000
0.0000000000
0.0000000000
0.0000000000
0.0000000000
0.0000000000
0.0000000000
0.0000000000
0.0000000000
0.0000000000
0.0000000000
0.0000000000
0.0000000000
0.0000000000
0.0000000000
0.0000000000
0.0000000000
0.0000000000
0.0000000000
0.0000000000
0.0000000000
0.0000000000
0.0000000000
0.0000000000