5000.0301919445
5000.0301919445
5000.0301919445
5000.0301919445
5000.0301919445
5000.0301919445
5000.0301919445
5000.0301919445
5000.0301919445
5000.0301919445
5000.0301919445
5000.0301919445
5000.0301919445
5000.0301919445
5000.0301919445
5000.0301919445
5000.0301919445
5000.0301919445
5000.0301919445
5000.0301919445
5000.0301919445
5000.0301919445
5000.0301919445
5000.0301919445
5000.0301919440
5000.0301919356
5000.0301918084
5000.0301899886
5000.0301659901
5000.0298735316
5000.0262887158
4999.9761915385
4999.2142942589
4988.2614437875
4835.6387890263
3273.6005962204
492.1013814333
15.0000000000
0.0000000000
0.0000000000
0.0000000000
0.0000000000
0.0000000000
0.0000000000
0.0000000000
0.0000000000
0.0000000000
0.0000000000
0.0000000000
0.0000000000
0.0000000000
0.0000000000
0.0000000000
0.0000000000
0.0000000000
0.0000000000
0.0000000000
0.0000000000
0.0000000000
0.0000000000
0.0000000000
0.0000000000
0.0000000000
0.0000000000
0.0000000000
0.0000000000
0.0000000000
0.0000000000
0.0000000000
0.0000000000
0.0000000000
0.0000000000
0.0000000000
0.0000000000
0.0000000000
0.0000000000
0.0000000000
0.0000000000
0.0000000000
0.0000000000
0.0000000000
0.0000000000
0.0000000000
0.0000000000
0.0000000000
0.0000000000
0.0000000000
0.0000000000
0.0000000000
0.0000000000
0.0000000000
0.0000000000
0.0000000000
0.0000000000
0.0000000000
0.0000000000
0.0000000000
0.0000000000
0.0000000000
0.0000000000