5000.1262053293
5000.1262053293
5000.1262053293
5000.1262053293
5000.1262053293
5000.1262053293
5000.1262053293
5000.1262053293
5000.1262053293
5000.1262053293
5000.1262053293
5000.1262053293
5000.1262053293
5000.1262053293
5000.1262053293
5000.1262053293
5000.1262053293
5000.1262053293
5000.1262053293
5000.1262053293
5000.1262053293
5000.1262053293
5000.1262053292
5000.1262053291
5000.1262053261
5000.1262052785
5000.1262045458
5000.1261938190
5000.1260491118
5000.1242806506
5000.1033421998
4999.8197643498
4995.4254298373
4932.4156609848
4085.9816828189
1111.0640675712
43.0000000000
5.0000000000
0.0000000000
0.0000000000
0.0000000000
0.0000000000
0.0000000000
0.0000000000
0.0000000000
0.0000000000
0.0000000000
0.0000000000
0.0000000000
0.0000000000
0.0000000000
0.0000000000
0.0000000000
0.0000000000
0.0000000000
0.0000000000
0.0000000000
0.0000000000
0.0000000000
0.0000000000
0.0000000000
0.0000000000
0.0000000000
0.0000000000
0.0000000000
0.0000000000
0.0000000000
0.0000000000
0.0000000000
0.0000000000
0.0000000000
0.0000000000
0.0000000000
0.0000000000
0.0000000000
0.0000000000
0.0000000000
0.0000000000
0.0000000000
0.0000000000
0.0000000000
0.0000000000
0.0000000000
0.0000000000
0.0000000000
0.0000000000
0.0000000000
0.0000000000
0.0000000000
0.0000000000
0.0000000000
0.0000000000
0.0000000000
0.0000000000
0.0000000000
0.0000000000
0.0000000000
0.0000000000
0.0000000000
0.0000000000