5000.0035781416
5000.0035781416
5000.0035781416
5000.0035781416
5000.0035781416
5000.0035781416
5000.0035781416
5000.0035781416
5000.0035781416
5000.0035781416
5000.0035781416
5000.0035781416
5000.0035781416
5000.0035781416
5000.0035781416
5000.0035781416
5000.0035781416
5000.0035781416
5000.0035781416
5000.0035781416
5000.0035781416
5000.0035781416
5000.0035781416
5000.0035781416
5000.0035781416
5000.0035781416
5000.0035781416
5000.0035781416
5000.0035781415
5000.0035781403
5000.0035781237
5000.0035778859
5000.0035745700
5000.0035299704
5000.0029424087
4999.9950286483
4999.8776967027
4997.8912788532
4962.5758869778
4396.7824394536
1566.0150548922
35.0000000000
0.0000000000
0.0000000000
0.0000000000
0.0000000000
0.0000000000
0.0000000000
0.0000000000
0.0000000000
0.0000000000
0.0000000000
0.0000000000
0.0000000000
0.0000000000
0.0000000000
0.0000000000
0.0000000000
0.0000000000
0.0000000000
0.0000000000
0.0000000000
0.0000000000
0.0000000000
0.0000000000
0.0000000000
0.0000000000
0.0000000000
0.0000000000
0.0000000000
0.0000000000
0.0000000000
0.0000000000
0.0000000000
0.0000000000
0.0000000000
0.0000000000
0.0000000000
0.0000000000
0.0000000000
0.0000000000
0.0000000000
0.0000000000
0.0000000000
0.0000000000
0.0000000000
0.0000000000
0.0000000000
0.0000000000
0.0000000000
0.0000000000
0.0000000000
0.0000000000
0.0000000000
0.0000000000
0.0000000000
0.0000000000
0.0000000000
0.0000000000
0.0000000000