5000.0335613480
5000.0335613480
5000.0335613480
5000.0335613480
5000.0335613480
5000.0335613480
5000.0335613480
5000.0335613480
5000.0335613480
5000.0335613480
5000.0335613480
5000.0335613480
5000.0335613480
5000.0335613480
5000.0335613480
5000.0335613480
5000.0335613480
5000.0335613480
5000.0335613480
5000.0335613480
5000.0335613480
5000.0335613480
5000.0335613480
5000.0335613480
5000.0335613480
5000.0335613480
5000.0335613480
5000.0335613480
5000.0335613475
5000.0335613406
5000.0335612445
5000.0335598641
5000.0335404178
5000.0332770458
5000.0298180755
4999.9843402362
4999.3395028884
4988.7139531626
4794.4005725532
2531.1214476037
292.0746602049
3.0000000000
0.0000000000
0.0000000000
0.0000000000
0.0000000000
0.0000000000
0.0000000000
0.0000000000
0.0000000000
0.0000000000
0.0000000000
0.0000000000
0.0000000000
0.0000000000
0.0000000000
0.0000000000
0.0000000000
0.0000000000
0.0000000000
0.0000000000
0.0000000000
0.0000000000
0.0000000000
0.0000000000
0.0000000000
0.0000000000
0.0000000000
0.0000000000
0.0000000000
0.0000000000
0.0000000000
0.0000000000
0.0000000000
0.0000000000
0.0000000000
0.0000000000
0.0000000000
0.0000000000
0.0000000000
0.0000000000
0.0000000000
0.0000000000
0.0000000000
0.0000000000
0.0000000000
0.0000000000
0.0000000000
0.0000000000
0.0000000000
0.0000000000
0.0000000000
0.0000000000
0.0000000000
0.0000000000
0.0000000000
0.0000000000
0.0000000000
0.0000000000
0.0000000000