4999.9661245587
4999.9661245587
4999.9661245587
4999.9661245587
4999.9661245587
4999.9661245587
4999.9661245587
4999.9661245587
4999.9661245587
4999.9661245587
4999.9661245587
4999.9661245587
4999.9661245587
4999.9661245587
4999.9661245587
4999.9661245587
4999.9661245587
4999.9661245587
4999.9661245587
4999.9661245587
4999.9661245587
4999.9661245587
4999.9661245587
4999.9661245587
4999.9661245587
4999.9661245586
4999.9661245580
4999.9661245494
4999.9661244402
4999.9661230669
4999.9661046997
4999.9658389228
4999.9619607149
4999.9077624155
4999.1816885580
4989.9213631713
4873.3976829841
3438.9943595495
279.1981147420
5.0000000000
0.0000000000
0.0000000000
0.0000000000
0.0000000000
0.0000000000
0.0000000000
0.0000000000
0.0000000000
0.0000000000
0.0000000000
0.0000000000
0.0000000000
0.0000000000
0.0000000000
0.0000000000
0.0000000000
0.0000000000
0.0000000000
0.0000000000
0.0000000000
0.0000000000
0.0000000000
0.0000000000
0.0000000000
0.0000000000
0.0000000000
0.0000000000
0.0000000000
0.0000000000
0.0000000000
0.0000000000
0.0000000000
0.0000000000
0.0000000000
0.0000000000
0.0000000000
0.0000000000
0.0000000000
0.0000000000
0.0000000000
0.0000000000
0.0000000000
0.0000000000
0.0000000000
0.0000000000
0.0000000000
0.0000000000
0.0000000000
0.0000000000
0.0000000000
0.0000000000
0.0000000000
0.0000000000
0.0000000000
0.0000000000
0.0000000000
0.0000000000
0.0000000000
0.0000000000
0.0000000000