4999.9483649518
4999.9483649518
4999.9483649518
4999.9483649518
4999.9483649518
4999.9483649518
4999.9483649518
4999.9483649518
4999.9483649518
4999.9483649518
4999.9483649518
4999.9483649518
4999.9483649518
4999.9483649518
4999.9483649518
4999.9483649518
4999.9483649518
4999.9483649518
4999.9483649518
4999.9483649518
4999.9483649518
4999.9483649518
4999.9483649518
4999.9483649518
4999.9483649518
4999.9483649518
4999.9483649518
4999.9483649518
4999.9483649518
4999.9483649518
4999.9483649513
4999.9483649443
4999.9483648490
4999.9483635720
4999.9483463564
4999.9481000132
4999.9441924066
4999.8775019348
4998.7659169392
4982.3294542923
4774.6133298879
1989.0289385669
54.0000000000
1.0000000000
0.0000000000
0.0000000000
0.0000000000
0.0000000000
0.0000000000
0.0000000000
0.0000000000
0.0000000000
0.0000000000
0.0000000000
0.0000000000
0.0000000000
0.0000000000
0.0000000000
0.0000000000
0.0000000000
0.0000000000
0.0000000000
0.0000000000
0.0000000000
0.0000000000
0.0000000000
0.0000000000
0.0000000000
0.0000000000
0.0000000000
0.0000000000
0.0000000000
0.0000000000
0.0000000000
0.0000000000
0.0000000000
0.0000000000
0.0000000000
0.0000000000
0.0000000000
0.0000000000
0.0000000000
0.0000000000
0.0000000000
0.0000000000
0.0000000000
0.0000000000
0.0000000000
0.0000000000
0.0000000000
0.0000000000
0.0000000000
0.0000000000
0.0000000000
0.0000000000
0.0000000000
0.0000000000
0.0000000000
0.0000000000
0.0000000000