5000.1117489334
5000.1117489334
5000.1117489334
5000.1117489334
5000.1117489334
5000.1117489334
5000.1117489334
5000.1117489334
5000.1117489334
5000.1117489334
5000.1117489334
5000.1117489334
5000.1117489334
5000.1117489334
5000.1117489334
5000.1117489334
5000.1117489334
5000.1117489334
5000.1117489334
5000.1117489334
5000.1117489334
5000.1117489334
5000.1117489334
5000.1117489334
5000.1117489334
5000.1117489334
5000.1117489334
5000.1117489334
5000.1117489334
5000.1117489334
5000.1117489334
5000.1117489334
5000.1117489329
5000.1117489265
5000.1117488345
5000.1117474133
5000.1117241842
5000.1113457458
5000.1054801190
5000.0160344095
4998.4765929705
4967.1834829931
4306.4340478806
1747.0331422766
41.0000000000
0.0000000000
0.0000000000
0.0000000000
0.0000000000
0.0000000000
0.0000000000
0.0000000000
0.0000000000
0.0000000000
0.0000000000
0.0000000000
0.0000000000
0.0000000000
0.0000000000
0.0000000000
0.0000000000
0.0000000000
0.0000000000
0.0000000000
0.0000000000
0.0000000000
0.0000000000
0.0000000000
0.0000000000
0.0000000000
0.0000000000
0.0000000000
0.0000000000
0.0000000000
0.0000000000
0.0000000000
0.0000000000
0.0000000000
0.0000000000
0.0000000000
0.0000000000
0.0000000000
0.0000000000
0.0000000000
0.0000000000
0.0000000000
0.0000000000
0.0000000000
0.0000000000
0.0000000000
0.0000000000
0.0000000000
0.0000000000
0.0000000000
0.0000000000
0.0000000000
0.0000000000
0.0000000000
0.0000000000
0.0000000000