4999.8647174332
4999.8647174332
4999.8647174332
4999.8647174332
4999.8647174332
4999.8647174332
4999.8647174332
4999.8647174332
4999.8647174332
4999.8647174332
4999.8647174332
4999.8647174332
4999.8647174332
4999.8647174332
4999.8647174332
4999.8647174332
4999.8647174332
4999.8647174332
4999.8647174332
4999.8647174332
4999.8647174332
4999.8647174332
4999.8647174332
4999.8647174332
4999.8647174332
4999.8647174332
4999.8647174332
4999.8647174332
4999.8647174332
4999.8647174332
4999.8647174332
4999.8647174332
4999.8647174332
4999.8647174332
4999.8647174332
4999.8647174332
4999.8647174332
4999.8647174332
4999.8647174319
4999.8647174099
4999.8647170531
4999.8647113833
4999.8646176820
4999.8629544006
4999.8328431056
4999.2839967881
4988.1928418011
4747.5649573712
2250.8172836279
118.3291680959
1.0000000000
0.0000000000
0.0000000000
0.0000000000
0.0000000000
0.0000000000
0.0000000000
0.0000000000
0.0000000000
0.0000000000
0.0000000000
0.0000000000
0.0000000000
0.0000000000
0.0000000000
0.0000000000
0.0000000000
0.0000000000
0.0000000000
0.0000000000
0.0000000000
0.0000000000
0.0000000000
0.0000000000
0.0000000000
0.0000000000
0.0000000000
0.0000000000
0.0000000000
0.0000000000
0.0000000000
0.0000000000
0.0000000000
0.0000000000
0.0000000000
0.0000000000
0.0000000000
0.0000000000
0.0000000000
0.0000000000
0.0000000000
0.0000000000
0.0000000000
0.0000000000
0.0000000000
0.0000000000
0.0000000000
0.0000000000
0.0000000000
0.0000000000