4999.9832735140
4999.9832735140
4999.9832735140
4999.9832735140
4999.9832735140
4999.9832735140
4999.9832735140
4999.9832735140
4999.9832735140
4999.9832735140
4999.9832735140
4999.9832735140
4999.9832735140
4999.9832735140
4999.9832735140
4999.9832735140
4999.9832735140
4999.9832735140
4999.9832735140
4999.9832735140
4999.9832735140
4999.9832735140
4999.9832735140
4999.9832735140
4999.9832735140
4999.9832735140
4999.9832735140
4999.9832735140
4999.9832735140
4999.9832735140
4999.9832735140
4999.9832735140
4999.9832735140
4999.9832735140
4999.9832735140
4999.9832735140
4999.9832735140
4999.9832735140
4999.9832735140
4999.9832735140
4999.9832735139
4999.9832735128
4999.9832734915
4999.9832730949
4999.9832655287
4999.9831205267
4999.9804297364
4999.9331705280
4999.1268908931
4985.5799659675
4777.0501765384
2363.5986773530
134.2322112556
1.0000000000
0.0000000000
0.0000000000
0.0000000000
0.0000000000
0.0000000000
0.0000000000
0.0000000000
0.0000000000
0.0000000000
0.0000000000
0.0000000000
0.0000000000
0.0000000000
0.0000000000
0.0000000000
0.0000000000
0.0000000000
0.0000000000
0.0000000000
0.0000000000
0.0000000000
0.0000000000
0.0000000000
0.0000000000
0.0000000000
0.0000000000
0.0000000000
0.0000000000
0.0000000000
0.0000000000
0.0000000000
0.0000000000
0.0000000000
0.0000000000
0.0000000000
0.0000000000
0.0000000000
0.0000000000
0.0000000000
0.0000000000
0.0000000000
0.0000000000
0.0000000000
0.0000000000
0.0000000000
0.0000000000