4999.8728897582
4999.8728897582
4999.8728897582
4999.8728897582
4999.8728897582
4999.8728897582
4999.8728897582
4999.8728897582
4999.8728897582
4999.8728897582
4999.8728897582
4999.8728897582
4999.8728897582
4999.8728897582
4999.8728897582
4999.8728897582
4999.8728897582
4999.8728897582
4999.8728897582
4999.8728897582
4999.8728897582
4999.8728897582
4999.8728897582
4999.8728897582
4999.8728897582
4999.8728897582
4999.8728897582
4999.8728897582
4999.8728897582
4999.8728897582
4999.8728897582
4999.8728897582
4999.8728897582
4999.8728897582
4999.8728897582
4999.8728897582
4999.8728897582
4999.8728897582
4999.8728897582
4999.8728897582
4999.8728897582
4999.8728897580
4999.8728897540
4999.8728896788
4999.8728882462
4999.8728611501
4999.8723673869
4999.8637771152
4999.7182785231
4997.3175697872
4959.2442989607
4324.8638348426
1065.0903885513
18.0000000000
0.0000000000
0.0000000000
0.0000000000
0.0000000000
0.0000000000
0.0000000000
0.0000000000
0.0000000000
0.0000000000
0.0000000000
0.0000000000
0.0000000000
0.0000000000
0.0000000000
0.0000000000
0.0000000000
0.0000000000
0.0000000000
0.0000000000
0.0000000000
0.0000000000
0.0000000000
0.0000000000
0.0000000000
0.0000000000
0.0000000000
0.0000000000
0.0000000000
0.0000000000
0.0000000000
0.0000000000
0.0000000000
0.0000000000
0.0000000000
0.0000000000
0.0000000000
0.0000000000
0.0000000000
0.0000000000
0.0000000000
0.0000000000
0.0000000000
0.0000000000
0.0000000000
0.0000000000
0.0000000000