5000.0353288385
5000.0353288385
5000.0353288385
5000.0353288385
5000.0353288385
5000.0353288385
5000.0353288385
5000.0353288385
5000.0353288385
5000.0353288385
5000.0353288385
5000.0353288385
5000.0353288385
5000.0353288385
5000.0353288385
5000.0353288385
5000.0353288385
5000.0353288385
5000.0353288385
5000.0353288385
5000.0353288385
5000.0353288385
5000.0353288385
5000.0353288385
5000.0353288385
5000.0353288385
5000.0353288385
5000.0353288385
5000.0353288385
5000.0353288385
5000.0353288385
5000.0353288385
5000.0353288385
5000.0353288385
5000.0353288385
5000.0353288385
5000.0353288385
5000.0353288385
5000.0353288385
5000.0353288385
5000.0353288385
5000.0353288385
5000.0353288385
5000.0353288385
5000.0353288385
5000.0353288385
5000.0353288384
5000.0353288366
5000.0353288073
5000.0353283111
5000.0353196348
5000.0351624009
5000.0322946310
4999.9832598736
4999.2634299945
4990.1293038262
4859.8465067129
3092.7279263666
408.1672853150
13.0000000000
0.0000000000
0.0000000000
0.0000000000
0.0000000000
0.0000000000
0.0000000000
0.0000000000
0.0000000000
0.0000000000
0.0000000000
0.0000000000
0.0000000000
0.0000000000
0.0000000000
0.0000000000
0.0000000000
0.0000000000
0.0000000000
0.0000000000
0.0000000000
0.0000000000
0.0000000000
0.0000000000
0.0000000000
0.0000000000
0.0000000000
0.0000000000
0.0000000000
0.0000000000
0.0000000000
0.0000000000
0.0000000000
0.0000000000
0.0000000000
0.0000000000
0.0000000000
0.0000000000
0.0000000000
0.0000000000
0.0000000000