4999.9588658834
4999.9588658834
4999.9588658834
4999.9588658834
4999.9588658834
4999.9588658834
4999.9588658834
4999.9588658834
4999.9588658834
4999.9588658834
4999.9588658834
4999.9588658834
4999.9588658834
4999.9588658834
4999.9588658834
4999.9588658834
4999.9588658834
4999.9588658834
4999.9588658834
4999.9588658834
4999.9588658834
4999.9588658834
4999.9588658834
4999.9588658834
4999.9588658834
4999.9588658834
4999.9588658834
4999.9588658834
4999.9588658834
4999.9588658834
4999.9588658834
4999.9588658834
4999.9588658834
4999.9588658834
4999.9588658834
4999.9588658834
4999.9588658834
4999.9588658834
4999.9588658834
4999.9588658834
4999.9588658834
4999.9588658834
4999.9588658834
4999.9588658834
4999.9588658834
4999.9588658834
4999.9588658834
4999.9588658834
4999.9588658834
4999.9588658833
4999.9588658814
4999.9588658496
4999.9588653443
4999.9588579063
4999.9587528445
4999.9572300988
4999.9343647483
4999.6009199231
4994.8649677104
4923.5763292820
3835.1372132335
732.0614306385
4.0000000000
0.0000000000
0.0000000000
0.0000000000
0.0000000000
0.0000000000
0.0000000000
0.0000000000
0.0000000000
0.0000000000
0.0000000000
0.0000000000
0.0000000000
0.0000000000
0.0000000000
0.0000000000
0.0000000000
0.0000000000
0.0000000000
0.0000000000
0.0000000000
0.0000000000
0.0000000000
0.0000000000
0.0000000000
0.0000000000
0.0000000000
0.0000000000
0.0000000000
0.0000000000
0.0000000000
0.0000000000
0.0000000000
0.0000000000
0.0000000000
0.0000000000
0.0000000000
0.0000000000