4999.9758808991
4999.9758808991
4999.9758808991
4999.9758808991
4999.9758808991
4999.9758808991
4999.9758808991
4999.9758808991
4999.9758808991
4999.9758808991
4999.9758808991
4999.9758808991
4999.9758808991
4999.9758808991
4999.9758808991
4999.9758808991
4999.9758808991
4999.9758808991
4999.9758808991
4999.9758808991
4999.9758808991
4999.9758808991
4999.9758808991
4999.9758808991
4999.9758808991
4999.9758808991
4999.9758808991
4999.9758808991
4999.9758808991
4999.9758808991
4999.9758808991
4999.9758808991
4999.9758808991
4999.9758808991
4999.9758808991
4999.9758808991
4999.9758808991
4999.9758808991
4999.9758808991
4999.9758808991
4999.9758808991
4999.9758808991
4999.9758808991
4999.9758808991
4999.9758808991
4999.9758808991
4999.9758808991
4999.9758808990
4999.9758808980
4999.9758808811
4999.9758805797
4999.9758751835
4999.9757821168
4999.9743181226
4999.9537695759
4999.6740752091
4995.4233043401
4929.3501930586
4098.2649587120
916.1284684536
10.0000000000
0.0000000000
0.0000000000
0.0000000000
0.0000000000
0.0000000000
0.0000000000
0.0000000000
0.0000000000
0.0000000000
0.0000000000
0.0000000000
0.0000000000
0.0000000000
0.0000000000
0.0000000000
0.0000000000
0.0000000000
0.0000000000
0.0000000000
0.0000000000
0.0000000000
0.0000000000
0.0000000000
0.0000000000
0.0000000000
0.0000000000
0.0000000000
0.0000000000
0.0000000000
0.0000000000
0.0000000000
0.0000000000
0.0000000000
0.0000000000
0.0000000000
0.0000000000
0.0000000000
0.0000000000
0.0000000000