5000.0118101854
5000.0118101854
5000.0118101854
5000.0118101854
5000.0118101854
5000.0118101854
5000.0118101854
5000.0118101854
5000.0118101854
5000.0118101854
5000.0118101854
5000.0118101854
5000.0118101854
5000.0118101854
5000.0118101854
5000.0118101854
5000.0118101854
5000.0118101854
5000.0118101854
5000.0118101854
5000.0118101854
5000.0118101854
5000.0118101854
5000.0118101854
5000.0118101854
5000.0118101854
5000.0118101854
5000.0118101854
5000.0118101854
5000.0118101854
5000.0118101854
5000.0118101854
5000.0118101854
5000.0118101854
5000.0118101854
5000.0118101854
5000.0118101854
5000.0118101854
5000.0118101854
5000.0118101854
5000.0118101854
5000.0118101854
5000.0118101854
5000.0118101854
5000.0118101854
5000.0118101854
5000.0118101854
5000.0118101850
5000.0118101797
5000.0118100879
5000.0118084651
5000.0117791198
5000.0112576751
5000.0027367102
4999.8813651598
4998.2854453732
4974.4991665278
4591.8437156627
1915.0286268711
117.0000000000
0.0000000000
0.0000000000
0.0000000000
0.0000000000
0.0000000000
0.0000000000
0.0000000000
0.0000000000
0.0000000000
0.0000000000
0.0000000000
0.0000000000
0.0000000000
0.0000000000
0.0000000000
0.0000000000
0.0000000000
0.0000000000
0.0000000000
0.0000000000
0.0000000000
0.0000000000
0.0000000000
0.0000000000
0.0000000000
0.0000000000
0.0000000000
0.0000000000
0.0000000000
0.0000000000
0.0000000000
0.0000000000
0.0000000000
0.0000000000
0.0000000000
0.0000000000
0.0000000000
0.0000000000
0.0000000000
0.0000000000