5000.0734209235
5000.0734209235
5000.0734209235
5000.0734209235
5000.0734209235
5000.0734209235
5000.0734209235
5000.0734209235
5000.0734209235
5000.0734209235
5000.0734209235
5000.0734209235
5000.0734209235
5000.0734209235
5000.0734209235
5000.0734209235
5000.0734209235
5000.0734209235
5000.0734209235
5000.0734209235
5000.0734209235
5000.0734209235
5000.0734209235
5000.0734209235
5000.0734209235
5000.0734209235
5000.0734209235
5000.0734209235
5000.0734209235
5000.0734209235
5000.0734209235
5000.0734209235
5000.0734209235
5000.0734209235
5000.0734209235
5000.0734209235
5000.0734209235
5000.0734209235
5000.0734209235
5000.0734209235
5000.0734209235
5000.0734209235
5000.0734209235
5000.0734209235
5000.0734209234
5000.0734209233
5000.0734209200
5000.0734208661
5000.0734199768
5000.0734052311
5000.0731548092
5000.0687157282
4999.9859524345
4998.4254963292
4972.3470818810
4672.4177749244
2173.7166778899
111.1787833154
5.0000000000
0.0000000000
0.0000000000
0.0000000000
0.0000000000
0.0000000000
0.0000000000
0.0000000000
0.0000000000
0.0000000000
0.0000000000
0.0000000000
0.0000000000
0.0000000000
0.0000000000
0.0000000000
0.0000000000
0.0000000000
0.0000000000
0.0000000000
0.0000000000
0.0000000000
0.0000000000
0.0000000000
0.0000000000
0.0000000000
0.0000000000
0.0000000000
0.0000000000
0.0000000000
0.0000000000
0.0000000000
0.0000000000
0.0000000000
0.0000000000
0.0000000000
0.0000000000
0.0000000000
0.0000000000
0.0000000000
0.0000000000
0.0000000000