4891.0000000000
5002.0000000000
4994.0000000000
5058.0000000000
5051.0000000000
4964.0000000000
4947.0000000000
5065.0000000000
4867.0000000000
4983.0000000000
5009.0000000000
4977.0000000000
5108.0000000000
4956.0000000000
4943.0000000000
5019.0000000000
5031.0000000000
5085.0000000000
5002.0000000000
4928.0000000000
4923.0000000000
4828.0000000000
5201.0000000000
5032.0000000000
4944.0000000000
4881.0000000000
4925.0000000000
5015.0000000000
4992.0000000000
5139.0000000000
4975.0000000000
5051.0000000000
5002.0000000000
5114.0000000000
4896.0000000000
5062.0000000000
4884.0000000000
5093.0000000000
5048.0000000000
4966.0000000000
5000.0000000000
4947.0000000000
4184.0000000000
1205.0000000000
16.0000000000
0.0000000000
0.0000000000
0.0000000000
0.0000000000
0.0000000000
0.0000000000
0.0000000000
0.0000000000
0.0000000000
0.0000000000
0.0000000000
0.0000000000
0.0000000000
0.0000000000
0.0000000000
0.0000000000
0.0000000000
0.0000000000
0.0000000000
0.0000000000
0.0000000000
0.0000000000
0.0000000000
0.0000000000
0.0000000000
0.0000000000
0.0000000000
0.0000000000
0.0000000000
0.0000000000
0.0000000000
0.0000000000
0.0000000000
0.0000000000
0.0000000000
0.0000000000
0.0000000000
0.0000000000
0.0000000000
0.0000000000
0.0000000000
0.0000000000
0.0000000000
0.0000000000
0.0000000000
0.0000000000
0.0000000000
0.0000000000
0.0000000000
0.0000000000
0.0000000000
0.0000000000
0.0000000000
0.0000000000
0.0000000000