4929.0000000000
5070.0000000000
4934.0000000000
4968.0000000000
5028.0000000000
4981.0000000000
5077.0000000000
4909.0000000000
5014.0000000000
5007.0000000000
5001.0000000000
4861.0000000000
4965.0000000000
5072.0000000000
5082.0000000000
5188.0000000000
5075.0000000000
4908.0000000000
5092.0000000000
5048.0000000000
5069.0000000000
4994.0000000000
5138.0000000000
4945.0000000000
5090.0000000000
5080.0000000000
4904.0000000000
5088.0000000000
4995.0000000000
4975.0000000000
4960.0000000000
4899.0000000000
4953.0000000000
4896.0000000000
5137.0000000000
4976.0000000000
5114.0000000000
4984.0000000000
5086.0000000000
5048.0000000000
4921.0000000000
4998.0000000000
4946.0000000000
4965.0000000000
4953.0000000000
4962.0000000000
4903.0000000000
5050.0000000000
4986.0000000000
4839.0000000000
4979.0000000000
4927.0000000000
5049.0000000000
4927.0000000000
3435.0000000000
340.0000000000
28.0000000000
0.0000000000
0.0000000000
0.0000000000
0.0000000000
0.0000000000
0.0000000000
0.0000000000
0.0000000000
0.0000000000
0.0000000000
0.0000000000
0.0000000000
0.0000000000
0.0000000000
0.0000000000
0.0000000000
0.0000000000
0.0000000000
0.0000000000
0.0000000000
0.0000000000
0.0000000000
0.0000000000
0.0000000000
0.0000000000
0.0000000000
0.0000000000
0.0000000000
0.0000000000
0.0000000000
0.0000000000
0.0000000000
0.0000000000
0.0000000000
0.0000000000
0.0000000000
0.0000000000
0.0000000000
0.0000000000
0.0000000000
0.0000000000
0.0000000000
0.0000000000