5126.0000000000
4831.0000000000
4929.0000000000
5013.0000000000
5142.0000000000
4874.0000000000
4999.0000000000
4971.0000000000
4953.0000000000
4983.0000000000
4930.0000000000
5013.0000000000
5030.0000000000
4943.0000000000
5025.0000000000
4997.0000000000
4984.0000000000
4939.0000000000
5074.0000000000
4992.0000000000
4949.0000000000
4978.0000000000
5037.0000000000
4920.0000000000
4993.0000000000
5020.0000000000
4999.0000000000
5115.0000000000
4896.0000000000
4958.0000000000
5050.0000000000
4985.0000000000
5017.0000000000
5137.0000000000
4921.0000000000
4902.0000000000
5040.0000000000
5079.0000000000
5019.0000000000
4968.0000000000
5033.0000000000
5107.0000000000
5033.0000000000
5033.0000000000
5019.0000000000
5111.0000000000
4966.0000000000
5043.0000000000
4943.0000000000
5039.0000000000
5043.0000000000
5014.0000000000
5033.0000000000
5058.0000000000
4928.0000000000
4888.0000000000
5036.0000000000
4920.0000000000
5043.0000000000
4924.0000000000
4776.0000000000
2340.0000000000
203.0000000000
2.0000000000
0.0000000000
0.0000000000
0.0000000000
0.0000000000
0.0000000000
0.0000000000
0.0000000000
0.0000000000
0.0000000000
0.0000000000
0.0000000000
0.0000000000
0.0000000000
0.0000000000
0.0000000000
0.0000000000
0.0000000000
0.0000000000
0.0000000000
0.0000000000
0.0000000000
0.0000000000
0.0000000000
0.0000000000
0.0000000000
0.0000000000
0.0000000000
0.0000000000
0.0000000000
0.0000000000
0.0000000000
0.0000000000
0.0000000000
0.0000000000
0.0000000000
0.0000000000