4919.0000000000
4969.0000000000
5028.0000000000
5149.0000000000
4990.0000000000
4987.0000000000
4999.0000000000
4948.0000000000
5021.0000000000
5067.0000000000
5085.0000000000
5074.0000000000
5017.0000000000
5002.0000000000
5006.0000000000
4983.0000000000
5106.0000000000
4952.0000000000
4998.0000000000
5023.0000000000
5006.0000000000
4982.0000000000
5090.0000000000
5148.0000000000
4986.0000000000
4936.0000000000
4955.0000000000
4871.0000000000
5059.0000000000
4893.0000000000
4959.0000000000
4866.0000000000
5001.0000000000
4969.0000000000
4934.0000000000
4933.0000000000
5102.0000000000
5082.0000000000
4895.0000000000
4837.0000000000
5028.0000000000
4996.0000000000
5020.0000000000
4909.0000000000
5026.0000000000
5050.0000000000
5101.0000000000
5120.0000000000
4978.0000000000
4982.0000000000
4938.0000000000
4950.0000000000
4987.0000000000
4887.0000000000
5106.0000000000
4916.0000000000
4989.0000000000
4862.0000000000
4998.0000000000
4925.0000000000
3664.0000000000
541.0000000000
21.0000000000
0.0000000000
0.0000000000
0.0000000000
0.0000000000
0.0000000000
0.0000000000
0.0000000000
0.0000000000
0.0000000000
0.0000000000
0.0000000000
0.0000000000
0.0000000000
0.0000000000
0.0000000000
0.0000000000
0.0000000000
0.0000000000
0.0000000000
0.0000000000
0.0000000000
0.0000000000
0.0000000000
0.0000000000
0.0000000000
0.0000000000
0.0000000000
0.0000000000
0.0000000000
0.0000000000
0.0000000000
0.0000000000
0.0000000000
0.0000000000
0.0000000000
0.0000000000
0.0000000000