5000.0000000000
5000.0000000000
5000.0000000000
5000.0000000000
5000.0000000000
5000.0000000000
5000.0000000000
5000.0000000000
5000.0000000000
5000.0000000000
5000.0000000000
5000.0000000000
5000.0000000000
4999.9999999999
4999.9999999990
4999.9999999849
4999.9999997831
4999.9999968825
4999.9999552551
4999.9993585064
4999.9908128269
4999.8685553036
4998.1215385392
4973.2278142520
4623.9029630233
2026.7241542320
176.5573553058
7.5718204496
0.2506465508
0.0072408183
0.0001909859
0.0000046995
0.0000001092
0.0000000024
0.0000000001
0.0000000000
0.0000000000
0.0000000000
0.0000000000
0.0000000000
0.0000000000
0.0000000000
0.0000000000
0.0000000000
0.0000000000
0.0000000000
0.0000000000
0.0000000000
0.0000000000
0.0000000000
0.0000000000
0.0000000000
0.0000000000
0.0000000000
0.0000000000
0.0000000000
0.0000000000
0.0000000000
0.0000000000
0.0000000000
0.0000000000
0.0000000000
0.0000000000
0.0000000000
0.0000000000
0.0000000000
0.0000000000
0.0000000000
0.0000000000
0.0000000000
0.0000000000
0.0000000000
0.0000000000
0.0000000000
0.0000000000
0.0000000000
0.0000000000
0.0000000000
0.0000000000
0.0000000000
0.0000000000
0.0000000000
0.0000000000
0.0000000000
0.0000000000
0.0000000000
0.0000000000
0.0000000000
0.0000000000
0.0000000000
0.0000000000
0.0000000000
0.0000000000
0.0000000000
0.0000000000
0.0000000000
0.0000000000
0.0000000000
0.0000000000
0.0000000000