5000.0000000000
5000.0000000000
5000.0000000000
5000.0000000000
5000.0000000000
5000.0000000000
5000.0000000000
5000.0000000000
5000.0000000000
5000.0000000000
5000.0000000000
5000.0000000000
5000.0000000000
5000.0000000000
5000.0000000000
5000.0000000000
5000.0000000000
5000.0000000000
5000.0000000000
5000.0000000000
5000.0000000000
5000.0000000000
5000.0000000000
5000.0000000000
5000.0000000000
5000.0000000000
5000.0000000000
5000.0000000000
5000.0000000000
5000.0000000000
5000.0000000000
5000.0000000000
5000.0000000000
5000.0000000000
5000.0000000000
5000.0000000000
5000.0000000000
5000.0000000000
5000.0000000000
5000.0000000000
5000.0000000000
5000.0000000000
5000.0000000000
5000.0000000000
5000.0000000000
5000.0000000000
5000.0000000000
4999.9999999999
4999.9999999988
4999.9999999830
4999.9999997610
4999.9999966404
4999.9999527921
4999.9993367498
4999.9906830909
4999.8691419587
4998.1627346553
4974.2531262040
4644.3195284645
2130.0091210562
197.1375441134
8.8925197813
0.3125968818
0.0097331556
0.0002811385
0.0000076971
0.0000002021
0.0000000051
0.0000000001
0.0000000000
0.0000000000
0.0000000000
0.0000000000
0.0000000000
0.0000000000
0.0000000000
0.0000000000
0.0000000000
0.0000000000
0.0000000000
0.0000000000
0.0000000000
0.0000000000
0.0000000000
0.0000000000
0.0000000000
0.0000000000
0.0000000000
0.0000000000
0.0000000000
0.0000000000
0.0000000000
0.0000000000
0.0000000000
0.0000000000
0.0000000000
0.0000000000
0.0000000000
0.0000000000
0.0000000000