5000.0229196781
5000.0229196781
5000.0229196781
5000.0229196781
5000.0229196781
5000.0229196781
5000.0229196781
5000.0229196781
5000.0229196781
5000.0229196781
5000.0229196781
5000.0229196781
5000.0229196781
5000.0229196781
5000.0229196781
5000.0229196781
5000.0229196781
5000.0229196781
5000.0229196781
5000.0229196781
5000.0229196781
5000.0229196781
5000.0229196781
5000.0229196781
5000.0229196781
5000.0229196781
5000.0229196781
5000.0229196781
5000.0229196781
5000.0229196781
5000.0229196781
5000.0229196781
5000.0229196781
5000.0229196781
5000.0229196781
5000.0229196781
5000.0229196781
5000.0229196781
5000.0229196781
5000.0229196781
5000.0229196781
5000.0229196781
5000.0229196781
5000.0229196781
5000.0229196781
5000.0229196781
5000.0229196781
5000.0229196781
5000.0229196781
5000.0229196781
5000.0229196781
5000.0229196780
5000.0229196767
5000.0229196554
5000.0229193139
5000.0229137027
5000.0228193622
5000.0211556958
4999.9902923725
4999.4264936665
4990.6022789761
4889.2602176888
3626.3536056340
459.1664704270
15.0000000000
0.0000000000
0.0000000000
0.0000000000
0.0000000000
0.0000000000
0.0000000000
0.0000000000
0.0000000000
0.0000000000
0.0000000000
0.0000000000
0.0000000000
0.0000000000
0.0000000000
0.0000000000
0.0000000000
0.0000000000
0.0000000000
0.0000000000
0.0000000000
0.0000000000
0.0000000000
0.0000000000
0.0000000000
0.0000000000
0.0000000000
0.0000000000
0.0000000000
0.0000000000
0.0000000000
0.0000000000
0.0000000000
0.0000000000
0.0000000000
0.0000000000