5000.0662938718
5000.0662938718
5000.0662938718
5000.0662938718
5000.0662938718
5000.0662938718
5000.0662938718
5000.0662938718
5000.0662938718
5000.0662938718
5000.0662938718
5000.0662938718
5000.0662938718
5000.0662938718
5000.0662938718
5000.0662938718
5000.0662938716
5000.0662938694
5000.0662938375
5000.0662933806
5000.0662868739
5000.0661911266
5000.0647135092
5000.0422823003
4999.7443217140
4996.3872799940
4951.8959609546
3909.5333577415
594.0403352440
36.0000000000
0.0000000000
0.0000000000
0.0000000000
0.0000000000
0.0000000000
0.0000000000
0.0000000000
0.0000000000
0.0000000000
0.0000000000
0.0000000000
0.0000000000
0.0000000000
0.0000000000
0.0000000000
0.0000000000
0.0000000000
0.0000000000
0.0000000000
0.0000000000
0.0000000000
0.0000000000
0.0000000000
0.0000000000
0.0000000000
0.0000000000
0.0000000000
0.0000000000
0.0000000000
0.0000000000
0.0000000000
0.0000000000
0.0000000000
0.0000000000
0.0000000000
0.0000000000
0.0000000000
0.0000000000
0.0000000000
0.0000000000
0.0000000000
0.0000000000
0.0000000000
0.0000000000
0.0000000000
0.0000000000
0.0000000000
0.0000000000
0.0000000000
0.0000000000
0.0000000000
0.0000000000
0.0000000000
0.0000000000
0.0000000000
0.0000000000
0.0000000000
0.0000000000
0.0000000000
0.0000000000
0.0000000000
0.0000000000
0.0000000000
0.0000000000
0.0000000000
0.0000000000
0.0000000000
0.0000000000
0.0000000000
0.0000000000