4999.9572016403
4999.9572016403
4999.9572016403
4999.9572016403
4999.9572016403
4999.9572016403
4999.9572016403
4999.9572016403
4999.9572016403
4999.9572016403
4999.9572016403
4999.9572016403
4999.9572016403
4999.9572016403
4999.9572016402
4999.9572016402
4999.9572016394
4999.9572016269
4999.9572014418
4999.9571987903
4999.9571613489
4999.9566196461
4999.9482640710
4999.8165566230
4997.9788958073
4977.6706647178
4760.6684805366
1646.0388532576
58.0000000000
1.0000000000
0.0000000000
0.0000000000
0.0000000000
0.0000000000
0.0000000000
0.0000000000
0.0000000000
0.0000000000
0.0000000000
0.0000000000
0.0000000000
0.0000000000
0.0000000000
0.0000000000
0.0000000000
0.0000000000
0.0000000000
0.0000000000
0.0000000000
0.0000000000
0.0000000000
0.0000000000
0.0000000000
0.0000000000
0.0000000000
0.0000000000
0.0000000000
0.0000000000
0.0000000000
0.0000000000
0.0000000000
0.0000000000
0.0000000000
0.0000000000
0.0000000000
0.0000000000
0.0000000000
0.0000000000
0.0000000000
0.0000000000
0.0000000000
0.0000000000
0.0000000000
0.0000000000
0.0000000000
0.0000000000
0.0000000000
0.0000000000
0.0000000000
0.0000000000
0.0000000000
0.0000000000
0.0000000000
0.0000000000
0.0000000000
0.0000000000
0.0000000000
0.0000000000
0.0000000000
0.0000000000
0.0000000000
0.0000000000
0.0000000000
0.0000000000
0.0000000000
0.0000000000
0.0000000000
0.0000000000
0.0000000000
0.0000000000