4999.9293349755
4999.9293349755
4999.9293349755
4999.9293349755
4999.9293349755
4999.9293349755
4999.9293349755
4999.9293349755
4999.9293349755
4999.9293349755
4999.9293349755
4999.9293349755
4999.9293349755
4999.9293349755
4999.9293349755
4999.9293349755
4999.9293349755
4999.9293349755
4999.9293349755
4999.9293349755
4999.9293349755
4999.9293349755
4999.9293349755
4999.9293349755
4999.9293349755
4999.9293349754
4999.9293349729
4999.9293349284
4999.9293341123
4999.9293193735
4999.9290565950
4999.9243033532
4999.8346225594
4998.0667432688
4966.7561712532
4660.8304041148
3659.2412976463
290.2083583614
4.0000000000
0.0000000000
0.0000000000
0.0000000000
0.0000000000
0.0000000000
0.0000000000
0.0000000000
0.0000000000
0.0000000000
0.0000000000
0.0000000000
0.0000000000
0.0000000000
0.0000000000
0.0000000000
0.0000000000
0.0000000000
0.0000000000
0.0000000000
0.0000000000
0.0000000000
0.0000000000
0.0000000000
0.0000000000
0.0000000000
0.0000000000
0.0000000000
0.0000000000
0.0000000000
0.0000000000
0.0000000000
0.0000000000
0.0000000000
0.0000000000
0.0000000000
0.0000000000
0.0000000000
0.0000000000
0.0000000000
0.0000000000
0.0000000000
0.0000000000
0.0000000000
0.0000000000
0.0000000000
0.0000000000
0.0000000000
0.0000000000
0.0000000000
0.0000000000
0.0000000000
0.0000000000
0.0000000000
0.0000000000
0.0000000000
0.0000000000
0.0000000000
0.0000000000
0.0000000000
0.0000000000
0.0000000000