4999.9563297345
4999.9563297345
4999.9563297345
4999.9563297345
4999.9563297345
4999.9563297345
4999.9563297345
4999.9563297345
4999.9563297345
4999.9563297345
4999.9563297345
4999.9563297345
4999.9563297345
4999.9563297345
4999.9563297345
4999.9563297345
4999.9563297345
4999.9563297345
4999.9563297345
4999.9563297345
4999.9563297345
4999.9563297345
4999.9563297345
4999.9563297345
4999.9563297345
4999.9563297345
4999.9563297344
4999.9563297329
4999.9563297045
4999.9563291934
4999.9563199416
4999.9561487305
4999.9529509285
4999.8971562946
4999.1238319701
4992.3577748492
4948.4329310061
3955.3932446899
890.0252533063
19.0000000000
0.0000000000
0.0000000000
0.0000000000
0.0000000000
0.0000000000
0.0000000000
0.0000000000
0.0000000000
0.0000000000
0.0000000000
0.0000000000
0.0000000000
0.0000000000
0.0000000000
0.0000000000
0.0000000000
0.0000000000
0.0000000000
0.0000000000
0.0000000000
0.0000000000
0.0000000000
0.0000000000
0.0000000000
0.0000000000
0.0000000000
0.0000000000
0.0000000000
0.0000000000
0.0000000000
0.0000000000
0.0000000000
0.0000000000
0.0000000000
0.0000000000
0.0000000000
0.0000000000
0.0000000000
0.0000000000
0.0000000000
0.0000000000
0.0000000000
0.0000000000
0.0000000000
0.0000000000
0.0000000000
0.0000000000
0.0000000000
0.0000000000
0.0000000000
0.0000000000
0.0000000000
0.0000000000
0.0000000000
0.0000000000
0.0000000000
0.0000000000
0.0000000000
0.0000000000
0.0000000000