4999.9367127046
4999.9367127046
4999.9367127046
4999.9367127046
4999.9367127046
4999.9367127046
4999.9367127046
4999.9367127046
4999.9367127046
4999.9367127046
4999.9367127046
4999.9367127046
4999.9367127046
4999.9367127046
4999.9367127046
4999.9367127046
4999.9367127046
4999.9367127046
4999.9367127046
4999.9367127046
4999.9367127046
4999.9367127046
4999.9367127046
4999.9367127046
4999.9367127046
4999.9367127046
4999.9367127046
4999.9367127046
4999.9367127046
4999.9367127046
4999.9367127045
4999.9367127035
4999.9367126891
4999.9367125168
4999.9367106545
4999.9366890906
4999.9363820808
4999.9316549760
4999.8605427345
4998.8738089555
4987.6540158429
4843.8129296893
2979.6277459736
155.2148737847
4.0000000000
0.0000000000
0.0000000000
0.0000000000
0.0000000000
0.0000000000
0.0000000000
0.0000000000
0.0000000000
0.0000000000
0.0000000000
0.0000000000
0.0000000000
0.0000000000
0.0000000000
0.0000000000
0.0000000000
0.0000000000
0.0000000000
0.0000000000
0.0000000000
0.0000000000
0.0000000000
0.0000000000
0.0000000000
0.0000000000
0.0000000000
0.0000000000
0.0000000000
0.0000000000
0.0000000000
0.0000000000
0.0000000000
0.0000000000
0.0000000000
0.0000000000
0.0000000000
0.0000000000
0.0000000000
0.0000000000
0.0000000000
0.0000000000
0.0000000000
0.0000000000
0.0000000000
0.0000000000
0.0000000000
0.0000000000
0.0000000000
0.0000000000
0.0000000000
0.0000000000
0.0000000000
0.0000000000
0.0000000000
0.0000000000