4999.9848817846
4999.9848817846
4999.9848817846
4999.9848817846
4999.9848817846
4999.9848817846
4999.9848817846
4999.9848817846
4999.9848817846
4999.9848817846
4999.9848817846
4999.9848817846
4999.9848817846
4999.9848817846
4999.9848817846
4999.9848817846
4999.9848817846
4999.9848817846
4999.9848817846
4999.9848817846
4999.9848817846
4999.9848817846
4999.9848817846
4999.9848817846
4999.9848817846
4999.9848817846
4999.9848817846
4999.9848817846
4999.9848817836
4999.9848817657
4999.9848814397
4999.9848754932
4999.9847722451
4999.9832093051
4999.9647888234
4999.8032829457
4998.1089932744
4968.0094343296
4613.7337256745
1393.0210206431
117.0000000000
2.0000000000
0.0000000000
0.0000000000
0.0000000000
0.0000000000
0.0000000000
0.0000000000
0.0000000000
0.0000000000
0.0000000000
0.0000000000
0.0000000000
0.0000000000
0.0000000000
0.0000000000
0.0000000000
0.0000000000
0.0000000000
0.0000000000
0.0000000000
0.0000000000
0.0000000000
0.0000000000
0.0000000000
0.0000000000
0.0000000000
0.0000000000
0.0000000000
0.0000000000
0.0000000000
0.0000000000
0.0000000000
0.0000000000
0.0000000000
0.0000000000
0.0000000000
0.0000000000
0.0000000000
0.0000000000
0.0000000000
0.0000000000
0.0000000000
0.0000000000
0.0000000000
0.0000000000
0.0000000000
0.0000000000
0.0000000000
0.0000000000
0.0000000000
0.0000000000
0.0000000000
0.0000000000
0.0000000000
0.0000000000
0.0000000000
0.0000000000
0.0000000000
0.0000000000