4999.9979062541
4999.9979062541
4999.9979062541
4999.9979062541
4999.9979062541
4999.9979062541
4999.9979062541
4999.9979062541
4999.9979062541
4999.9979062541
4999.9979062541
4999.9979062541
4999.9979062541
4999.9979062541
4999.9979062541
4999.9979062541
4999.9979062541
4999.9979062541
4999.9979062541
4999.9979062541
4999.9979062541
4999.9979062541
4999.9979062541
4999.9979062541
4999.9979062541
4999.9979062541
4999.9979062541
4999.9979062541
4999.9979062540
4999.9979062506
4999.9979061898
4999.9979051045
4999.9978871129
4999.9976315334
4999.9947666637
4999.9684925999
4999.6590141145
4994.6123651967
4928.0362581028
3707.3120744163
927.0175985354
38.0000000000
0.0000000000
0.0000000000
0.0000000000
0.0000000000
0.0000000000
0.0000000000
0.0000000000
0.0000000000
0.0000000000
0.0000000000
0.0000000000
0.0000000000
0.0000000000
0.0000000000
0.0000000000
0.0000000000
0.0000000000
0.0000000000
0.0000000000
0.0000000000
0.0000000000
0.0000000000
0.0000000000
0.0000000000
0.0000000000
0.0000000000
0.0000000000
0.0000000000
0.0000000000
0.0000000000
0.0000000000
0.0000000000
0.0000000000
0.0000000000
0.0000000000
0.0000000000
0.0000000000
0.0000000000
0.0000000000
0.0000000000
0.0000000000
0.0000000000
0.0000000000
0.0000000000
0.0000000000
0.0000000000
0.0000000000
0.0000000000
0.0000000000
0.0000000000
0.0000000000
0.0000000000
0.0000000000
0.0000000000
0.0000000000
0.0000000000
0.0000000000
0.0000000000