4999.9480085540
4999.9480085540
4999.9480085540
4999.9480085540
4999.9480085540
4999.9480085540
4999.9480085540
4999.9480085540
4999.9480085540
4999.9480085540
4999.9480085540
4999.9480085540
4999.9480085540
4999.9480085540
4999.9480085540
4999.9480085540
4999.9480085540
4999.9480085540
4999.9480085540
4999.9480085540
4999.9480085540
4999.9480085540
4999.9480085540
4999.9480085540
4999.9480085540
4999.9480085540
4999.9480085540
4999.9480085540
4999.9480085540
4999.9480085540
4999.9480085540
4999.9480085540
4999.9480085540
4999.9480085540
4999.9480085540
4999.9480085534
4999.9480085447
4999.9480084219
4999.9480067655
4999.9479845481
4999.9476615650
4999.9423899020
4999.8525910537
4998.3515443967
4972.7651183209
4467.4018857216
1347.0114377501
76.0000000000
3.0000000000
0.0000000000
0.0000000000
0.0000000000
0.0000000000
0.0000000000
0.0000000000
0.0000000000
0.0000000000
0.0000000000
0.0000000000
0.0000000000
0.0000000000
0.0000000000
0.0000000000
0.0000000000
0.0000000000
0.0000000000
0.0000000000
0.0000000000
0.0000000000
0.0000000000
0.0000000000
0.0000000000
0.0000000000
0.0000000000
0.0000000000
0.0000000000
0.0000000000
0.0000000000
0.0000000000
0.0000000000
0.0000000000
0.0000000000
0.0000000000
0.0000000000
0.0000000000
0.0000000000
0.0000000000
0.0000000000
0.0000000000
0.0000000000
0.0000000000
0.0000000000
0.0000000000
0.0000000000
0.0000000000
0.0000000000
0.0000000000
0.0000000000
0.0000000000
0.0000000000