5000.1380548236
5000.1380548236
5000.1380548236
5000.1380548236
5000.1380548236
5000.1380548236
5000.1380548236
5000.1380548236
5000.1380548236
5000.1380548236
5000.1380548236
5000.1380548236
5000.1380548236
5000.1380548236
5000.1380548236
5000.1380548236
5000.1380548236
5000.1380548236
5000.1380548236
5000.1380548236
5000.1380548236
5000.1380548236
5000.1380548236
5000.1380548236
5000.1380548236
5000.1380548236
5000.1380548236
5000.1380548236
5000.1380548236
5000.1380548236
5000.1380548236
5000.1380548236
5000.1380548236
5000.1380548236
5000.1380548236
5000.1380548235
5000.1380548220
5000.1380548011
5000.1380545189
5000.1380506408
5000.1379923892
5000.1370307545
5000.1207101217
4999.8443524593
4994.9512064493
4904.2522281968
3564.4495166851
674.0743751905
38.0000000000
0.0000000000
0.0000000000
0.0000000000
0.0000000000
0.0000000000
0.0000000000
0.0000000000
0.0000000000
0.0000000000
0.0000000000
0.0000000000
0.0000000000
0.0000000000
0.0000000000
0.0000000000
0.0000000000
0.0000000000
0.0000000000
0.0000000000
0.0000000000
0.0000000000
0.0000000000
0.0000000000
0.0000000000
0.0000000000
0.0000000000
0.0000000000
0.0000000000
0.0000000000
0.0000000000
0.0000000000
0.0000000000
0.0000000000
0.0000000000
0.0000000000
0.0000000000
0.0000000000
0.0000000000
0.0000000000
0.0000000000
0.0000000000
0.0000000000
0.0000000000
0.0000000000
0.0000000000
0.0000000000
0.0000000000
0.0000000000
0.0000000000
0.0000000000
0.0000000000