5000.0855595254
5000.0855595254
5000.0855595254
5000.0855595254
5000.0855595254
5000.0855595254
5000.0855595254
5000.0855595254
5000.0855595254
5000.0855595254
5000.0855595254
5000.0855595254
5000.0855595254
5000.0855595254
5000.0855595254
5000.0855595254
5000.0855595254
5000.0855595254
5000.0855595254
5000.0855595254
5000.0855595254
5000.0855595254
5000.0855595254
5000.0855595254
5000.0855595254
5000.0855595254
5000.0855595254
5000.0855595254
5000.0855595254
5000.0855595254
5000.0855595254
5000.0855595254
5000.0855595254
5000.0855595253
5000.0855595251
5000.0855595217
5000.0855594713
5000.0855587497
5000.0855489669
5000.0854203523
5000.0836210334
5000.0547804378
4999.5597964918
4991.2441928165
4860.4776094385
2720.2911838316
183.0612258058
12.0000000000
0.0000000000
0.0000000000
0.0000000000
0.0000000000
0.0000000000
0.0000000000
0.0000000000
0.0000000000
0.0000000000
0.0000000000
0.0000000000
0.0000000000
0.0000000000
0.0000000000
0.0000000000
0.0000000000
0.0000000000
0.0000000000
0.0000000000
0.0000000000
0.0000000000
0.0000000000
0.0000000000
0.0000000000
0.0000000000
0.0000000000
0.0000000000
0.0000000000
0.0000000000
0.0000000000
0.0000000000
0.0000000000
0.0000000000
0.0000000000
0.0000000000
0.0000000000
0.0000000000
0.0000000000
0.0000000000
0.0000000000
0.0000000000
0.0000000000
0.0000000000
0.0000000000
0.0000000000
0.0000000000
0.0000000000
0.0000000000
0.0000000000
0.0000000000
0.0000000000
0.0000000000