5000.0857953956
5000.0857953956
5000.0857953956
5000.0857953956
5000.0857953956
5000.0857953956
5000.0857953956
5000.0857953956
5000.0857953956
5000.0857953956
5000.0857953956
5000.0857953956
5000.0857953956
5000.0857953956
5000.0857953956
5000.0857953956
5000.0857953956
5000.0857953956
5000.0857953956
5000.0857953956
5000.0857953956
5000.0857953956
5000.0857953956
5000.0857953956
5000.0857953956
5000.0857953956
5000.0857953956
5000.0857953956
5000.0857953956
5000.0857953956
5000.0857953956
5000.0857953956
5000.0857953956
5000.0857953956
5000.0857953956
5000.0857953956
5000.0857953954
5000.0857953918
5000.0857953433
5000.0857946585
5000.0857840944
5000.0856083054
5000.0826198771
5000.0312475073
4999.1128480679
4982.6170447323
4721.3130968684
2668.6970870265
246.0766976600
7.0000000000
0.0000000000
0.0000000000
0.0000000000
0.0000000000
0.0000000000
0.0000000000
0.0000000000
0.0000000000
0.0000000000
0.0000000000
0.0000000000
0.0000000000
0.0000000000
0.0000000000
0.0000000000
0.0000000000
0.0000000000
0.0000000000
0.0000000000
0.0000000000
0.0000000000
0.0000000000
0.0000000000
0.0000000000
0.0000000000
0.0000000000
0.0000000000
0.0000000000
0.0000000000
0.0000000000
0.0000000000
0.0000000000
0.0000000000
0.0000000000
0.0000000000
0.0000000000
0.0000000000
0.0000000000
0.0000000000
0.0000000000
0.0000000000
0.0000000000
0.0000000000
0.0000000000
0.0000000000
0.0000000000
0.0000000000
0.0000000000
0.0000000000
0.0000000000