4999.9798528738
4999.9798528738
4999.9798528738
4999.9798528738
4999.9798528738
4999.9798528738
4999.9798528738
4999.9798528738
4999.9798528738
4999.9798528738
4999.9798528738
4999.9798528738
4999.9798528738
4999.9798528738
4999.9798528738
4999.9798528738
4999.9798528738
4999.9798528738
4999.9798528738
4999.9798528738
4999.9798528738
4999.9798528738
4999.9798528738
4999.9798528738
4999.9798528738
4999.9798528738
4999.9798528738
4999.9798528738
4999.9798528738
4999.9798528738
4999.9798528738
4999.9798528738
4999.9798528738
4999.9798528738
4999.9798528738
4999.9798528738
4999.9798528737
4999.9798528736
4999.9798528722
4999.9798528505
4999.9798525022
4999.9798466285
4999.9797456681
4999.9779823934
4999.9471024773
4999.4374736834
4992.1385762116
4903.0495839216
3758.0984477383
585.0222473199
13.0000000000
0.0000000000
0.0000000000
0.0000000000
0.0000000000
0.0000000000
0.0000000000
0.0000000000
0.0000000000
0.0000000000
0.0000000000
0.0000000000
0.0000000000
0.0000000000
0.0000000000
0.0000000000
0.0000000000
0.0000000000
0.0000000000
0.0000000000
0.0000000000
0.0000000000
0.0000000000
0.0000000000
0.0000000000
0.0000000000
0.0000000000
0.0000000000
0.0000000000
0.0000000000
0.0000000000
0.0000000000
0.0000000000
0.0000000000
0.0000000000
0.0000000000
0.0000000000
0.0000000000
0.0000000000
0.0000000000
0.0000000000
0.0000000000
0.0000000000
0.0000000000
0.0000000000
0.0000000000
0.0000000000
0.0000000000
0.0000000000
0.0000000000