5000.0372042652
5000.0372042652
5000.0372042652
5000.0372042652
5000.0372042652
5000.0372042652
5000.0372042652
5000.0372042652
5000.0372042652
5000.0372042652
5000.0372042652
5000.0372042652
5000.0372042652
5000.0372042652
5000.0372042652
5000.0372042652
5000.0372042652
5000.0372042652
5000.0372042652
5000.0372042652
5000.0372042652
5000.0372042652
5000.0372042652
5000.0372042652
5000.0372042652
5000.0372042652
5000.0372042652
5000.0372042652
5000.0372042652
5000.0372042652
5000.0372042652
5000.0372042652
5000.0372042652
5000.0372042652
5000.0372042652
5000.0372042652
5000.0372042652
5000.0372042652
5000.0372042652
5000.0372042652
5000.0372042651
5000.0372042639
5000.0372042433
5000.0372039051
5000.0371986907
5000.0371241101
5000.0361051683
5000.0218323118
4999.8086857867
4996.4980451833
4944.9757295818
4253.9620826233
1619.0031948192
27.0000000000
0.0000000000
0.0000000000
0.0000000000
0.0000000000
0.0000000000
0.0000000000
0.0000000000
0.0000000000
0.0000000000
0.0000000000
0.0000000000
0.0000000000
0.0000000000
0.0000000000
0.0000000000
0.0000000000
0.0000000000
0.0000000000
0.0000000000
0.0000000000
0.0000000000
0.0000000000
0.0000000000
0.0000000000
0.0000000000
0.0000000000
0.0000000000
0.0000000000
0.0000000000
0.0000000000
0.0000000000
0.0000000000
0.0000000000
0.0000000000
0.0000000000
0.0000000000
0.0000000000
0.0000000000
0.0000000000
0.0000000000
0.0000000000
0.0000000000
0.0000000000
0.0000000000
0.0000000000
0.0000000000