5000.0782866236
5000.0782866236
5000.0782866236
5000.0782866236
5000.0782866236
5000.0782866236
5000.0782866236
5000.0782866236
5000.0782866236
5000.0782866236
5000.0782866236
5000.0782866236
5000.0782866236
5000.0782866236
5000.0782866236
5000.0782866236
5000.0782866236
5000.0782866236
5000.0782866236
5000.0782866236
5000.0782866236
5000.0782866236
5000.0782866236
5000.0782866236
5000.0782866236
5000.0782866236
5000.0782866236
5000.0782866236
5000.0782866236
5000.0782866236
5000.0782866236
5000.0782866236
5000.0782866236
5000.0782866236
5000.0782866236
5000.0782866236
5000.0782866236
5000.0782866236
5000.0782866236
5000.0782866236
5000.0782866236
5000.0782866235
5000.0782866235
5000.0782866235
5000.0782866234
5000.0782866215
5000.0782865935
5000.0782861777
5000.0782800135
5000.0781919245
5000.0769801225
5000.0594742389
4999.7657234767
4994.9378093129
4936.0869240266
4156.9117339882
755.1816750884
20.0000000000
0.0000000000
0.0000000000
0.0000000000
0.0000000000
0.0000000000
0.0000000000
0.0000000000
0.0000000000
0.0000000000
0.0000000000
0.0000000000
0.0000000000
0.0000000000
0.0000000000
0.0000000000
0.0000000000
0.0000000000
0.0000000000
0.0000000000
0.0000000000
0.0000000000
0.0000000000
0.0000000000
0.0000000000
0.0000000000
0.0000000000
0.0000000000
0.0000000000
0.0000000000
0.0000000000
0.0000000000
0.0000000000
0.0000000000
0.0000000000
0.0000000000
0.0000000000
0.0000000000
0.0000000000
0.0000000000
0.0000000000
0.0000000000
0.0000000000