5000.0069559464
5000.0069559464
5000.0069559464
5000.0069559464
5000.0069559464
5000.0069559464
5000.0069559464
5000.0069559464
5000.0069559464
5000.0069559464
5000.0069559464
5000.0069559464
5000.0069559464
5000.0069559464
5000.0069559464
5000.0069559464
5000.0069559464
5000.0069559464
5000.0069559464
5000.0069559464
5000.0069559464
5000.0069559464
5000.0069559464
5000.0069559464
5000.0069559464
5000.0069559464
5000.0069559464
5000.0069559464
5000.0069559464
5000.0069559464
5000.0069559464
5000.0069559464
5000.0069559464
5000.0069559464
5000.0069559464
5000.0069559464
5000.0069559464
5000.0069559464
5000.0069559464
5000.0069559464
5000.0069559464
5000.0069559464
5000.0069559464
5000.0069559464
5000.0069559464
5000.0069559464
5000.0069559464
5000.0069559460
5000.0069559405
5000.0069558614
5000.0069546909
5000.0069365724
5000.0066591671
5000.0026921778
4999.9462479296
4999.0424689943
4983.8539053580
4741.8209456910
2318.0087813368
82.0000000000
0.0000000000
0.0000000000
0.0000000000
0.0000000000
0.0000000000
0.0000000000
0.0000000000
0.0000000000
0.0000000000
0.0000000000
0.0000000000
0.0000000000
0.0000000000
0.0000000000
0.0000000000
0.0000000000
0.0000000000
0.0000000000
0.0000000000
0.0000000000
0.0000000000
0.0000000000
0.0000000000
0.0000000000
0.0000000000
0.0000000000
0.0000000000
0.0000000000
0.0000000000
0.0000000000
0.0000000000
0.0000000000
0.0000000000
0.0000000000
0.0000000000
0.0000000000
0.0000000000
0.0000000000
0.0000000000
0.0000000000