0.000000 9715 
0.020002 9740 
0.040001 9787 
0.060001 9843 
0.080000 9901 
0.100002 9973 
0.120000 10043 
0.140007 10108 
0.160000 10174 
0.180002 10249 
0.200004 10328 
0.220001 10403 
0.240001 10479 
0.260001 10608 
0.280000 10724 
0.300001 10859 
0.320001 10979 
0.340001 11072 
0.360001 11174 
0.380000 11293 
0.400001 11425 
0.420002 11550 
0.440003 11669 
0.460002 11803 
0.480001 11941 
0.500003 12091 
0.520000 12224 
0.540006 12346 
0.560001 12472 
0.580000 12606 
0.600001 12720 
0.620004 12842 
0.640001 12947 
0.660005 13056 
0.680001 13178 
0.700009 13311 
0.720002 13414 
0.740001 13532 
0.760001 13650 
0.780002 13757 
0.800001 13879 
0.820001 13981 
0.840000 14109 
0.860001 14233 
0.880001 14359 
0.900001 14473 
0.920001 14595 
0.940001 14707 
0.960002 14828 
0.980000 14948 
1.000001 15081 
1.020003 15208 
1.040002 15369 
1.060000 15501 
1.080001 15645 
1.100000 15772 
1.120001 15907 
1.140001 16033 
1.160003 16176 
1.180000 16314 
1.200003 16441 
1.220000 16595 
1.240003 16735 
1.260004 16900 
1.280001 17047 
1.300001 17180 
1.320001 17341 
1.340000 17478 
1.360000 17671 
1.380001 17818 
1.400001 17986 
1.420001 18153 
1.440002 18326 
1.460001 18472 
1.480003 18638 
1.500001 18796 
1.520001 18959 
1.540000 19132 
1.560002 19292 
1.580000 19467 
1.600004 19631 
1.620001 19802 
1.640001 19989 
1.660000 20155 
1.680003 20330 
1.700001 20521 
1.720000 20706 
1.740000 20884 
1.760001 21072 
1.780001 21253 
1.800000 21430 
1.820001 21600 
1.840000 21784 
1.860001 21981 
1.880002 22157 
1.900000 22342 
1.920001 22516 
1.940000 22714 
1.960000 22902 
1.980000 23096 
2.000001 23302 
