4999.9345074185
4999.9345074185
4999.9345074185
4999.9345074185
4999.9345074185
4999.9345074185
4999.9345074185
4999.9345074185
4999.9345074185
4999.9345074185
4999.9345074185
4999.9345074185
4999.9345074185
4999.9345074185
4999.9345074185
4999.9345074185
4999.9345074185
4999.9345074185
4999.9345074185
4999.9345074185
4999.9345074185
4999.9345074185
4999.9345074185
4999.9345074185
4999.9345074185
4999.9345074185
4999.9345074185
4999.9345074185
4999.9345074185
4999.9345074185
4999.9345074185
4999.9345074185
4999.9345074185
4999.9345074185
4999.9345074185
4999.9345074185
4999.9345074185
4999.9345074185
4999.9345074185
4999.9345074185
4999.9345074185
4999.9345074185
4999.9345074185
4999.9345074185
4999.9345074185
4999.9345074185
4999.9345074185
4999.9345074185
4999.9345074185
4999.9345074185
4999.9345074185
4999.9345074185
4999.9345074181
4999.9345074123
4999.9345073231
4999.9345057614
4999.9344771949
4999.9339694320
4999.9252138985
4999.7704573607
4996.9064619014
4946.2113526970
4220.4516430287
1259.0250546944
8.0000000000
0.0000000000
0.0000000000
0.0000000000
0.0000000000
0.0000000000
0.0000000000
0.0000000000
0.0000000000
0.0000000000
0.0000000000
0.0000000000
0.0000000000
0.0000000000
0.0000000000
0.0000000000
0.0000000000
0.0000000000
0.0000000000
0.0000000000
0.0000000000
0.0000000000
0.0000000000
0.0000000000
0.0000000000
0.0000000000
0.0000000000
0.0000000000
0.0000000000
0.0000000000
0.0000000000
0.0000000000
0.0000000000
0.0000000000
0.0000000000
0.0000000000