4999.9854727487
4999.9854727487
4999.9854727487
4999.9854727487
4999.9854727487
4999.9854727487
4999.9854727487
4999.9854727487
4999.9854727487
4999.9854727487
4999.9854727487
4999.9854727487
4999.9854727487
4999.9854727487
4999.9854727487
4999.9854727487
4999.9854727486
4999.9854727472
4999.9854727308
4999.9854725492
4999.9854705164
4999.9854469148
4999.9851701725
4999.9816021192
4999.9273233660
4999.1077833169
4987.6207839177
4790.3926837473
2163.4598111630
90.4568124864
0.0000000000
0.0000000000
0.0000000000
0.0000000000
0.0000000000
0.0000000000
0.0000000000
0.0000000000
0.0000000000
0.0000000000
0.0000000000
0.0000000000
0.0000000000
0.0000000000
0.0000000000
0.0000000000
0.0000000000
0.0000000000
0.0000000000
0.0000000000
0.0000000000
0.0000000000
0.0000000000
0.0000000000
0.0000000000
0.0000000000
0.0000000000
0.0000000000
0.0000000000
0.0000000000
0.0000000000
0.0000000000
0.0000000000
0.0000000000
0.0000000000
0.0000000000
0.0000000000
0.0000000000
0.0000000000
0.0000000000
0.0000000000
0.0000000000
0.0000000000
0.0000000000
0.0000000000
0.0000000000
0.0000000000
0.0000000000
0.0000000000
0.0000000000
0.0000000000
0.0000000000
0.0000000000
0.0000000000
0.0000000000
0.0000000000
0.0000000000
0.0000000000
0.0000000000
0.0000000000
0.0000000000
0.0000000000
0.0000000000
0.0000000000
0.0000000000
0.0000000000
0.0000000000
0.0000000000
0.0000000000
0.0000000000