5000.0966882644
5000.0966882644
5000.0966882644
5000.0966882644
5000.0966882644
5000.0966882644
5000.0966882644
5000.0966882644
5000.0966882644
5000.0966882644
5000.0966882644
5000.0966882644
5000.0966882644
5000.0966882644
5000.0966882644
5000.0966882644
5000.0966882644
5000.0966882642
5000.0966882615
5000.0966882321
5000.0966878998
5000.0966840240
5000.0966373791
5000.0960111968
5000.0865235344
4999.9447503113
4997.8295688716
4960.0433028333
4227.5843974519
776.0213963418
2.0000000000
0.0000000000
0.0000000000
0.0000000000
0.0000000000
0.0000000000
0.0000000000
0.0000000000
0.0000000000
0.0000000000
0.0000000000
0.0000000000
0.0000000000
0.0000000000
0.0000000000
0.0000000000
0.0000000000
0.0000000000
0.0000000000
0.0000000000
0.0000000000
0.0000000000
0.0000000000
0.0000000000
0.0000000000
0.0000000000
0.0000000000
0.0000000000
0.0000000000
0.0000000000
0.0000000000
0.0000000000
0.0000000000
0.0000000000
0.0000000000
0.0000000000
0.0000000000
0.0000000000
0.0000000000
0.0000000000
0.0000000000
0.0000000000
0.0000000000
0.0000000000
0.0000000000
0.0000000000
0.0000000000
0.0000000000
0.0000000000
0.0000000000
0.0000000000
0.0000000000
0.0000000000
0.0000000000
0.0000000000
0.0000000000
0.0000000000
0.0000000000
0.0000000000
0.0000000000
0.0000000000
0.0000000000
0.0000000000
0.0000000000
0.0000000000
0.0000000000
0.0000000000
0.0000000000
0.0000000000
0.0000000000