4999.9053616139
4999.9053616139
4999.9053616139
4999.9053616139
4999.9053616139
4999.9053616139
4999.9053616139
4999.9053616139
4999.9053616139
4999.9053616139
4999.9053616139
4999.9053616139
4999.9053616139
4999.9053616139
4999.9053616139
4999.9053616139
4999.9053616139
4999.9053616139
4999.9053616139
4999.9053616138
4999.9053616123
4999.9053615950
4999.9053613673
4999.9053580878
4999.9053080976
4999.9045207079
4999.8911005485
4999.6449520949
4995.1408621033
4909.6214135988
2684.7141880782
61.7136002517
1.0000000000
0.0000000000
0.0000000000
0.0000000000
0.0000000000
0.0000000000
0.0000000000
0.0000000000
0.0000000000
0.0000000000
0.0000000000
0.0000000000
0.0000000000
0.0000000000
0.0000000000
0.0000000000
0.0000000000
0.0000000000
0.0000000000
0.0000000000
0.0000000000
0.0000000000
0.0000000000
0.0000000000
0.0000000000
0.0000000000
0.0000000000
0.0000000000
0.0000000000
0.0000000000
0.0000000000
0.0000000000
0.0000000000
0.0000000000
0.0000000000
0.0000000000
0.0000000000
0.0000000000
0.0000000000
0.0000000000
0.0000000000
0.0000000000
0.0000000000
0.0000000000
0.0000000000
0.0000000000
0.0000000000
0.0000000000
0.0000000000
0.0000000000
0.0000000000
0.0000000000
0.0000000000
0.0000000000
0.0000000000
0.0000000000
0.0000000000
0.0000000000
0.0000000000
0.0000000000
0.0000000000
0.0000000000
0.0000000000
0.0000000000
0.0000000000
0.0000000000
0.0000000000
0.0000000000