5000.0211147782
5000.0211147782
5000.0211147782
5000.0211147782
5000.0211147782
5000.0211147782
5000.0211147782
5000.0211147782
5000.0211147782
5000.0211147782
5000.0211147782
5000.0211147782
5000.0211147782
5000.0211147782
5000.0211147782
5000.0211147781
5000.0211147775
5000.0211147690
5000.0211146678
5000.0211135500
5000.0211011563
5000.0209572330
5000.0193020765
4999.9990580589
4999.6918037967
4994.8806686437
4933.0201003198
3902.1509971299
419.0371083420
1.0000000000
0.0000000000
0.0000000000
0.0000000000
0.0000000000
0.0000000000
0.0000000000
0.0000000000
0.0000000000
0.0000000000
0.0000000000
0.0000000000
0.0000000000
0.0000000000
0.0000000000
0.0000000000
0.0000000000
0.0000000000
0.0000000000
0.0000000000
0.0000000000
0.0000000000
0.0000000000
0.0000000000
0.0000000000
0.0000000000
0.0000000000
0.0000000000
0.0000000000
0.0000000000
0.0000000000
0.0000000000
0.0000000000
0.0000000000
0.0000000000
0.0000000000
0.0000000000
0.0000000000
0.0000000000
0.0000000000
0.0000000000
0.0000000000
0.0000000000
0.0000000000
0.0000000000
0.0000000000
0.0000000000
0.0000000000
0.0000000000
0.0000000000
0.0000000000
0.0000000000
0.0000000000
0.0000000000
0.0000000000
0.0000000000
0.0000000000
0.0000000000
0.0000000000
0.0000000000
0.0000000000
0.0000000000
0.0000000000
0.0000000000
0.0000000000
0.0000000000
0.0000000000
0.0000000000
0.0000000000
0.0000000000
0.0000000000