5000.1471588582
5000.1471588582
5000.1471588582
5000.1471588582
5000.1471588582
5000.1471588582
5000.1471588582
5000.1471588582
5000.1471588582
5000.1471588582
5000.1471588582
5000.1471588582
5000.1471588582
5000.1471588582
5000.1471588582
5000.1471588582
5000.1471588582
5000.1471588582
5000.1471588582
5000.1471588582
5000.1471588580
5000.1471588550
5000.1471588154
5000.1471582358
5000.1471492900
5000.1470046949
5000.1444842617
5000.0980179227
4999.2099203712
4979.4092617861
4447.7722723295
579.0944711998
10.0000000000
0.0000000000
0.0000000000
0.0000000000
0.0000000000
0.0000000000
0.0000000000
0.0000000000
0.0000000000
0.0000000000
0.0000000000
0.0000000000
0.0000000000
0.0000000000
0.0000000000
0.0000000000
0.0000000000
0.0000000000
0.0000000000
0.0000000000
0.0000000000
0.0000000000
0.0000000000
0.0000000000
0.0000000000
0.0000000000
0.0000000000
0.0000000000
0.0000000000
0.0000000000
0.0000000000
0.0000000000
0.0000000000
0.0000000000
0.0000000000
0.0000000000
0.0000000000
0.0000000000
0.0000000000
0.0000000000
0.0000000000
0.0000000000
0.0000000000
0.0000000000
0.0000000000
0.0000000000
0.0000000000
0.0000000000
0.0000000000
0.0000000000
0.0000000000
0.0000000000
0.0000000000
0.0000000000
0.0000000000
0.0000000000
0.0000000000
0.0000000000
0.0000000000
0.0000000000
0.0000000000
0.0000000000
0.0000000000
0.0000000000
0.0000000000
0.0000000000
0.0000000000
0.0000000000