4999.9910136678
4999.9910136678
4999.9910136678
4999.9910136678
4999.9910136678
4999.9910136678
4999.9910136678
4999.9910136678
4999.9910136678
4999.9910136678
4999.9910136678
4999.9910136678
4999.9910136678
4999.9910136678
4999.9910136678
4999.9910136678
4999.9910136678
4999.9910136678
4999.9910136674
4999.9910136628
4999.9910136111
4999.9910130011
4999.9910054385
4999.9909007463
4999.9893193861
4999.9654963397
4999.5886891039
4992.6850529282
4864.8435853709
3015.7907647682
54.3708136093
0.0000000000
0.0000000000
0.0000000000
0.0000000000
0.0000000000
0.0000000000
0.0000000000
0.0000000000
0.0000000000
0.0000000000
0.0000000000
0.0000000000
0.0000000000
0.0000000000
0.0000000000
0.0000000000
0.0000000000
0.0000000000
0.0000000000
0.0000000000
0.0000000000
0.0000000000
0.0000000000
0.0000000000
0.0000000000
0.0000000000
0.0000000000
0.0000000000
0.0000000000
0.0000000000
0.0000000000
0.0000000000
0.0000000000
0.0000000000
0.0000000000
0.0000000000
0.0000000000
0.0000000000
0.0000000000
0.0000000000
0.0000000000
0.0000000000
0.0000000000
0.0000000000
0.0000000000
0.0000000000
0.0000000000
0.0000000000
0.0000000000
0.0000000000
0.0000000000
0.0000000000
0.0000000000
0.0000000000
0.0000000000
0.0000000000
0.0000000000
0.0000000000
0.0000000000
0.0000000000
0.0000000000
0.0000000000
0.0000000000
0.0000000000
0.0000000000
0.0000000000
0.0000000000
0.0000000000
0.0000000000