5000.0001134348
5000.0001134348
5000.0001134348
5000.0001134348
5000.0001134348
5000.0001134348
5000.0001134348
5000.0001134348
5000.0001134348
5000.0001134348
5000.0001134348
5000.0001134348
5000.0001134348
5000.0001134348
5000.0001134348
5000.0001134348
5000.0001134348
5000.0001134348
5000.0001134348
5000.0001134348
5000.0001134348
5000.0001134348
5000.0001134348
5000.0001134348
5000.0001134348
5000.0001134346
5000.0001134287
5000.0001132950
5000.0001102238
5000.0000429122
4999.9986902123
4999.9745125383
4999.5852153442
4992.9954654316
4859.2206996769
2577.1310211985
169.1245905083
14.0000000000
0.0000000000
0.0000000000
0.0000000000
0.0000000000
0.0000000000
0.0000000000
0.0000000000
0.0000000000
0.0000000000
0.0000000000
0.0000000000
0.0000000000
0.0000000000
0.0000000000
0.0000000000
0.0000000000
0.0000000000
0.0000000000
0.0000000000
0.0000000000
0.0000000000
0.0000000000
0.0000000000
0.0000000000
0.0000000000
0.0000000000
0.0000000000
0.0000000000
0.0000000000
0.0000000000
0.0000000000
0.0000000000
0.0000000000
0.0000000000
0.0000000000
0.0000000000
0.0000000000
0.0000000000
0.0000000000
0.0000000000
0.0000000000
0.0000000000
0.0000000000
0.0000000000
0.0000000000
0.0000000000
0.0000000000
0.0000000000
0.0000000000
0.0000000000
0.0000000000
0.0000000000
0.0000000000
0.0000000000
0.0000000000
0.0000000000
0.0000000000
0.0000000000
0.0000000000
0.0000000000
0.0000000000
0.0000000000