5000.0768783869
5000.0768783869
5000.0768783869
5000.0768783869
5000.0768783869
5000.0768783869
5000.0768783869
5000.0768783869
5000.0768783869
5000.0768783869
5000.0768783869
5000.0768783869
5000.0768783869
5000.0768783869
5000.0768783869
5000.0768783869
5000.0768783869
5000.0768783869
5000.0768783869
5000.0768783869
5000.0768783869
5000.0768783869
5000.0768783869
5000.0768783869
5000.0768783869
5000.0768783869
5000.0768783856
5000.0768783583
5000.0768777452
5000.0768647938
5000.0766150547
5000.0722685968
5000.0005700315
4998.7100927848
4971.9822070860
4413.4002193171
1180.0296786225
115.0000000000
3.0000000000
0.0000000000
0.0000000000
0.0000000000
0.0000000000
0.0000000000
0.0000000000
0.0000000000
0.0000000000
0.0000000000
0.0000000000
0.0000000000
0.0000000000
0.0000000000
0.0000000000
0.0000000000
0.0000000000
0.0000000000
0.0000000000
0.0000000000
0.0000000000
0.0000000000
0.0000000000
0.0000000000
0.0000000000
0.0000000000
0.0000000000
0.0000000000
0.0000000000
0.0000000000
0.0000000000
0.0000000000
0.0000000000
0.0000000000
0.0000000000
0.0000000000
0.0000000000
0.0000000000
0.0000000000
0.0000000000
0.0000000000
0.0000000000
0.0000000000
0.0000000000
0.0000000000
0.0000000000
0.0000000000
0.0000000000
0.0000000000
0.0000000000
0.0000000000
0.0000000000
0.0000000000
0.0000000000
0.0000000000
0.0000000000
0.0000000000
0.0000000000
0.0000000000
0.0000000000
0.0000000000
0.0000000000