4999.8680823255
4999.8680823255
4999.8680823255
4999.8680823255
4999.8680823255
4999.8680823255
4999.8680823255
4999.8680823255
4999.8680823255
4999.8680823255
4999.8680823255
4999.8680823255
4999.8680823255
4999.8680823255
4999.8680823255
4999.8680823255
4999.8680823255
4999.8680823255
4999.8680823255
4999.8680823255
4999.8680823255
4999.8680823254
4999.8680823242
4999.8680823060
4999.8680820159
4999.8680770889
4999.8679873159
4999.8662322015
4999.8284568797
4998.9241572905
4976.1162137290
4397.0498500611
791.1655451299
34.0000000000
0.0000000000
0.0000000000
0.0000000000
0.0000000000
0.0000000000
0.0000000000
0.0000000000
0.0000000000
0.0000000000
0.0000000000
0.0000000000
0.0000000000
0.0000000000
0.0000000000
0.0000000000
0.0000000000
0.0000000000
0.0000000000
0.0000000000
0.0000000000
0.0000000000
0.0000000000
0.0000000000
0.0000000000
0.0000000000
0.0000000000
0.0000000000
0.0000000000
0.0000000000
0.0000000000
0.0000000000
0.0000000000
0.0000000000
0.0000000000
0.0000000000
0.0000000000
0.0000000000
0.0000000000
0.0000000000
0.0000000000
0.0000000000
0.0000000000
0.0000000000
0.0000000000
0.0000000000
0.0000000000
0.0000000000
0.0000000000
0.0000000000
0.0000000000
0.0000000000
0.0000000000
0.0000000000
0.0000000000
0.0000000000
0.0000000000
0.0000000000
0.0000000000
0.0000000000
0.0000000000
0.0000000000
0.0000000000
0.0000000000
0.0000000000
0.0000000000
0.0000000000