5000.0621380654
5000.0621380654
5000.0621380654
5000.0621380654
5000.0621380654
5000.0621380654
5000.0621380654
5000.0621380654
5000.0621380654
5000.0621380654
5000.0621380654
5000.0621380654
5000.0621380654
5000.0621380654
5000.0621380654
5000.0621380654
5000.0621380654
5000.0621380654
5000.0621380654
5000.0621380654
5000.0621380654
5000.0621380654
5000.0621380654
5000.0621380654
5000.0621380651
5000.0621380586
5000.0621379234
5000.0621348719
5000.0620629305
5000.0603805632
5000.0233020627
4999.2888354690
4987.0566113665
4825.1469607477
2252.1708619133
70.7390459353
2.0000000000
0.0000000000
0.0000000000
0.0000000000
0.0000000000
0.0000000000
0.0000000000
0.0000000000
0.0000000000
0.0000000000
0.0000000000
0.0000000000
0.0000000000
0.0000000000
0.0000000000
0.0000000000
0.0000000000
0.0000000000
0.0000000000
0.0000000000
0.0000000000
0.0000000000
0.0000000000
0.0000000000
0.0000000000
0.0000000000
0.0000000000
0.0000000000
0.0000000000
0.0000000000
0.0000000000
0.0000000000
0.0000000000
0.0000000000
0.0000000000
0.0000000000
0.0000000000
0.0000000000
0.0000000000
0.0000000000
0.0000000000
0.0000000000
0.0000000000
0.0000000000
0.0000000000
0.0000000000
0.0000000000
0.0000000000
0.0000000000
0.0000000000
0.0000000000
0.0000000000
0.0000000000
0.0000000000
0.0000000000
0.0000000000
0.0000000000
0.0000000000
0.0000000000
0.0000000000
0.0000000000
0.0000000000
0.0000000000
0.0000000000