4999.9458386920
4999.9458386920
4999.9458386920
4999.9458386920
4999.9458386920
4999.9458386920
4999.9458386920
4999.9458386920
4999.9458386920
4999.9458386920
4999.9458386920
4999.9458386920
4999.9458386920
4999.9458386920
4999.9458386920
4999.9458386920
4999.9458386920
4999.9458386920
4999.9458386920
4999.9458386920
4999.9458386920
4999.9458386920
4999.9458386920
4999.9458386920
4999.9458386920
4999.9458386920
4999.9458386920
4999.9458386920
4999.9458386911
4999.9458386751
4999.9458383895
4999.9458333239
4999.9457395914
4999.9439440694
4999.9109733373
4999.3792723606
4992.3991472687
4923.7777170544
4336.7620337907
1255.0628463821
38.0000000000
0.0000000000
0.0000000000
0.0000000000
0.0000000000
0.0000000000
0.0000000000
0.0000000000
0.0000000000
0.0000000000
0.0000000000
0.0000000000
0.0000000000
0.0000000000
0.0000000000
0.0000000000
0.0000000000
0.0000000000
0.0000000000
0.0000000000
0.0000000000
0.0000000000
0.0000000000
0.0000000000
0.0000000000
0.0000000000
0.0000000000
0.0000000000
0.0000000000
0.0000000000
0.0000000000
0.0000000000
0.0000000000
0.0000000000
0.0000000000
0.0000000000
0.0000000000
0.0000000000
0.0000000000
0.0000000000
0.0000000000
0.0000000000
0.0000000000
0.0000000000
0.0000000000
0.0000000000
0.0000000000
0.0000000000
0.0000000000
0.0000000000
0.0000000000
0.0000000000
0.0000000000
0.0000000000
0.0000000000
0.0000000000
0.0000000000
0.0000000000
0.0000000000
0.0000000000