5000.0807246700
5000.0807246700
5000.0807246700
5000.0807246700
5000.0807246700
5000.0807246700
5000.0807246700
5000.0807246700
5000.0807246700
5000.0807246700
5000.0807246700
5000.0807246700
5000.0807246700
5000.0807246700
5000.0807246700
5000.0807246700
5000.0807246700
5000.0807246700
5000.0807246700
5000.0807246700
5000.0807246700
5000.0807246700
5000.0807246700
5000.0807246700
5000.0807246700
5000.0807246700
5000.0807246700
5000.0807246698
5000.0807246653
5000.0807245792
5000.0807230331
5000.0806960265
5000.0802054376
5000.0707120943
4999.8887304242
4996.7714056733
4952.9578935177
4537.0256831646
2394.7868921008
184.2247431686
2.0000000000
0.0000000000
0.0000000000
0.0000000000
0.0000000000
0.0000000000
0.0000000000
0.0000000000
0.0000000000
0.0000000000
0.0000000000
0.0000000000
0.0000000000
0.0000000000
0.0000000000
0.0000000000
0.0000000000
0.0000000000
0.0000000000
0.0000000000
0.0000000000
0.0000000000
0.0000000000
0.0000000000
0.0000000000
0.0000000000
0.0000000000
0.0000000000
0.0000000000
0.0000000000
0.0000000000
0.0000000000
0.0000000000
0.0000000000
0.0000000000
0.0000000000
0.0000000000
0.0000000000
0.0000000000
0.0000000000
0.0000000000
0.0000000000
0.0000000000
0.0000000000
0.0000000000
0.0000000000
0.0000000000
0.0000000000
0.0000000000
0.0000000000
0.0000000000
0.0000000000
0.0000000000
0.0000000000
0.0000000000
0.0000000000
0.0000000000
0.0000000000
0.0000000000
0.0000000000