5000.0089026179
5000.0089026179
5000.0089026179
5000.0089026179
5000.0089026179
5000.0089026179
5000.0089026179
5000.0089026179
5000.0089026179
5000.0089026179
5000.0089026179
5000.0089026179
5000.0089026179
5000.0089026179
5000.0089026179
5000.0089026179
5000.0089026179
5000.0089026179
5000.0089026179
5000.0089026179
5000.0089026179
5000.0089026179
5000.0089026179
5000.0089026179
5000.0089026179
5000.0089026179
5000.0089026179
5000.0089026179
5000.0089026179
5000.0089026178
5000.0089026159
5000.0089025822
5000.0089019605
5000.0088909735
5000.0087152982
5000.0063013978
4999.9785768316
4999.6970021128
4996.4478272579
4946.9680059922
4089.4482361545
1034.0568107849
19.0000000000
0.0000000000
0.0000000000
0.0000000000
0.0000000000
0.0000000000
0.0000000000
0.0000000000
0.0000000000
0.0000000000
0.0000000000
0.0000000000
0.0000000000
0.0000000000
0.0000000000
0.0000000000
0.0000000000
0.0000000000
0.0000000000
0.0000000000
0.0000000000
0.0000000000
0.0000000000
0.0000000000
0.0000000000
0.0000000000
0.0000000000
0.0000000000
0.0000000000
0.0000000000
0.0000000000
0.0000000000
0.0000000000
0.0000000000
0.0000000000
0.0000000000
0.0000000000
0.0000000000
0.0000000000
0.0000000000
0.0000000000
0.0000000000
0.0000000000
0.0000000000
0.0000000000
0.0000000000
0.0000000000
0.0000000000
0.0000000000
0.0000000000
0.0000000000
0.0000000000
0.0000000000
0.0000000000
0.0000000000
0.0000000000
0.0000000000
0.0000000000