5000.0717734250
5000.0717734250
5000.0717734250
5000.0717734250
5000.0717734250
5000.0717734250
5000.0717734250
5000.0717734250
5000.0717734250
5000.0717734250
5000.0717734250
5000.0717734250
5000.0717734250
5000.0717734250
5000.0717734250
5000.0717734250
5000.0717734250
5000.0717734250
5000.0717734250
5000.0717734250
5000.0717734250
5000.0717734250
5000.0717734250
5000.0717734250
5000.0717734250
5000.0717734250
5000.0717734250
5000.0717734250
5000.0717734250
5000.0717734244
5000.0717734145
5000.0717732349
5000.0717698928
5000.0717088890
5000.0706877296
5000.0559646102
4999.8813066102
4998.1464682536
4979.6155214547
4712.3819482391
1892.0195615476
147.0000000000
0.0000000000
0.0000000000
0.0000000000
0.0000000000
0.0000000000
0.0000000000
0.0000000000
0.0000000000
0.0000000000
0.0000000000
0.0000000000
0.0000000000
0.0000000000
0.0000000000
0.0000000000
0.0000000000
0.0000000000
0.0000000000
0.0000000000
0.0000000000
0.0000000000
0.0000000000
0.0000000000
0.0000000000
0.0000000000
0.0000000000
0.0000000000
0.0000000000
0.0000000000
0.0000000000
0.0000000000
0.0000000000
0.0000000000
0.0000000000
0.0000000000
0.0000000000
0.0000000000
0.0000000000
0.0000000000
0.0000000000
0.0000000000
0.0000000000
0.0000000000
0.0000000000
0.0000000000
0.0000000000
0.0000000000
0.0000000000
0.0000000000
0.0000000000
0.0000000000
0.0000000000
0.0000000000
0.0000000000
0.0000000000
0.0000000000
0.0000000000
0.0000000000