5000.0217055277
5000.0217055277
5000.0217055277
5000.0217055277
5000.0217055277
5000.0217055277
5000.0217055277
5000.0217055277
5000.0217055277
5000.0217055277
5000.0217055277
5000.0217055277
5000.0217055277
5000.0217055277
5000.0217055277
5000.0217055277
5000.0217055277
5000.0217055277
5000.0217055277
5000.0217055277
5000.0217055277
5000.0217055277
5000.0217055277
5000.0217055277
5000.0217055277
5000.0217055277
5000.0217055277
5000.0217055277
5000.0217055277
5000.0217055276
5000.0217055273
5000.0217055210
5000.0217054073
5000.0217034667
5000.0216737763
5000.0212826022
5000.0168817155
4999.9706519359
4999.3963562033
4990.2722790980
4838.0436490706
3384.1340893633
189.2516805895
5.0000000000
0.0000000000
0.0000000000
0.0000000000
0.0000000000
0.0000000000
0.0000000000
0.0000000000
0.0000000000
0.0000000000
0.0000000000
0.0000000000
0.0000000000
0.0000000000
0.0000000000
0.0000000000
0.0000000000
0.0000000000
0.0000000000
0.0000000000
0.0000000000
0.0000000000
0.0000000000
0.0000000000
0.0000000000
0.0000000000
0.0000000000
0.0000000000
0.0000000000
0.0000000000
0.0000000000
0.0000000000
0.0000000000
0.0000000000
0.0000000000
0.0000000000
0.0000000000
0.0000000000
0.0000000000
0.0000000000
0.0000000000
0.0000000000
0.0000000000
0.0000000000
0.0000000000
0.0000000000
0.0000000000
0.0000000000
0.0000000000
0.0000000000
0.0000000000
0.0000000000
0.0000000000
0.0000000000
0.0000000000
0.0000000000
0.0000000000