4999.9821779926
4999.9821779926
4999.9821779926
4999.9821779926
4999.9821779926
4999.9821779926
4999.9821779926
4999.9821779926
4999.9821779926
4999.9821779926
4999.9821779926
4999.9821779926
4999.9821779926
4999.9821779926
4999.9821779926
4999.9821779926
4999.9821779926
4999.9821779926
4999.9821779926
4999.9821779926
4999.9821779926
4999.9821779926
4999.9821779926
4999.9821779926
4999.9821779926
4999.9821779926
4999.9821779926
4999.9821779926
4999.9821779926
4999.9821779926
4999.9821779925
4999.9821779923
4999.9821779886
4999.9821779299
4999.9821770993
4999.9821668208
4999.9820520440
4999.9807336843
4999.9624778498
4999.6751034939
4995.3783560144
4934.0642177241
3498.3015675225
425.1747288887
80.0000000000
0.0000000000
0.0000000000
0.0000000000
0.0000000000
0.0000000000
0.0000000000
0.0000000000
0.0000000000
0.0000000000
0.0000000000
0.0000000000
0.0000000000
0.0000000000
0.0000000000
0.0000000000
0.0000000000
0.0000000000
0.0000000000
0.0000000000
0.0000000000
0.0000000000
0.0000000000
0.0000000000
0.0000000000
0.0000000000
0.0000000000
0.0000000000
0.0000000000
0.0000000000
0.0000000000
0.0000000000
0.0000000000
0.0000000000
0.0000000000
0.0000000000
0.0000000000
0.0000000000
0.0000000000
0.0000000000
0.0000000000
0.0000000000
0.0000000000
0.0000000000
0.0000000000
0.0000000000
0.0000000000
0.0000000000
0.0000000000
0.0000000000
0.0000000000
0.0000000000
0.0000000000
0.0000000000
0.0000000000
0.0000000000