4999.9235618980
4999.9235618980
4999.9235618980
4999.9235618980
4999.9235618980
4999.9235618980
4999.9235618980
4999.9235618980
4999.9235618980
4999.9235618980
4999.9235618980
4999.9235618980
4999.9235618980
4999.9235618980
4999.9235618980
4999.9235618980
4999.9235618980
4999.9235618980
4999.9235618980
4999.9235618980
4999.9235618980
4999.9235618980
4999.9235618980
4999.9235618980
4999.9235618980
4999.9235618980
4999.9235618980
4999.9235618980
4999.9235618979
4999.9235618949
4999.9235618421
4999.9235608925
4999.9235431843
4999.9232109002
4999.9173838561
4999.8287461602
4998.7295800327
4987.9120554566
4882.8579381055
3554.9224729065
365.3765617632
9.0000000000
0.0000000000
0.0000000000
0.0000000000
0.0000000000
0.0000000000
0.0000000000
0.0000000000
0.0000000000
0.0000000000
0.0000000000
0.0000000000
0.0000000000
0.0000000000
0.0000000000
0.0000000000
0.0000000000
0.0000000000
0.0000000000
0.0000000000
0.0000000000
0.0000000000
0.0000000000
0.0000000000
0.0000000000
0.0000000000
0.0000000000
0.0000000000
0.0000000000
0.0000000000
0.0000000000
0.0000000000
0.0000000000
0.0000000000
0.0000000000
0.0000000000
0.0000000000
0.0000000000
0.0000000000
0.0000000000
0.0000000000
0.0000000000
0.0000000000
0.0000000000
0.0000000000
0.0000000000
0.0000000000
0.0000000000
0.0000000000
0.0000000000
0.0000000000
0.0000000000
0.0000000000
0.0000000000
0.0000000000
0.0000000000
0.0000000000
0.0000000000
0.0000000000