5000.0294089817
5000.0294089817
5000.0294089817
5000.0294089817
5000.0294089817
5000.0294089817
5000.0294089817
5000.0294089817
5000.0294089817
5000.0294089817
5000.0294089817
5000.0294089817
5000.0294089817
5000.0294089817
5000.0294089817
5000.0294089817
5000.0294089817
5000.0294089817
5000.0294089817
5000.0294089817
5000.0294089817
5000.0294089817
5000.0294089817
5000.0294089817
5000.0294089817
5000.0294089817
5000.0294089817
5000.0294089817
5000.0294089817
5000.0294089817
5000.0294089817
5000.0294089817
5000.0294089817
5000.0294089817
5000.0294089817
5000.0294089815
5000.0294089789
5000.0294089419
5000.0294083620
5000.0293987893
5000.0292359144
5000.0265714910
4999.9899289780
4999.6142912850
4995.8563895122
4916.6861485323
3427.2544456034
293.1875427346
2.0000000000
0.0000000000
0.0000000000
0.0000000000
0.0000000000
0.0000000000
0.0000000000
0.0000000000
0.0000000000
0.0000000000
0.0000000000
0.0000000000
0.0000000000
0.0000000000
0.0000000000
0.0000000000
0.0000000000
0.0000000000
0.0000000000
0.0000000000
0.0000000000
0.0000000000
0.0000000000
0.0000000000
0.0000000000
0.0000000000
0.0000000000
0.0000000000
0.0000000000
0.0000000000
0.0000000000
0.0000000000
0.0000000000
0.0000000000
0.0000000000
0.0000000000
0.0000000000
0.0000000000
0.0000000000
0.0000000000
0.0000000000
0.0000000000
0.0000000000
0.0000000000
0.0000000000
0.0000000000
0.0000000000
0.0000000000
0.0000000000
0.0000000000
0.0000000000
0.0000000000