5000.0534628262
5000.0534628262
5000.0534628262
5000.0534628262
5000.0534628262
5000.0534628262
5000.0534628262
5000.0534628262
5000.0534628262
5000.0534628262
5000.0534628262
5000.0534628262
5000.0534628262
5000.0534628262
5000.0534628262
5000.0534628262
5000.0534628262
5000.0534628262
5000.0534628262
5000.0534628262
5000.0534628262
5000.0534628262
5000.0534628262
5000.0534628262
5000.0534628262
5000.0534628262
5000.0534628262
5000.0534628262
5000.0534628262
5000.0534628262
5000.0534628262
5000.0534628262
5000.0534628262
5000.0534628261
5000.0534628255
5000.0534628182
5000.0534627296
5000.0534615333
5000.0534434648
5000.0531546494
5000.0482610823
4999.9606481534
4998.5304045798
4982.0854850746
4893.0538663913
2985.6268354098
139.1711997745
1.0000000000
0.0000000000
0.0000000000
0.0000000000
0.0000000000
0.0000000000
0.0000000000
0.0000000000
0.0000000000
0.0000000000
0.0000000000
0.0000000000
0.0000000000
0.0000000000
0.0000000000
0.0000000000
0.0000000000
0.0000000000
0.0000000000
0.0000000000
0.0000000000
0.0000000000
0.0000000000
0.0000000000
0.0000000000
0.0000000000
0.0000000000
0.0000000000
0.0000000000
0.0000000000
0.0000000000
0.0000000000
0.0000000000
0.0000000000
0.0000000000
0.0000000000
0.0000000000
0.0000000000
0.0000000000
0.0000000000
0.0000000000
0.0000000000
0.0000000000
0.0000000000
0.0000000000
0.0000000000
0.0000000000
0.0000000000
0.0000000000
0.0000000000
0.0000000000
0.0000000000
0.0000000000