5000.0322144566
5000.0322144566
5000.0322144566
5000.0322144566
5000.0322144566
5000.0322144566
5000.0322144566
5000.0322144566
5000.0322144566
5000.0322144566
5000.0322144566
5000.0322144566
5000.0322144566
5000.0322144566
5000.0322144566
5000.0322144566
5000.0322144566
5000.0322144566
5000.0322144566
5000.0322144566
5000.0322144566
5000.0322144566
5000.0322144566
5000.0322144566
5000.0322144566
5000.0322144566
5000.0322144566
5000.0322144566
5000.0322144566
5000.0322144566
5000.0322144566
5000.0322144566
5000.0322144566
5000.0322144566
5000.0322144566
5000.0322144566
5000.0322144566
5000.0322144566
5000.0322144566
5000.0322144566
5000.0322144564
5000.0322144548
5000.0322144313
5000.0322140470
5000.0322070522
5000.0320800686
5000.0298811237
4999.9934640260
4999.4191147379
4991.2220454441
4891.1930649259
3148.0979402698
484.2424731866
7.0000000000
0.0000000000
0.0000000000
0.0000000000
0.0000000000
0.0000000000
0.0000000000
0.0000000000
0.0000000000
0.0000000000
0.0000000000
0.0000000000
0.0000000000
0.0000000000
0.0000000000
0.0000000000
0.0000000000
0.0000000000
0.0000000000
0.0000000000
0.0000000000
0.0000000000
0.0000000000
0.0000000000
0.0000000000
0.0000000000
0.0000000000
0.0000000000
0.0000000000
0.0000000000
0.0000000000
0.0000000000
0.0000000000
0.0000000000
0.0000000000
0.0000000000
0.0000000000
0.0000000000
0.0000000000
0.0000000000
0.0000000000
0.0000000000
0.0000000000
0.0000000000
0.0000000000
0.0000000000
0.0000000000