4999.9836450245
4999.9836450245
4999.9836450245
4999.9836450245
4999.9836450245
4999.9836450245
4999.9836450245
4999.9836450245
4999.9836450245
4999.9836450245
4999.9836450245
4999.9836450245
4999.9836450245
4999.9836450245
4999.9836450245
4999.9836450245
4999.9836450245
4999.9836450245
4999.9836450245
4999.9836450245
4999.9836450245
4999.9836450245
4999.9836450245
4999.9836450245
4999.9836450245
4999.9836450245
4999.9836450245
4999.9836450245
4999.9836450245
4999.9836450245
4999.9836450245
4999.9836450245
4999.9836450245
4999.9836450245
4999.9836450245
4999.9836450245
4999.9836450245
4999.9836450245
4999.9836450245
4999.9836450245
4999.9836450245
4999.9836450245
4999.9836450245
4999.9836450244
4999.9836450229
4999.9836449981
4999.9836446015
4999.9836385513
4999.9835493159
4999.9822302087
4999.9623401006
4999.6728044508
4995.4988173908
4924.9946883829
4052.9546106565
1287.0152163985
98.0000000000
1.0000000000
0.0000000000
0.0000000000
0.0000000000
0.0000000000
0.0000000000
0.0000000000
0.0000000000
0.0000000000
0.0000000000
0.0000000000
0.0000000000
0.0000000000
0.0000000000
0.0000000000
0.0000000000
0.0000000000
0.0000000000
0.0000000000
0.0000000000
0.0000000000
0.0000000000
0.0000000000
0.0000000000
0.0000000000
0.0000000000
0.0000000000
0.0000000000
0.0000000000
0.0000000000
0.0000000000
0.0000000000
0.0000000000
0.0000000000
0.0000000000
0.0000000000
0.0000000000
0.0000000000
0.0000000000
0.0000000000
0.0000000000
0.0000000000
0.0000000000