4999.9849152771
4999.9849152771
4999.9849152771
4999.9849152771
4999.9849152771
4999.9849152771
4999.9849152771
4999.9849152771
4999.9849152771
4999.9849152771
4999.9849152771
4999.9849152771
4999.9849152771
4999.9849152771
4999.9849152771
4999.9849152771
4999.9849152771
4999.9849152771
4999.9849152771
4999.9849152771
4999.9849152771
4999.9849152771
4999.9849152771
4999.9849152771
4999.9849152771
4999.9849152771
4999.9849152771
4999.9849152771
4999.9849152771
4999.9849152771
4999.9849152771
4999.9849152771
4999.9849152771
4999.9849152771
4999.9849152771
4999.9849152771
4999.9849152771
4999.9849152771
4999.9849152770
4999.9849152767
4999.9849152724
4999.9849152145
4999.9849144687
4999.9849034274
4999.9847050932
4999.9809743016
4999.9142447953
4998.7814519001
4980.2346149142
4681.4940419310
2580.9587287731
148.2712293318
8.0000000000
0.0000000000
0.0000000000
0.0000000000
0.0000000000
0.0000000000
0.0000000000
0.0000000000
0.0000000000
0.0000000000
0.0000000000
0.0000000000
0.0000000000
0.0000000000
0.0000000000
0.0000000000
0.0000000000
0.0000000000
0.0000000000
0.0000000000
0.0000000000
0.0000000000
0.0000000000
0.0000000000
0.0000000000
0.0000000000
0.0000000000
0.0000000000
0.0000000000
0.0000000000
0.0000000000
0.0000000000
0.0000000000
0.0000000000
0.0000000000
0.0000000000
0.0000000000
0.0000000000
0.0000000000
0.0000000000
0.0000000000
0.0000000000
0.0000000000
0.0000000000
0.0000000000
0.0000000000
0.0000000000
0.0000000000