4999.9887628863
4999.9887628863
4999.9887628863
4999.9887628863
4999.9887628863
4999.9887628863
4999.9887628863
4999.9887628863
4999.9887628863
4999.9887628863
4999.9887628863
4999.9887628863
4999.9887628863
4999.9887628863
4999.9887628863
4999.9887628863
4999.9887628863
4999.9887628863
4999.9887628863
4999.9887628863
4999.9887628863
4999.9887628863
4999.9887628863
4999.9887628863
4999.9887628863
4999.9887628863
4999.9887628863
4999.9887628863
4999.9887628863
4999.9887628863
4999.9887628863
4999.9887628863
4999.9887628863
4999.9887628863
4999.9887628863
4999.9887628863
4999.9887628863
4999.9887628863
4999.9887628863
4999.9887628863
4999.9887628863
4999.9887628863
4999.9887628863
4999.9887628863
4999.9887628863
4999.9887628855
4999.9887628733
4999.9887626902
4999.9887599824
4999.9887197563
4999.9881215708
4999.9793216750
4999.8466147686
4997.8407375096
4972.6855817428
4712.5112746025
2801.6079046014
139.2231708120
1.0000000000
0.0000000000
0.0000000000
0.0000000000
0.0000000000
0.0000000000
0.0000000000
0.0000000000
0.0000000000
0.0000000000
0.0000000000
0.0000000000
0.0000000000
0.0000000000
0.0000000000
0.0000000000
0.0000000000
0.0000000000
0.0000000000
0.0000000000
0.0000000000
0.0000000000
0.0000000000
0.0000000000
0.0000000000
0.0000000000
0.0000000000
0.0000000000
0.0000000000
0.0000000000
0.0000000000
0.0000000000
0.0000000000
0.0000000000
0.0000000000
0.0000000000
0.0000000000
0.0000000000
0.0000000000
0.0000000000
0.0000000000
0.0000000000