5000.0806359721
5000.0806359721
5000.0806359721
5000.0806359721
5000.0806359721
5000.0806359721
5000.0806359721
5000.0806359721
5000.0806359721
5000.0806359721
5000.0806359721
5000.0806359721
5000.0806359721
5000.0806359721
5000.0806359721
5000.0806359721
5000.0806359721
5000.0806359721
5000.0806359721
5000.0806359721
5000.0806359721
5000.0806359721
5000.0806359721
5000.0806359721
5000.0806359721
5000.0806359721
5000.0806359721
5000.0806359721
5000.0806359721
5000.0806359721
5000.0806359721
5000.0806359721
5000.0806359721
5000.0806359721
5000.0806359721
5000.0806359721
5000.0806359721
5000.0806359721
5000.0806359721
5000.0806359721
5000.0806359713
5000.0806359616
5000.0806358303
5000.0806337739
5000.0805964239
5000.0799065561
5000.0677753543
4999.8641053243
4996.5652942102
4946.8693005052
4412.8287762246
942.0500738243
56.0000000000
0.0000000000
0.0000000000
0.0000000000
0.0000000000
0.0000000000
0.0000000000
0.0000000000
0.0000000000
0.0000000000
0.0000000000
0.0000000000
0.0000000000
0.0000000000
0.0000000000
0.0000000000
0.0000000000
0.0000000000
0.0000000000
0.0000000000
0.0000000000
0.0000000000
0.0000000000
0.0000000000
0.0000000000
0.0000000000
0.0000000000
0.0000000000
0.0000000000
0.0000000000
0.0000000000
0.0000000000
0.0000000000
0.0000000000
0.0000000000
0.0000000000
0.0000000000
0.0000000000
0.0000000000
0.0000000000
0.0000000000
0.0000000000
0.0000000000
0.0000000000
0.0000000000
0.0000000000
0.0000000000
0.0000000000