5000.0215284313
5000.0215284313
5000.0215284313
5000.0215284313
5000.0215284313
5000.0215284313
5000.0215284313
5000.0215284313
5000.0215284313
5000.0215284313
5000.0215284313
5000.0215284313
5000.0215284313
5000.0215284313
5000.0215284313
5000.0215284313
5000.0215284313
5000.0215284313
5000.0215284313
5000.0215284313
5000.0215284313
5000.0215284313
5000.0215284313
5000.0215284313
5000.0215284313
5000.0215284313
5000.0215284313
5000.0215284313
5000.0215284313
5000.0215284313
5000.0215284313
5000.0215284313
5000.0215284313
5000.0215284313
5000.0215284313
5000.0215284313
5000.0215284313
5000.0215284313
5000.0215284313
5000.0215284313
5000.0215284313
5000.0215284313
5000.0215284313
5000.0215284313
5000.0215284313
5000.0215284313
5000.0215284313
5000.0215284313
5000.0215284313
5000.0215284313
5000.0215284313
5000.0215284311
5000.0215284286
5000.0215283956
5000.0215279101
5000.0215195846
5000.0213657659
5000.0185924914
4999.9710761389
4999.1495623118
4983.8745595532
4696.3085506723
2142.0298405335
191.0000000000
0.0000000000
0.0000000000
0.0000000000
0.0000000000
0.0000000000
0.0000000000
0.0000000000
0.0000000000
0.0000000000
0.0000000000
0.0000000000
0.0000000000
0.0000000000
0.0000000000
0.0000000000
0.0000000000
0.0000000000
0.0000000000
0.0000000000
0.0000000000
0.0000000000
0.0000000000
0.0000000000
0.0000000000
0.0000000000
0.0000000000
0.0000000000
0.0000000000
0.0000000000
0.0000000000
0.0000000000
0.0000000000
0.0000000000
0.0000000000
0.0000000000
0.0000000000