4999.9633644637
4999.9633644637
4999.9633644637
4999.9633644637
4999.9633644637
4999.9633644637
4999.9633644637
4999.9633644637
4999.9633644637
4999.9633644637
4999.9633644637
4999.9633644637
4999.9633644637
4999.9633644637
4999.9633644637
4999.9633644637
4999.9633644637
4999.9633644637
4999.9633644637
4999.9633644637
4999.9633644637
4999.9633644637
4999.9633644637
4999.9633644637
4999.9633644637
4999.9633644637
4999.9633644637
4999.9633644637
4999.9633644637
4999.9633644637
4999.9633644637
4999.9633644637
4999.9633644637
4999.9633644637
4999.9633644637
4999.9633644637
4999.9633644637
4999.9633644637
4999.9633644637
4999.9633644637
4999.9633644637
4999.9633644637
4999.9633644637
4999.9633644637
4999.9633644637
4999.9633644637
4999.9633644637
4999.9633644637
4999.9633644637
4999.9633644625
4999.9633644459
4999.9633642095
4999.9633610153
4999.9633209901
4999.9628338663
4999.9560958032
4999.8376632562
4997.4494157285
4952.0216265607
4277.3004521238
803.0544048193
8.0000000000
0.0000000000
0.0000000000
0.0000000000
0.0000000000
0.0000000000
0.0000000000
0.0000000000
0.0000000000
0.0000000000
0.0000000000
0.0000000000
0.0000000000
0.0000000000
0.0000000000
0.0000000000
0.0000000000
0.0000000000
0.0000000000
0.0000000000
0.0000000000
0.0000000000
0.0000000000
0.0000000000
0.0000000000
0.0000000000
0.0000000000
0.0000000000
0.0000000000
0.0000000000
0.0000000000
0.0000000000
0.0000000000
0.0000000000
0.0000000000
0.0000000000
0.0000000000
0.0000000000
0.0000000000