4999.9575127000
4999.9575127000
4999.9575127000
4999.9575127000
4999.9575127000
4999.9575127000
4999.9575127000
4999.9575127000
4999.9575127000
4999.9575127000
4999.9575127000
4999.9575127000
4999.9575127000
4999.9575127000
4999.9575127000
4999.9575127000
4999.9575127000
4999.9575127000
4999.9575127000
4999.9575127000
4999.9575127000
4999.9575127000
4999.9575127000
4999.9575127000
4999.9575127000
4999.9575127000
4999.9575127000
4999.9575127000
4999.9575127000
4999.9575127000
4999.9575127000
4999.9575127000
4999.9575127000
4999.9575127000
4999.9575127000
4999.9575127000
4999.9575127000
4999.9575127000
4999.9575127000
4999.9575127000
4999.9575127000
4999.9575127000
4999.9575127000
4999.9575127000
4999.9575127000
4999.9575127000
4999.9575127000
4999.9575127000
4999.9575127000
4999.9575127000
4999.9575126999
4999.9575126987
4999.9575126839
4999.9575124934
4999.9575098290
4999.9574656236
4999.9566433828
4999.9414938380
4999.6815655175
4995.3071595126
4916.4568325662
3476.2931608380
422.0410884266
25.0000000000
0.0000000000
0.0000000000
0.0000000000
0.0000000000
0.0000000000
0.0000000000
0.0000000000
0.0000000000
0.0000000000
0.0000000000
0.0000000000
0.0000000000
0.0000000000
0.0000000000
0.0000000000
0.0000000000
0.0000000000
0.0000000000
0.0000000000
0.0000000000
0.0000000000
0.0000000000
0.0000000000
0.0000000000
0.0000000000
0.0000000000
0.0000000000
0.0000000000
0.0000000000
0.0000000000
0.0000000000
0.0000000000
0.0000000000
0.0000000000
0.0000000000
0.0000000000