5000.0446326116
5000.0446326116
5000.0446326116
5000.0446326116
5000.0446326116
5000.0446326116
5000.0446326116
5000.0446326116
5000.0446326116
5000.0446326116
5000.0446326116
5000.0446326116
5000.0446326116
5000.0446326116
5000.0446326116
5000.0446326116
5000.0446326116
5000.0446326116
5000.0446326116
5000.0446326116
5000.0446326116
5000.0446326116
5000.0446326116
5000.0446326116
5000.0446326116
5000.0446326116
5000.0446326116
5000.0446326116
5000.0446326116
5000.0446326116
5000.0446326116
5000.0446326116
5000.0446326116
5000.0446326116
5000.0446326116
5000.0446326116
5000.0446326116
5000.0446326116
5000.0446326116
5000.0446326116
5000.0446326116
5000.0446326116
5000.0446326116
5000.0446326116
5000.0446326116
5000.0446326116
5000.0446326116
5000.0446326116
5000.0446326116
5000.0446326116
5000.0446326116
5000.0446326116
5000.0446326114
5000.0446326086
5000.0446325619
5000.0446317994
5000.0446193132
5000.0444127563
5000.0410022474
4999.9855595035
4999.1189907716
4987.1355068958
4858.8159729151
3381.2728065115
389.2610415267
14.0000000000
0.0000000000
0.0000000000
0.0000000000
0.0000000000
0.0000000000
0.0000000000
0.0000000000
0.0000000000
0.0000000000
0.0000000000
0.0000000000
0.0000000000
0.0000000000
0.0000000000
0.0000000000
0.0000000000
0.0000000000
0.0000000000
0.0000000000
0.0000000000
0.0000000000
0.0000000000
0.0000000000
0.0000000000
0.0000000000
0.0000000000
0.0000000000
0.0000000000
0.0000000000
0.0000000000
0.0000000000
0.0000000000
0.0000000000
0.0000000000