4999.9173248056
4999.9173248056
4999.9173248056
4999.9173248056
4999.9173248056
4999.9173248056
4999.9173248056
4999.9173248056
4999.9173248056
4999.9173248056
4999.9173248056
4999.9173248056
4999.9173248056
4999.9173248056
4999.9173248056
4999.9173248056
4999.9173248056
4999.9173248056
4999.9173248055
4999.9173248048
4999.9173247936
4999.9173246447
4999.9173226850
4999.9172955856
4999.9168893947
4999.9107850328
4999.8215586153
4998.2723616345
4967.4751542841
4537.9599864042
1796.0292193386
203.0000000000
1.0000000000
0.0000000000
0.0000000000
0.0000000000
0.0000000000
0.0000000000
0.0000000000
0.0000000000
0.0000000000
0.0000000000
0.0000000000
0.0000000000
0.0000000000
0.0000000000
0.0000000000
0.0000000000
0.0000000000
0.0000000000
0.0000000000
0.0000000000
0.0000000000
0.0000000000
0.0000000000
0.0000000000
0.0000000000
0.0000000000
0.0000000000
0.0000000000
0.0000000000
0.0000000000
0.0000000000
0.0000000000
0.0000000000
0.0000000000
0.0000000000
0.0000000000
0.0000000000
0.0000000000
0.0000000000
0.0000000000
0.0000000000
0.0000000000
0.0000000000
0.0000000000
0.0000000000
0.0000000000
0.0000000000
0.0000000000
0.0000000000
0.0000000000
0.0000000000
0.0000000000
0.0000000000
0.0000000000
0.0000000000
0.0000000000
0.0000000000
0.0000000000
0.0000000000
0.0000000000
0.0000000000
0.0000000000
0.0000000000
0.0000000000
0.0000000000
0.0000000000
0.0000000000
0.0000000000