4999.8921280655
4999.8921280655
4999.8921280655
4999.8921280655
4999.8921280655
4999.8921280655
4999.8921280655
4999.8921280655
4999.8921280655
4999.8921280655
4999.8921280655
4999.8921280655
4999.8921280655
4999.8921280655
4999.8921280655
4999.8921280655
4999.8921280655
4999.8921280654
4999.8921280651
4999.8921280605
4999.8921279948
4999.8921271138
4999.8921156560
4999.8919613229
4999.8896554638
4999.8543714703
4999.3637946416
4991.5751026174
4815.2998792021
2920.6956939975
345.2027790405
22.0000000000
0.0000000000
0.0000000000
0.0000000000
0.0000000000
0.0000000000
0.0000000000
0.0000000000
0.0000000000
0.0000000000
0.0000000000
0.0000000000
0.0000000000
0.0000000000
0.0000000000
0.0000000000
0.0000000000
0.0000000000
0.0000000000
0.0000000000
0.0000000000
0.0000000000
0.0000000000
0.0000000000
0.0000000000
0.0000000000
0.0000000000
0.0000000000
0.0000000000
0.0000000000
0.0000000000
0.0000000000
0.0000000000
0.0000000000
0.0000000000
0.0000000000
0.0000000000
0.0000000000
0.0000000000
0.0000000000
0.0000000000
0.0000000000
0.0000000000
0.0000000000
0.0000000000
0.0000000000
0.0000000000
0.0000000000
0.0000000000
0.0000000000
0.0000000000
0.0000000000
0.0000000000
0.0000000000
0.0000000000
0.0000000000
0.0000000000
0.0000000000
0.0000000000
0.0000000000
0.0000000000
0.0000000000
0.0000000000
0.0000000000
0.0000000000
0.0000000000
0.0000000000
0.0000000000
0.0000000000