4999.9016959386
4999.9016959386
4999.9016959386
4999.9016959386
4999.9016959386
4999.9016959386
4999.9016959386
4999.9016959386
4999.9016959386
4999.9016959386
4999.9016959386
4999.9016959386
4999.9016959386
4999.9016959386
4999.9016959386
4999.9016959386
4999.9016959386
4999.9016959385
4999.9016959367
4999.9016959096
4999.9016955232
4999.9016902785
4999.9016224921
4999.9007381515
4999.8877109664
4999.6808737934
4996.8502594269
4960.5657741978
3994.6157260237
774.1433005616
37.0000000000
1.0000000000
0.0000000000
0.0000000000
0.0000000000
0.0000000000
0.0000000000
0.0000000000
0.0000000000
0.0000000000
0.0000000000
0.0000000000
0.0000000000
0.0000000000
0.0000000000
0.0000000000
0.0000000000
0.0000000000
0.0000000000
0.0000000000
0.0000000000
0.0000000000
0.0000000000
0.0000000000
0.0000000000
0.0000000000
0.0000000000
0.0000000000
0.0000000000
0.0000000000
0.0000000000
0.0000000000
0.0000000000
0.0000000000
0.0000000000
0.0000000000
0.0000000000
0.0000000000
0.0000000000
0.0000000000
0.0000000000
0.0000000000
0.0000000000
0.0000000000
0.0000000000
0.0000000000
0.0000000000
0.0000000000
0.0000000000
0.0000000000
0.0000000000
0.0000000000
0.0000000000
0.0000000000
0.0000000000
0.0000000000
0.0000000000
0.0000000000
0.0000000000
0.0000000000
0.0000000000
0.0000000000
0.0000000000
0.0000000000
0.0000000000
0.0000000000
0.0000000000
0.0000000000
0.0000000000
0.0000000000