5000.2655217618
5000.2655217618
5000.2655217618
5000.2655217618
5000.2655217618
5000.2655217618
5000.2655217618
5000.2655217618
5000.2655217618
5000.2655217618
5000.2655217618
5000.2655217618
5000.2655217618
5000.2655217618
5000.2655217617
5000.2655217611
5000.2655217521
5000.2655216222
5000.2655196661
5000.2654897958
5000.2650420055
5000.2585409446
5000.1688994782
4999.0747366994
4986.9921569886
4788.0004321623
2282.4767978644
331.0056259567
0.0000000000
0.0000000000
0.0000000000
0.0000000000
0.0000000000
0.0000000000
0.0000000000
0.0000000000
0.0000000000
0.0000000000
0.0000000000
0.0000000000
0.0000000000
0.0000000000
0.0000000000
0.0000000000
0.0000000000
0.0000000000
0.0000000000
0.0000000000
0.0000000000
0.0000000000
0.0000000000
0.0000000000
0.0000000000
0.0000000000
0.0000000000
0.0000000000
0.0000000000
0.0000000000
0.0000000000
0.0000000000
0.0000000000
0.0000000000
0.0000000000
0.0000000000
0.0000000000
0.0000000000
0.0000000000
0.0000000000
0.0000000000
0.0000000000
0.0000000000
0.0000000000
0.0000000000
0.0000000000
0.0000000000
0.0000000000
0.0000000000
0.0000000000
0.0000000000
0.0000000000
0.0000000000
0.0000000000
0.0000000000
0.0000000000
0.0000000000
0.0000000000
0.0000000000
0.0000000000
0.0000000000
0.0000000000
0.0000000000
0.0000000000
0.0000000000
0.0000000000
0.0000000000
0.0000000000
0.0000000000
0.0000000000
0.0000000000
0.0000000000