5000.0334263452
5000.0334263452
5000.0334263452
5000.0334263452
5000.0334263452
5000.0334263452
5000.0334263452
5000.0334263452
5000.0334263452
5000.0334263452
5000.0334263452
5000.0334263452
5000.0334263452
5000.0334263452
5000.0334263452
5000.0334263452
5000.0334263452
5000.0334263452
5000.0334263452
5000.0334263452
5000.0334263452
5000.0334263452
5000.0334263452
5000.0334263452
5000.0334263452
5000.0334263452
5000.0334263452
5000.0334263452
5000.0334263452
5000.0334263452
5000.0334263452
5000.0334263450
5000.0334263435
5000.0334263223
5000.0334260620
5000.0334228814
5000.0333799112
5000.0327436964
5000.0232022544
4999.8854509331
4998.2477640321
4985.0100937040
4813.2890431622
2665.4644090395
412.1973989111
13.0000000000
1.0000000000
0.0000000000
0.0000000000
0.0000000000
0.0000000000
0.0000000000
0.0000000000
0.0000000000
0.0000000000
0.0000000000
0.0000000000
0.0000000000
0.0000000000
0.0000000000
0.0000000000
0.0000000000
0.0000000000
0.0000000000
0.0000000000
0.0000000000
0.0000000000
0.0000000000
0.0000000000
0.0000000000
0.0000000000
0.0000000000
0.0000000000
0.0000000000
0.0000000000
0.0000000000
0.0000000000
0.0000000000
0.0000000000
0.0000000000
0.0000000000
0.0000000000
0.0000000000
0.0000000000
0.0000000000
0.0000000000
0.0000000000
0.0000000000
0.0000000000
0.0000000000
0.0000000000
0.0000000000
0.0000000000
0.0000000000
0.0000000000
0.0000000000
0.0000000000
0.0000000000
0.0000000000
0.0000000000