5000.0141360621
5000.0141360621
5000.0141360621
5000.0141360621
5000.0141360621
5000.0141360621
5000.0141360621
5000.0141360621
5000.0141360621
5000.0141360621
5000.0141360621
5000.0141360621
5000.0141360621
5000.0141360621
5000.0141360621
5000.0141360621
5000.0141360621
5000.0141360621
5000.0141360621
5000.0141360621
5000.0141360621
5000.0141360621
5000.0141360621
5000.0141360621
5000.0141360621
5000.0141360621
5000.0141360621
5000.0141360621
5000.0141360621
5000.0141360621
5000.0141360621
5000.0141360615
5000.0141360521
5000.0141359245
5000.0141343480
5000.0141155612
5000.0138689689
5000.0102380402
4999.9555045882
4999.1269290682
4988.3117787856
4910.3822583763
3996.1954371143
630.0382196816
57.0000000000
1.0000000000
0.0000000000
0.0000000000
0.0000000000
0.0000000000
0.0000000000
0.0000000000
0.0000000000
0.0000000000
0.0000000000
0.0000000000
0.0000000000
0.0000000000
0.0000000000
0.0000000000
0.0000000000
0.0000000000
0.0000000000
0.0000000000
0.0000000000
0.0000000000
0.0000000000
0.0000000000
0.0000000000
0.0000000000
0.0000000000
0.0000000000
0.0000000000
0.0000000000
0.0000000000
0.0000000000
0.0000000000
0.0000000000
0.0000000000
0.0000000000
0.0000000000
0.0000000000
0.0000000000
0.0000000000
0.0000000000
0.0000000000
0.0000000000
0.0000000000
0.0000000000
0.0000000000
0.0000000000
0.0000000000
0.0000000000
0.0000000000
0.0000000000
0.0000000000
0.0000000000
0.0000000000
0.0000000000
0.0000000000