4999.9240513893
4999.9240513893
4999.9240513893
4999.9240513893
4999.9240513893
4999.9240513893
4999.9240513893
4999.9240513893
4999.9240513893
4999.9240513893
4999.9240513893
4999.9240513893
4999.9240513893
4999.9240513893
4999.9240513893
4999.9240513893
4999.9240513893
4999.9240513893
4999.9240513893
4999.9240513893
4999.9240513893
4999.9240513893
4999.9240513893
4999.9240513893
4999.9240513893
4999.9240513893
4999.9240513893
4999.9240513893
4999.9240513893
4999.9240513893
4999.9240513893
4999.9240513893
4999.9240513893
4999.9240513892
4999.9240513880
4999.9240513720
4999.9240511452
4999.9240478306
4999.9240014124
4999.9234185409
4999.9171512776
4999.8499098512
4998.8815718828
4985.5951247560
4856.3958184537
2971.4032253309
375.3588699643
6.0000000000
0.0000000000
0.0000000000
0.0000000000
0.0000000000
0.0000000000
0.0000000000
0.0000000000
0.0000000000
0.0000000000
0.0000000000
0.0000000000
0.0000000000
0.0000000000
0.0000000000
0.0000000000
0.0000000000
0.0000000000
0.0000000000
0.0000000000
0.0000000000
0.0000000000
0.0000000000
0.0000000000
0.0000000000
0.0000000000
0.0000000000
0.0000000000
0.0000000000
0.0000000000
0.0000000000
0.0000000000
0.0000000000
0.0000000000
0.0000000000
0.0000000000
0.0000000000
0.0000000000
0.0000000000
0.0000000000
0.0000000000
0.0000000000
0.0000000000
0.0000000000
0.0000000000
0.0000000000
0.0000000000
0.0000000000
0.0000000000
0.0000000000
0.0000000000
0.0000000000
0.0000000000