5000.0319878927
5000.0319878927
5000.0319878927
5000.0319878927
5000.0319878927
5000.0319878927
5000.0319878927
5000.0319878927
5000.0319878927
5000.0319878927
5000.0319878927
5000.0319878927
5000.0319878927
5000.0319878927
5000.0319878927
5000.0319878927
5000.0319878927
5000.0319878927
5000.0319878927
5000.0319878927
5000.0319878927
5000.0319878927
5000.0319878927
5000.0319878927
5000.0319878927
5000.0319878927
5000.0319878927
5000.0319878927
5000.0319878927
5000.0319878927
5000.0319878927
5000.0319878927
5000.0319878927
5000.0319878927
5000.0319878925
5000.0319878896
5000.0319878499
5000.0319872765
5000.0319794758
5000.0318845365
5000.0308569917
5000.0191117377
4999.8531963086
4997.6943632007
4973.2899515526
4552.0434035011
1968.0383745462
104.0000000000
1.0000000000
0.0000000000
0.0000000000
0.0000000000
0.0000000000
0.0000000000
0.0000000000
0.0000000000
0.0000000000
0.0000000000
0.0000000000
0.0000000000
0.0000000000
0.0000000000
0.0000000000
0.0000000000
0.0000000000
0.0000000000
0.0000000000
0.0000000000
0.0000000000
0.0000000000
0.0000000000
0.0000000000
0.0000000000
0.0000000000
0.0000000000
0.0000000000
0.0000000000
0.0000000000
0.0000000000
0.0000000000
0.0000000000
0.0000000000
0.0000000000
0.0000000000
0.0000000000
0.0000000000
0.0000000000
0.0000000000
0.0000000000
0.0000000000
0.0000000000
0.0000000000
0.0000000000
0.0000000000
0.0000000000
0.0000000000
0.0000000000
0.0000000000
0.0000000000
0.0000000000