5000.1481915957
5000.1481915957
5000.1481915957
5000.1481915957
5000.1481915957
5000.1481915957
5000.1481915957
5000.1481915957
5000.1481915957
5000.1481915957
5000.1481915957
5000.1481915957
5000.1481915957
5000.1481915957
5000.1481915957
5000.1481915957
5000.1481915957
5000.1481915957
5000.1481915957
5000.1481915957
5000.1481915957
5000.1481915957
5000.1481915957
5000.1481915957
5000.1481915957
5000.1481915957
5000.1481915957
5000.1481915957
5000.1481915957
5000.1481915957
5000.1481915957
5000.1481915957
5000.1481915957
5000.1481915957
5000.1481915957
5000.1481915957
5000.1481915957
5000.1481915956
5000.1481915946
5000.1481915838
5000.1481914540
5000.1481897828
5000.1481675561
5000.1478713075
5000.1437218402
5000.0833271916
4999.1607279343
4981.6832034494
4601.0611523051
1608.0592226425
145.0000000000
4.0000000000
0.0000000000
0.0000000000
0.0000000000
0.0000000000
0.0000000000
0.0000000000
0.0000000000
0.0000000000
0.0000000000
0.0000000000
0.0000000000
0.0000000000
0.0000000000
0.0000000000
0.0000000000
0.0000000000
0.0000000000
0.0000000000
0.0000000000
0.0000000000
0.0000000000
0.0000000000
0.0000000000
0.0000000000
0.0000000000
0.0000000000
0.0000000000
0.0000000000
0.0000000000
0.0000000000
0.0000000000
0.0000000000
0.0000000000
0.0000000000
0.0000000000
0.0000000000
0.0000000000
0.0000000000
0.0000000000
0.0000000000
0.0000000000
0.0000000000
0.0000000000
0.0000000000
0.0000000000
0.0000000000
0.0000000000
0.0000000000