4999.9175968451
4999.9175968451
4999.9175968451
4999.9175968451
4999.9175968451
4999.9175968451
4999.9175968451
4999.9175968451
4999.9175968451
4999.9175968451
4999.9175968451
4999.9175968451
4999.9175968451
4999.9175968451
4999.9175968451
4999.9175968451
4999.9175968451
4999.9175968451
4999.9175968451
4999.9175968451
4999.9175968451
4999.9175968451
4999.9175968451
4999.9175968451
4999.9175968451
4999.9175968451
4999.9175968451
4999.9175968451
4999.9175968451
4999.9175968451
4999.9175968451
4999.9175968451
4999.9175968451
4999.9175968451
4999.9175968451
4999.9175968451
4999.9175968451
4999.9175968451
4999.9175968451
4999.9175968451
4999.9175968451
4999.9175968451
4999.9175968445
4999.9175968361
4999.9175967007
4999.9175943654
4999.9175528645
4999.9168525230
4999.9064424374
4999.7725734017
4998.1417512851
4977.4545378496
4780.7683614060
2752.4366620008
358.0454230314
6.0000000000
0.0000000000
0.0000000000
0.0000000000
0.0000000000
0.0000000000
0.0000000000
0.0000000000
0.0000000000
0.0000000000
0.0000000000
0.0000000000
0.0000000000
0.0000000000
0.0000000000
0.0000000000
0.0000000000
0.0000000000
0.0000000000
0.0000000000
0.0000000000
0.0000000000
0.0000000000
0.0000000000
0.0000000000
0.0000000000
0.0000000000
0.0000000000
0.0000000000
0.0000000000
0.0000000000
0.0000000000
0.0000000000
0.0000000000
0.0000000000
0.0000000000
0.0000000000
0.0000000000
0.0000000000
0.0000000000
0.0000000000
0.0000000000
0.0000000000
0.0000000000
0.0000000000