5000.0060808133
5000.0060808133
5000.0060808133
5000.0060808133
5000.0060808133
5000.0060808133
5000.0060808133
5000.0060808133
5000.0060808133
5000.0060808133
5000.0060808133
5000.0060808133
5000.0060808133
5000.0060808133
5000.0060808133
5000.0060808133
5000.0060808133
5000.0060808133
5000.0060808133
5000.0060808133
5000.0060808133
5000.0060808133
5000.0060808133
5000.0060808133
5000.0060808133
5000.0060808133
5000.0060808133
5000.0060808133
5000.0060808133
5000.0060808133
5000.0060808133
5000.0060808133
5000.0060808133
5000.0060808133
5000.0060808133
5000.0060808133
5000.0060808133
5000.0060808133
5000.0060808133
5000.0060808133
5000.0060808133
5000.0060808130
5000.0060808097
5000.0060807623
5000.0060800225
5000.0060674611
5000.0058411324
5000.0018629419
4999.9400411851
4999.1310718663
4989.4895644312
4859.8035261604
3833.5381959730
683.0421193860
42.0000000000
0.0000000000
0.0000000000
0.0000000000
0.0000000000
0.0000000000
0.0000000000
0.0000000000
0.0000000000
0.0000000000
0.0000000000
0.0000000000
0.0000000000
0.0000000000
0.0000000000
0.0000000000
0.0000000000
0.0000000000
0.0000000000
0.0000000000
0.0000000000
0.0000000000
0.0000000000
0.0000000000
0.0000000000
0.0000000000
0.0000000000
0.0000000000
0.0000000000
0.0000000000
0.0000000000
0.0000000000
0.0000000000
0.0000000000
0.0000000000
0.0000000000
0.0000000000
0.0000000000
0.0000000000
0.0000000000
0.0000000000
0.0000000000
0.0000000000
0.0000000000
0.0000000000
0.0000000000