5000.0493399738
5000.0493399738
5000.0493399738
5000.0493399738
5000.0493399738
5000.0493399738
5000.0493399738
5000.0493399738
5000.0493399738
5000.0493399738
5000.0493399738
5000.0493399738
5000.0493399738
5000.0493399738
5000.0493399738
5000.0493399738
5000.0493399738
5000.0493399738
5000.0493399738
5000.0493399738
5000.0493399738
5000.0493399738
5000.0493399738
5000.0493399738
5000.0493399738
5000.0493399738
5000.0493399738
5000.0493399738
5000.0493399738
5000.0493399738
5000.0493399738
5000.0493399738
5000.0493399738
5000.0493399738
5000.0493399738
5000.0493399738
5000.0493399738
5000.0493399738
5000.0493399738
5000.0493399738
5000.0493399738
5000.0493399738
5000.0493399738
5000.0493399737
5000.0493399729
5000.0493399587
5000.0493397247
5000.0493361803
5000.0492880044
5000.0486857713
5000.0413996131
4999.9555405115
4998.9553937919
4985.7927326070
4832.4435523179
2515.7917140872
122.2298167727
4.0000000000
0.0000000000
0.0000000000
0.0000000000
0.0000000000
0.0000000000
0.0000000000
0.0000000000
0.0000000000
0.0000000000
0.0000000000
0.0000000000
0.0000000000
0.0000000000
0.0000000000
0.0000000000
0.0000000000
0.0000000000
0.0000000000
0.0000000000
0.0000000000
0.0000000000
0.0000000000
0.0000000000
0.0000000000
0.0000000000
0.0000000000
0.0000000000
0.0000000000
0.0000000000
0.0000000000
0.0000000000
0.0000000000
0.0000000000
0.0000000000
0.0000000000
0.0000000000
0.0000000000
0.0000000000
0.0000000000
0.0000000000
0.0000000000
0.0000000000