4999.9692893254
4999.9692893254
4999.9692893254
4999.9692893254
4999.9692893254
4999.9692893254
4999.9692893254
4999.9692893254
4999.9692893254
4999.9692893254
4999.9692893254
4999.9692893254
4999.9692893254
4999.9692893254
4999.9692893254
4999.9692893254
4999.9692893254
4999.9692893254
4999.9692893254
4999.9692893254
4999.9692893254
4999.9692893254
4999.9692893254
4999.9692893254
4999.9692893254
4999.9692893254
4999.9692893254
4999.9692893254
4999.9692893254
4999.9692893254
4999.9692893254
4999.9692893254
4999.9692893254
4999.9692893254
4999.9692893254
4999.9692893254
4999.9692893254
4999.9692893254
4999.9692893254
4999.9692893254
4999.9692893254
4999.9692893254
4999.9692893254
4999.9692893254
4999.9692893254
4999.9692893254
4999.9692893254
4999.9692893249
4999.9692893188
4999.9692892447
4999.9692883522
4999.9692773328
4999.9691299702
4999.9668826871
4999.9276453352
4999.2061035044
4987.2056903158
4819.2531113019
2583.4562201683
164.0326736958
0.0000000000
0.0000000000
0.0000000000
0.0000000000
0.0000000000
0.0000000000
0.0000000000
0.0000000000
0.0000000000
0.0000000000
0.0000000000
0.0000000000
0.0000000000
0.0000000000
0.0000000000
0.0000000000
0.0000000000
0.0000000000
0.0000000000
0.0000000000
0.0000000000
0.0000000000
0.0000000000
0.0000000000
0.0000000000
0.0000000000
0.0000000000
0.0000000000
0.0000000000
0.0000000000
0.0000000000
0.0000000000
0.0000000000
0.0000000000
0.0000000000
0.0000000000
0.0000000000
0.0000000000
0.0000000000
0.0000000000