4999.9222629263
4999.9222629263
4999.9222629263
4999.9222629263
4999.9222629263
4999.9222629263
4999.9222629263
4999.9222629263
4999.9222629263
4999.9222629263
4999.9222629263
4999.9222629263
4999.9222629263
4999.9222629263
4999.9222629263
4999.9222629263
4999.9222629263
4999.9222629263
4999.9222629263
4999.9222629263
4999.9222629263
4999.9222629263
4999.9222629263
4999.9222629263
4999.9222629263
4999.9222629263
4999.9222629263
4999.9222629263
4999.9222629263
4999.9222629263
4999.9222629263
4999.9222629263
4999.9222629263
4999.9222629263
4999.9222629263
4999.9222629263
4999.9222629263
4999.9222629263
4999.9222629263
4999.9222629263
4999.9222629263
4999.9222629263
4999.9222629263
4999.9222629263
4999.9222629263
4999.9222629262
4999.9222629250
4999.9222629077
4999.9222626848
4999.9222599545
4999.9222272745
4999.9218363106
4999.9169400006
4999.8489472356
4998.7547678372
4977.7089573409
4576.9098493294
1831.0415592712
79.0000000000
0.0000000000
0.0000000000
0.0000000000
0.0000000000
0.0000000000
0.0000000000
0.0000000000
0.0000000000
0.0000000000
0.0000000000
0.0000000000
0.0000000000
0.0000000000
0.0000000000
0.0000000000
0.0000000000
0.0000000000
0.0000000000
0.0000000000
0.0000000000
0.0000000000
0.0000000000
0.0000000000
0.0000000000
0.0000000000
0.0000000000
0.0000000000
0.0000000000
0.0000000000
0.0000000000
0.0000000000
0.0000000000
0.0000000000
0.0000000000
0.0000000000
0.0000000000
0.0000000000
0.0000000000
0.0000000000
0.0000000000
0.0000000000