4999.9177479351
4999.9177479351
4999.9177479351
4999.9177479351
4999.9177479351
4999.9177479351
4999.9177479351
4999.9177479351
4999.9177479351
4999.9177479351
4999.9177479351
4999.9177479351
4999.9177479351
4999.9177479351
4999.9177479351
4999.9177479351
4999.9177479351
4999.9177479351
4999.9177479351
4999.9177479351
4999.9177479351
4999.9177479351
4999.9177479351
4999.9177479351
4999.9177479351
4999.9177479351
4999.9177479351
4999.9177479351
4999.9177479351
4999.9177479351
4999.9177479351
4999.9177479351
4999.9177479351
4999.9177479351
4999.9177479351
4999.9177479351
4999.9177479351
4999.9177479351
4999.9177479351
4999.9177479351
4999.9177479351
4999.9177479351
4999.9177479351
4999.9177479351
4999.9177479351
4999.9177479351
4999.9177479351
4999.9177479351
4999.9177479350
4999.9177479345
4999.9177479256
4999.9177477724
4999.9177454032
4999.9177144305
4999.9173746784
4999.9136302932
4999.8636736540
4999.2406165311
4991.8746599642
4872.9584791123
4006.6330906563
735.0894707322
17.0000000000
0.0000000000
0.0000000000
0.0000000000
0.0000000000
0.0000000000
0.0000000000
0.0000000000
0.0000000000
0.0000000000
0.0000000000
0.0000000000
0.0000000000
0.0000000000
0.0000000000
0.0000000000
0.0000000000
0.0000000000
0.0000000000
0.0000000000
0.0000000000
0.0000000000
0.0000000000
0.0000000000
0.0000000000
0.0000000000
0.0000000000
0.0000000000
0.0000000000
0.0000000000
0.0000000000
0.0000000000
0.0000000000
0.0000000000
0.0000000000
0.0000000000
0.0000000000
0.0000000000