4999.9269745784
4999.9269745784
4999.9269745784
4999.9269745784
4999.9269745784
4999.9269745784
4999.9269745784
4999.9269745784
4999.9269745784
4999.9269745784
4999.9269745784
4999.9269745784
4999.9269745784
4999.9269745784
4999.9269745784
4999.9269745784
4999.9269745784
4999.9269745784
4999.9269745783
4999.9269745773
4999.9269745584
4999.9269741798
4999.9269662909
4999.9268017285
4999.9234373929
4999.8560074523
4998.5332194000
4972.8276328050
4460.1839666162
1436.0169916882
56.0000000000
0.0000000000
0.0000000000
0.0000000000
0.0000000000
0.0000000000
0.0000000000
0.0000000000
0.0000000000
0.0000000000
0.0000000000
0.0000000000
0.0000000000
0.0000000000
0.0000000000
0.0000000000
0.0000000000
0.0000000000
0.0000000000
0.0000000000
0.0000000000
0.0000000000
0.0000000000
0.0000000000
0.0000000000
0.0000000000
0.0000000000
0.0000000000
0.0000000000
0.0000000000
0.0000000000
0.0000000000
0.0000000000
0.0000000000
0.0000000000
0.0000000000
0.0000000000
0.0000000000
0.0000000000
0.0000000000
0.0000000000
0.0000000000
0.0000000000
0.0000000000
0.0000000000
0.0000000000
0.0000000000
0.0000000000
0.0000000000
0.0000000000
0.0000000000
0.0000000000
0.0000000000
0.0000000000
0.0000000000
0.0000000000
0.0000000000
0.0000000000
0.0000000000
0.0000000000
0.0000000000
0.0000000000
0.0000000000
0.0000000000
0.0000000000
0.0000000000
0.0000000000
0.0000000000
0.0000000000
0.0000000000