5000.2039364721
5000.2039364721
5000.2039364721
5000.2039364721
5000.2039364721
5000.2039364721
5000.2039364721
5000.2039364721
5000.2039364721
5000.2039364721
5000.2039364721
5000.2039364721
5000.2039364721
5000.2039364721
5000.2039364721
5000.2039364721
5000.2039364719
5000.2039364691
5000.2039364202
5000.2039355680
5000.2039208931
5000.2036614578
5000.1985683794
5000.0884204572
4997.7477341094
4950.8761058809
3949.4551302319
472.0403014112
6.0000000000
0.0000000000
0.0000000000
0.0000000000
0.0000000000
0.0000000000
0.0000000000
0.0000000000
0.0000000000
0.0000000000
0.0000000000
0.0000000000
0.0000000000
0.0000000000
0.0000000000
0.0000000000
0.0000000000
0.0000000000
0.0000000000
0.0000000000
0.0000000000
0.0000000000
0.0000000000
0.0000000000
0.0000000000
0.0000000000
0.0000000000
0.0000000000
0.0000000000
0.0000000000
0.0000000000
0.0000000000
0.0000000000
0.0000000000
0.0000000000
0.0000000000
0.0000000000
0.0000000000
0.0000000000
0.0000000000
0.0000000000
0.0000000000
0.0000000000
0.0000000000
0.0000000000
0.0000000000
0.0000000000
0.0000000000
0.0000000000
0.0000000000
0.0000000000
0.0000000000
0.0000000000
0.0000000000
0.0000000000
0.0000000000
0.0000000000
0.0000000000
0.0000000000
0.0000000000
0.0000000000
0.0000000000
0.0000000000
0.0000000000
0.0000000000
0.0000000000
0.0000000000
0.0000000000
0.0000000000
0.0000000000
0.0000000000
0.0000000000