4999.8898034150
4999.8898034150
4999.8898034150
4999.8898034150
4999.8898034150
4999.8898034150
4999.8898034150
4999.8898034150
4999.8898034150
4999.8898034150
4999.8898034150
4999.8898034150
4999.8898034150
4999.8898034150
4999.8898034150
4999.8898034150
4999.8898034150
4999.8898034150
4999.8898034150
4999.8898034150
4999.8898034150
4999.8898034150
4999.8898034150
4999.8898034150
4999.8898034139
4999.8898033944
4999.8898030641
4999.8897977220
4999.8897151899
4999.8885139692
4999.8723665662
4999.6556720499
4996.1196969742
4932.3541671429
4048.0717197903
530.0891144717
2.0000000000
0.0000000000
0.0000000000
0.0000000000
0.0000000000
0.0000000000
0.0000000000
0.0000000000
0.0000000000
0.0000000000
0.0000000000
0.0000000000
0.0000000000
0.0000000000
0.0000000000
0.0000000000
0.0000000000
0.0000000000
0.0000000000
0.0000000000
0.0000000000
0.0000000000
0.0000000000
0.0000000000
0.0000000000
0.0000000000
0.0000000000
0.0000000000
0.0000000000
0.0000000000
0.0000000000
0.0000000000
0.0000000000
0.0000000000
0.0000000000
0.0000000000
0.0000000000
0.0000000000
0.0000000000
0.0000000000
0.0000000000
0.0000000000
0.0000000000
0.0000000000
0.0000000000
0.0000000000
0.0000000000
0.0000000000
0.0000000000
0.0000000000
0.0000000000
0.0000000000
0.0000000000
0.0000000000
0.0000000000
0.0000000000
0.0000000000
0.0000000000
0.0000000000
0.0000000000
0.0000000000
0.0000000000
0.0000000000
0.0000000000