4999.9557658723
4999.9557658723
4999.9557658723
4999.9557658723
4999.9557658723
4999.9557658723
4999.9557658723
4999.9557658723
4999.9557658723
4999.9557658723
4999.9557658723
4999.9557658723
4999.9557658723
4999.9557658723
4999.9557658723
4999.9557658723
4999.9557658723
4999.9557658723
4999.9557658723
4999.9557658723
4999.9557658723
4999.9557658723
4999.9557658723
4999.9557658723
4999.9557658721
4999.9557658685
4999.9557658094
4999.9557648673
4999.9557505725
4999.9555463806
4999.9527830217
4999.9136127465
4999.2605214827
4988.0464551100
4820.8695691501
2397.6817802179
66.6247745422
0.0000000000
0.0000000000
0.0000000000
0.0000000000
0.0000000000
0.0000000000
0.0000000000
0.0000000000
0.0000000000
0.0000000000
0.0000000000
0.0000000000
0.0000000000
0.0000000000
0.0000000000
0.0000000000
0.0000000000
0.0000000000
0.0000000000
0.0000000000
0.0000000000
0.0000000000
0.0000000000
0.0000000000
0.0000000000
0.0000000000
0.0000000000
0.0000000000
0.0000000000
0.0000000000
0.0000000000
0.0000000000
0.0000000000
0.0000000000
0.0000000000
0.0000000000
0.0000000000
0.0000000000
0.0000000000
0.0000000000
0.0000000000
0.0000000000
0.0000000000
0.0000000000
0.0000000000
0.0000000000
0.0000000000
0.0000000000
0.0000000000
0.0000000000
0.0000000000
0.0000000000
0.0000000000
0.0000000000
0.0000000000
0.0000000000
0.0000000000
0.0000000000
0.0000000000
0.0000000000
0.0000000000
0.0000000000
0.0000000000