4999.6780943773
4999.6780943773
4999.6780943773
4999.6780943773
4999.6780943773
4999.6780943773
4999.6780943773
4999.6780943773
4999.6780943773
4999.6780943773
4999.6780943773
4999.6780943773
4999.6780943773
4999.6780943773
4999.6780943773
4999.6780943773
4999.6780943773
4999.6780943773
4999.6780943773
4999.6780943773
4999.6780943773
4999.6780943773
4999.6780943773
4999.6780943773
4999.6780943772
4999.6780943766
4999.6780943662
4999.6780942025
4999.6780917610
4999.6780572716
4999.6775822383
4999.6705411573
4999.5526958501
4997.5798539059
4965.5203285135
4338.5546155591
668.2047006944
18.0000000000
0.0000000000
0.0000000000
0.0000000000
0.0000000000
0.0000000000
0.0000000000
0.0000000000
0.0000000000
0.0000000000
0.0000000000
0.0000000000
0.0000000000
0.0000000000
0.0000000000
0.0000000000
0.0000000000
0.0000000000
0.0000000000
0.0000000000
0.0000000000
0.0000000000
0.0000000000
0.0000000000
0.0000000000
0.0000000000
0.0000000000
0.0000000000
0.0000000000
0.0000000000
0.0000000000
0.0000000000
0.0000000000
0.0000000000
0.0000000000
0.0000000000
0.0000000000
0.0000000000
0.0000000000
0.0000000000
0.0000000000
0.0000000000
0.0000000000
0.0000000000
0.0000000000
0.0000000000
0.0000000000
0.0000000000
0.0000000000
0.0000000000
0.0000000000
0.0000000000
0.0000000000
0.0000000000
0.0000000000
0.0000000000
0.0000000000
0.0000000000
0.0000000000
0.0000000000
0.0000000000
0.0000000000
0.0000000000