4999.8526900075
4999.8526900075
4999.8526900075
4999.8526900075
4999.8526900075
4999.8526900075
4999.8526900075
4999.8526900075
4999.8526900075
4999.8526900075
4999.8526900075
4999.8526900075
4999.8526900075
4999.8526900075
4999.8526900075
4999.8526900075
4999.8526900075
4999.8526900075
4999.8526900075
4999.8526900075
4999.8526900075
4999.8526900075
4999.8526900075
4999.8526900075
4999.8526900075
4999.8526900075
4999.8526900075
4999.8526900075
4999.8526900075
4999.8526900074
4999.8526900069
4999.8526899980
4999.8526898356
4999.8526867864
4999.8526300577
4999.8516237714
4999.8345043608
4999.5286839811
4993.1953390565
4855.8495348227
2672.2137260025
207.2756851573
0.0000000000
0.0000000000
0.0000000000
0.0000000000
0.0000000000
0.0000000000
0.0000000000
0.0000000000
0.0000000000
0.0000000000
0.0000000000
0.0000000000
0.0000000000
0.0000000000
0.0000000000
0.0000000000
0.0000000000
0.0000000000
0.0000000000
0.0000000000
0.0000000000
0.0000000000
0.0000000000
0.0000000000
0.0000000000
0.0000000000
0.0000000000
0.0000000000
0.0000000000
0.0000000000
0.0000000000
0.0000000000
0.0000000000
0.0000000000
0.0000000000
0.0000000000
0.0000000000
0.0000000000
0.0000000000
0.0000000000
0.0000000000
0.0000000000
0.0000000000
0.0000000000
0.0000000000
0.0000000000
0.0000000000
0.0000000000
0.0000000000
0.0000000000
0.0000000000
0.0000000000
0.0000000000
0.0000000000
0.0000000000
0.0000000000
0.0000000000
0.0000000000