5000.0999813982
5000.0999813982
5000.0999813982
5000.0999813982
5000.0999813982
5000.0999813982
5000.0999813982
5000.0999813982
5000.0999813982
5000.0999813982
5000.0999813982
5000.0999813982
5000.0999813982
5000.0999813982
5000.0999813982
5000.0999813982
5000.0999813982
5000.0999813982
5000.0999813982
5000.0999813982
5000.0999813982
5000.0999813982
5000.0999813982
5000.0999813982
5000.0999813982
5000.0999813982
5000.0999813979
5000.0999813929
5000.0999813203
5000.0999802951
5000.0999654787
5000.0997328586
5000.0958312599
5000.0294781915
4998.8354896104
4974.5590804815
4445.5098809365
1200.0611766865
44.0000000000
0.0000000000
0.0000000000
0.0000000000
0.0000000000
0.0000000000
0.0000000000
0.0000000000
0.0000000000
0.0000000000
0.0000000000
0.0000000000
0.0000000000
0.0000000000
0.0000000000
0.0000000000
0.0000000000
0.0000000000
0.0000000000
0.0000000000
0.0000000000
0.0000000000
0.0000000000
0.0000000000
0.0000000000
0.0000000000
0.0000000000
0.0000000000
0.0000000000
0.0000000000
0.0000000000
0.0000000000
0.0000000000
0.0000000000
0.0000000000
0.0000000000
0.0000000000
0.0000000000
0.0000000000
0.0000000000
0.0000000000
0.0000000000
0.0000000000
0.0000000000
0.0000000000
0.0000000000
0.0000000000
0.0000000000
0.0000000000
0.0000000000
0.0000000000
0.0000000000
0.0000000000
0.0000000000
0.0000000000
0.0000000000
0.0000000000
0.0000000000
0.0000000000
0.0000000000
0.0000000000
0.0000000000