5000.0389006050
5000.0389006050
5000.0389006050
5000.0389006050
5000.0389006050
5000.0389006050
5000.0389006050
5000.0389006050
5000.0389006050
5000.0389006050
5000.0389006050
5000.0389006050
5000.0389006050
5000.0389006050
5000.0389006050
5000.0389006050
5000.0389006050
5000.0389006050
5000.0389006050
5000.0389006050
5000.0389006050
5000.0389006050
5000.0389006050
5000.0389006050
5000.0389006050
5000.0389006050
5000.0389006050
5000.0389006050
5000.0389006050
5000.0389006048
5000.0389006020
5000.0389005543
5000.0388996932
5000.0388835265
5000.0385774623
5000.0330398054
4999.9396485397
4998.3671333436
4967.5964806205
4227.8252053328
648.1510010652
13.0000000000
0.0000000000
0.0000000000
0.0000000000
0.0000000000
0.0000000000
0.0000000000
0.0000000000
0.0000000000
0.0000000000
0.0000000000
0.0000000000
0.0000000000
0.0000000000
0.0000000000
0.0000000000
0.0000000000
0.0000000000
0.0000000000
0.0000000000
0.0000000000
0.0000000000
0.0000000000
0.0000000000
0.0000000000
0.0000000000
0.0000000000
0.0000000000
0.0000000000
0.0000000000
0.0000000000
0.0000000000
0.0000000000
0.0000000000
0.0000000000
0.0000000000
0.0000000000
0.0000000000
0.0000000000
0.0000000000
0.0000000000
0.0000000000
0.0000000000
0.0000000000
0.0000000000
0.0000000000
0.0000000000
0.0000000000
0.0000000000
0.0000000000
0.0000000000
0.0000000000
0.0000000000
0.0000000000
0.0000000000
0.0000000000
0.0000000000
0.0000000000
0.0000000000