5000.2235584410
5000.2235584410
5000.2235584410
5000.2235584410
5000.2235584410
5000.2235584410
5000.2235584410
5000.2235584410
5000.2235584410
5000.2235584410
5000.2235584410
5000.2235584410
5000.2235584410
5000.2235584410
5000.2235584410
5000.2235584410
5000.2235584410
5000.2235584410
5000.2235584410
5000.2235584410
5000.2235584410
5000.2235584410
5000.2235584410
5000.2235584410
5000.2235584410
5000.2235584410
5000.2235584410
5000.2235584410
5000.2235584410
5000.2235584410
5000.2235584410
5000.2235584410
5000.2235584409
5000.2235584402
5000.2235584278
5000.2235581992
5000.2235537783
5000.2234648741
5000.2216897334
5000.1878689914
4999.5769904155
4988.9507781926
4808.7130132659
2147.0117234909
192.0000000000
0.0000000000
0.0000000000
0.0000000000
0.0000000000
0.0000000000
0.0000000000
0.0000000000
0.0000000000
0.0000000000
0.0000000000
0.0000000000
0.0000000000
0.0000000000
0.0000000000
0.0000000000
0.0000000000
0.0000000000
0.0000000000
0.0000000000
0.0000000000
0.0000000000
0.0000000000
0.0000000000
0.0000000000
0.0000000000
0.0000000000
0.0000000000
0.0000000000
0.0000000000
0.0000000000
0.0000000000
0.0000000000
0.0000000000
0.0000000000
0.0000000000
0.0000000000
0.0000000000
0.0000000000
0.0000000000
0.0000000000
0.0000000000
0.0000000000
0.0000000000
0.0000000000
0.0000000000
0.0000000000
0.0000000000
0.0000000000
0.0000000000
0.0000000000
0.0000000000
0.0000000000
0.0000000000
0.0000000000
0.0000000000