4999.8963054750
4999.8963054750
4999.8963054750
4999.8963054750
4999.8963054750
4999.8963054750
4999.8963054750
4999.8963054750
4999.8963054750
4999.8963054750
4999.8963054750
4999.8963054750
4999.8963054750
4999.8963054750
4999.8963054750
4999.8963054750
4999.8963054750
4999.8963054750
4999.8963054750
4999.8963054750
4999.8963054750
4999.8963054750
4999.8963054750
4999.8963054750
4999.8963054750
4999.8963054750
4999.8963054750
4999.8963054750
4999.8963054750
4999.8963054750
4999.8963054750
4999.8963054750
4999.8963054750
4999.8963054749
4999.8963054726
4999.8963054287
4999.8963045714
4999.8962874259
4999.8959512802
4999.8896634167
4999.7773302389
4997.8157039951
4962.2623092193
4225.9763683853
1289.0268172803
47.0000000000
2.0000000000
0.0000000000
0.0000000000
0.0000000000
0.0000000000
0.0000000000
0.0000000000
0.0000000000
0.0000000000
0.0000000000
0.0000000000
0.0000000000
0.0000000000
0.0000000000
0.0000000000
0.0000000000
0.0000000000
0.0000000000
0.0000000000
0.0000000000
0.0000000000
0.0000000000
0.0000000000
0.0000000000
0.0000000000
0.0000000000
0.0000000000
0.0000000000
0.0000000000
0.0000000000
0.0000000000
0.0000000000
0.0000000000
0.0000000000
0.0000000000
0.0000000000
0.0000000000
0.0000000000
0.0000000000
0.0000000000
0.0000000000
0.0000000000
0.0000000000
0.0000000000
0.0000000000
0.0000000000
0.0000000000
0.0000000000
0.0000000000
0.0000000000
0.0000000000
0.0000000000
0.0000000000
0.0000000000