4999.9792951322
4999.9792951322
4999.9792951322
4999.9792951322
4999.9792951322
4999.9792951322
4999.9792951322
4999.9792951322
4999.9792951322
4999.9792951322
4999.9792951322
4999.9792951322
4999.9792951322
4999.9792951322
4999.9792951322
4999.9792951322
4999.9792951322
4999.9792951322
4999.9792951322
4999.9792951322
4999.9792951322
4999.9792951322
4999.9792951322
4999.9792951322
4999.9792951322
4999.9792951322
4999.9792951322
4999.9792951322
4999.9792951322
4999.9792951322
4999.9792951321
4999.9792951318
4999.9792951260
4999.9792950190
4999.9792930822
4999.9792589740
4999.9786471989
4999.9667320955
4999.7175713566
4994.6043472795
4898.8314715516
3351.3151697209
300.0530925924
4.0000000000
0.0000000000
0.0000000000
0.0000000000
0.0000000000
0.0000000000
0.0000000000
0.0000000000
0.0000000000
0.0000000000
0.0000000000
0.0000000000
0.0000000000
0.0000000000
0.0000000000
0.0000000000
0.0000000000
0.0000000000
0.0000000000
0.0000000000
0.0000000000
0.0000000000
0.0000000000
0.0000000000
0.0000000000
0.0000000000
0.0000000000
0.0000000000
0.0000000000
0.0000000000
0.0000000000
0.0000000000
0.0000000000
0.0000000000
0.0000000000
0.0000000000
0.0000000000
0.0000000000
0.0000000000
0.0000000000
0.0000000000
0.0000000000
0.0000000000
0.0000000000
0.0000000000
0.0000000000
0.0000000000
0.0000000000
0.0000000000
0.0000000000
0.0000000000
0.0000000000
0.0000000000
0.0000000000
0.0000000000
0.0000000000
0.0000000000