4999.9594225530
4999.9594225530
4999.9594225530
4999.9594225530
4999.9594225530
4999.9594225530
4999.9594225530
4999.9594225530
4999.9594225530
4999.9594225530
4999.9594225530
4999.9594225530
4999.9594225530
4999.9594225530
4999.9594225530
4999.9594225530
4999.9594225530
4999.9594225530
4999.9594225530
4999.9594225530
4999.9594225530
4999.9594225530
4999.9594225530
4999.9594225530
4999.9594225530
4999.9594225530
4999.9594225530
4999.9594225530
4999.9594225530
4999.9594225530
4999.9594225530
4999.9594225530
4999.9594225530
4999.9594225530
4999.9594225526
4999.9594225442
4999.9594223785
4999.9594190976
4999.9593558888
4999.9581909744
4999.9374611884
4999.5686507800
4992.6627090901
4864.0093385333
3583.9311487461
439.0858476174
17.0000000000
0.0000000000
0.0000000000
0.0000000000
0.0000000000
0.0000000000
0.0000000000
0.0000000000
0.0000000000
0.0000000000
0.0000000000
0.0000000000
0.0000000000
0.0000000000
0.0000000000
0.0000000000
0.0000000000
0.0000000000
0.0000000000
0.0000000000
0.0000000000
0.0000000000
0.0000000000
0.0000000000
0.0000000000
0.0000000000
0.0000000000
0.0000000000
0.0000000000
0.0000000000
0.0000000000
0.0000000000
0.0000000000
0.0000000000
0.0000000000
0.0000000000
0.0000000000
0.0000000000
0.0000000000
0.0000000000
0.0000000000
0.0000000000
0.0000000000
0.0000000000
0.0000000000
0.0000000000
0.0000000000
0.0000000000
0.0000000000
0.0000000000
0.0000000000
0.0000000000
0.0000000000
0.0000000000