5000.0539208466
5000.0539208466
5000.0539208466
5000.0539208466
5000.0539208466
5000.0539208466
5000.0539208466
5000.0539208466
5000.0539208466
5000.0539208466
5000.0539208466
5000.0539208466
5000.0539208466
5000.0539208466
5000.0539208466
5000.0539208466
5000.0539208466
5000.0539208466
5000.0539208466
5000.0539208466
5000.0539208466
5000.0539208466
5000.0539208466
5000.0539208466
5000.0539208466
5000.0539208466
5000.0539208466
5000.0539208466
5000.0539208466
5000.0539208466
5000.0539208466
5000.0539208466
5000.0539208466
5000.0539208466
5000.0539208466
5000.0539208465
5000.0539208454
5000.0539208232
5000.0539204123
5000.0539129900
5000.0537800147
5000.0514098856
5000.0111040202
4999.4027756918
4990.9392015784
4854.5749944837
3304.3547393307
342.1276275868
5.0000000000
0.0000000000
0.0000000000
0.0000000000
0.0000000000
0.0000000000
0.0000000000
0.0000000000
0.0000000000
0.0000000000
0.0000000000
0.0000000000
0.0000000000
0.0000000000
0.0000000000
0.0000000000
0.0000000000
0.0000000000
0.0000000000
0.0000000000
0.0000000000
0.0000000000
0.0000000000
0.0000000000
0.0000000000
0.0000000000
0.0000000000
0.0000000000
0.0000000000
0.0000000000
0.0000000000
0.0000000000
0.0000000000
0.0000000000
0.0000000000
0.0000000000
0.0000000000
0.0000000000
0.0000000000
0.0000000000
0.0000000000
0.0000000000
0.0000000000
0.0000000000
0.0000000000
0.0000000000
0.0000000000
0.0000000000
0.0000000000
0.0000000000
0.0000000000
0.0000000000