4999.9651581328
4999.9651581328
4999.9651581328
4999.9651581328
4999.9651581328
4999.9651581328
4999.9651581328
4999.9651581328
4999.9651581328
4999.9651581328
4999.9651581328
4999.9651581328
4999.9651581328
4999.9651581328
4999.9651581328
4999.9651581328
4999.9651581328
4999.9651581328
4999.9651581328
4999.9651581328
4999.9651581328
4999.9651581328
4999.9651581328
4999.9651581328
4999.9651581328
4999.9651581328
4999.9651581328
4999.9651581328
4999.9651581328
4999.9651581328
4999.9651581328
4999.9651581328
4999.9651581317
4999.9651581117
4999.9651577532
4999.9651513726
4999.9650334402
4999.9626860803
4999.9141772947
4998.9474066237
4980.9211966933
4662.1554924138
1739.0422876646
39.0000000000
0.0000000000
0.0000000000
0.0000000000
0.0000000000
0.0000000000
0.0000000000
0.0000000000
0.0000000000
0.0000000000
0.0000000000
0.0000000000
0.0000000000
0.0000000000
0.0000000000
0.0000000000
0.0000000000
0.0000000000
0.0000000000
0.0000000000
0.0000000000
0.0000000000
0.0000000000
0.0000000000
0.0000000000
0.0000000000
0.0000000000
0.0000000000
0.0000000000
0.0000000000
0.0000000000
0.0000000000
0.0000000000
0.0000000000
0.0000000000
0.0000000000
0.0000000000
0.0000000000
0.0000000000
0.0000000000
0.0000000000
0.0000000000
0.0000000000
0.0000000000
0.0000000000
0.0000000000
0.0000000000
0.0000000000
0.0000000000
0.0000000000
0.0000000000
0.0000000000
0.0000000000
0.0000000000
0.0000000000
0.0000000000
0.0000000000