5000.0331073664
5000.0331073664
5000.0331073664
5000.0331073664
5000.0331073664
5000.0331073664
5000.0331073664
5000.0331073664
5000.0331073664
5000.0331073664
5000.0331073664
5000.0331073664
5000.0331073664
5000.0331073664
5000.0331073664
5000.0331073664
5000.0331073664
5000.0331073664
5000.0331073664
5000.0331073664
5000.0331073664
5000.0331073664
5000.0331073664
5000.0331073664
5000.0331073664
5000.0331073664
5000.0331073664
5000.0331073664
5000.0331073664
5000.0331073664
5000.0331073664
5000.0331073664
5000.0331073664
5000.0331073664
5000.0331073664
5000.0331073664
5000.0331073664
5000.0331073664
5000.0331073664
5000.0331073663
5000.0331073655
5000.0331073523
5000.0331071525
5000.0331041586
5000.0330583568
5000.0323331739
5000.0203537649
4999.8168995559
4996.4282879017
4942.4873466057
4132.7954636792
568.0167029565
18.0000000000
0.0000000000
0.0000000000
0.0000000000
0.0000000000
0.0000000000
0.0000000000
0.0000000000
0.0000000000
0.0000000000
0.0000000000
0.0000000000
0.0000000000
0.0000000000
0.0000000000
0.0000000000
0.0000000000
0.0000000000
0.0000000000
0.0000000000
0.0000000000
0.0000000000
0.0000000000
0.0000000000
0.0000000000
0.0000000000
0.0000000000
0.0000000000
0.0000000000
0.0000000000
0.0000000000
0.0000000000
0.0000000000
0.0000000000
0.0000000000
0.0000000000
0.0000000000
0.0000000000
0.0000000000
0.0000000000
0.0000000000
0.0000000000
0.0000000000
0.0000000000
0.0000000000
0.0000000000
0.0000000000
0.0000000000