5000.0016209589
5000.0016209589
5000.0016209589
5000.0016209589
5000.0016209589
5000.0016209589
5000.0016209589
5000.0016209589
5000.0016209589
5000.0016209589
5000.0016209589
5000.0016209589
5000.0016209589
5000.0016209589
5000.0016209589
5000.0016209589
5000.0016209589
5000.0016209589
5000.0016209589
5000.0016209589
5000.0016209589
5000.0016209589
5000.0016209589
5000.0016209589
5000.0016209589
5000.0016209589
5000.0016209589
5000.0016209589
5000.0016209589
5000.0016209589
5000.0016209589
5000.0016209589
5000.0016209589
5000.0016209589
5000.0016209589
5000.0016209589
5000.0016209589
5000.0016209589
5000.0016209589
5000.0016209586
5000.0016209538
5000.0016208783
5000.0016197326
5000.0016026558
5000.0013440314
4999.9973068499
4999.9314214565
4998.8067596019
4979.8271773812
4676.1770835473
1967.0087064136
72.0000000000
2.0000000000
0.0000000000
0.0000000000
0.0000000000
0.0000000000
0.0000000000
0.0000000000
0.0000000000
0.0000000000
0.0000000000
0.0000000000
0.0000000000
0.0000000000
0.0000000000
0.0000000000
0.0000000000
0.0000000000
0.0000000000
0.0000000000
0.0000000000
0.0000000000
0.0000000000
0.0000000000
0.0000000000
0.0000000000
0.0000000000
0.0000000000
0.0000000000
0.0000000000
0.0000000000
0.0000000000
0.0000000000
0.0000000000
0.0000000000
0.0000000000
0.0000000000
0.0000000000
0.0000000000
0.0000000000
0.0000000000
0.0000000000
0.0000000000
0.0000000000
0.0000000000
0.0000000000
0.0000000000
0.0000000000
0.0000000000