5000.0146947947
5000.0146947947
5000.0146947947
5000.0146947947
5000.0146947947
5000.0146947947
5000.0146947947
5000.0146947947
5000.0146947947
5000.0146947947
5000.0146947947
5000.0146947947
5000.0146947947
5000.0146947947
5000.0146947947
5000.0146947947
5000.0146947947
5000.0146947947
5000.0146947947
5000.0146947947
5000.0146947947
5000.0146947947
5000.0146947947
5000.0146947947
5000.0146947947
5000.0146947947
5000.0146947947
5000.0146947947
5000.0146947947
5000.0146947947
5000.0146947947
5000.0146947947
5000.0146947947
5000.0146947947
5000.0146947947
5000.0146947947
5000.0146947947
5000.0146947947
5000.0146947947
5000.0146947947
5000.0146947946
5000.0146947942
5000.0146947881
5000.0146946944
5000.0146932291
5000.0146694770
5000.0142733956
5000.0076490938
4999.8994001017
4998.1510122924
4967.8509106734
4341.1729574674
1174.0694177520
35.0000000000
0.0000000000
0.0000000000
0.0000000000
0.0000000000
0.0000000000
0.0000000000
0.0000000000
0.0000000000
0.0000000000
0.0000000000
0.0000000000
0.0000000000
0.0000000000
0.0000000000
0.0000000000
0.0000000000
0.0000000000
0.0000000000
0.0000000000
0.0000000000
0.0000000000
0.0000000000
0.0000000000
0.0000000000
0.0000000000
0.0000000000
0.0000000000
0.0000000000
0.0000000000
0.0000000000
0.0000000000
0.0000000000
0.0000000000
0.0000000000
0.0000000000
0.0000000000
0.0000000000
0.0000000000
0.0000000000
0.0000000000
0.0000000000
0.0000000000
0.0000000000
0.0000000000
0.0000000000
0.0000000000