4999.9577164408
4999.9577164408
4999.9577164408
4999.9577164408
4999.9577164408
4999.9577164408
4999.9577164408
4999.9577164408
4999.9577164408
4999.9577164408
4999.9577164408
4999.9577164408
4999.9577164408
4999.9577164408
4999.9577164408
4999.9577164408
4999.9577164408
4999.9577164408
4999.9577164408
4999.9577164408
4999.9577164408
4999.9577164408
4999.9577164408
4999.9577164408
4999.9577164408
4999.9577164408
4999.9577164408
4999.9577164408
4999.9577164408
4999.9577164408
4999.9577164408
4999.9577164408
4999.9577164408
4999.9577164408
4999.9577164408
4999.9577164408
4999.9577164408
4999.9577164408
4999.9577164408
4999.9577164408
4999.9577164408
4999.9577164408
4999.9577164408
4999.9577164408
4999.9577164408
4999.9577164408
4999.9577164403
4999.9577164325
4999.9577162971
4999.9577139678
4999.9576737640
4999.9569522331
4999.9431075257
4999.6851352485
4996.0493277351
4969.2318220146
4657.4729297052
1791.0086159118
247.0000000000
5.0000000000
0.0000000000
0.0000000000
0.0000000000
0.0000000000
0.0000000000
0.0000000000
0.0000000000
0.0000000000
0.0000000000
0.0000000000
0.0000000000
0.0000000000
0.0000000000
0.0000000000
0.0000000000
0.0000000000
0.0000000000
0.0000000000
0.0000000000
0.0000000000
0.0000000000
0.0000000000
0.0000000000
0.0000000000
0.0000000000
0.0000000000
0.0000000000
0.0000000000
0.0000000000
0.0000000000
0.0000000000
0.0000000000
0.0000000000
0.0000000000
0.0000000000
0.0000000000
0.0000000000
0.0000000000
0.0000000000
0.0000000000