4999.9592537969
4999.9592537969
4999.9592537969
4999.9592537969
4999.9592537969
4999.9592537969
4999.9592537969
4999.9592537969
4999.9592537969
4999.9592537969
4999.9592537969
4999.9592537969
4999.9592537969
4999.9592537969
4999.9592537969
4999.9592537969
4999.9592537969
4999.9592537969
4999.9592537969
4999.9592537969
4999.9592537969
4999.9592537969
4999.9592537969
4999.9592537969
4999.9592537969
4999.9592537969
4999.9592537969
4999.9592537969
4999.9592537969
4999.9592537969
4999.9592537969
4999.9592537969
4999.9592537969
4999.9592537969
4999.9592537969
4999.9592537969
4999.9592537969
4999.9592537969
4999.9592537969
4999.9592537969
4999.9592537969
4999.9592537969
4999.9592537969
4999.9592537969
4999.9592537969
4999.9592537969
4999.9592537969
4999.9592537969
4999.9592537967
4999.9592537940
4999.9592537452
4999.9592528848
4999.9592388960
4999.9590470519
4999.9569329697
4999.9348753062
4999.6354377103
4995.7941406020
4955.8120389163
4249.9276513490
1799.0271128751
87.0000000000
0.0000000000
0.0000000000
0.0000000000
0.0000000000
0.0000000000
0.0000000000
0.0000000000
0.0000000000
0.0000000000
0.0000000000
0.0000000000
0.0000000000
0.0000000000
0.0000000000
0.0000000000
0.0000000000
0.0000000000
0.0000000000
0.0000000000
0.0000000000
0.0000000000
0.0000000000
0.0000000000
0.0000000000
0.0000000000
0.0000000000
0.0000000000
0.0000000000
0.0000000000
0.0000000000
0.0000000000
0.0000000000
0.0000000000
0.0000000000
0.0000000000
0.0000000000
0.0000000000
0.0000000000