5000.1417516109
5000.1417516109
5000.1417516109
5000.1417516109
5000.1417516109
5000.1417516109
5000.1417516109
5000.1417516109
5000.1417516109
5000.1417516109
5000.1417516109
5000.1417516109
5000.1417516109
5000.1417516109
5000.1417516109
5000.1417516109
5000.1417516109
5000.1417516109
5000.1417516109
5000.1417516109
5000.1417516109
5000.1417516109
5000.1417516109
5000.1417516109
5000.1417516109
5000.1417516109
5000.1417516109
5000.1417516109
5000.1417516109
5000.1417516109
5000.1417516109
5000.1417516109
5000.1417516109
5000.1417516109
5000.1417516109
5000.1417516109
5000.1417516109
5000.1417516109
5000.1417516109
5000.1417516109
5000.1417516109
5000.1417516109
5000.1417516109
5000.1417516109
5000.1417516109
5000.1417516108
5000.1417516083
5000.1417515653
5000.1417508274
5000.1417381094
5000.1415209423
5000.1377385751
5000.0655718564
4998.6013127404
4974.3900819531
4814.6697376439
3332.2043150939
349.1063142383
36.0000000000
1.0000000000
0.0000000000
0.0000000000
0.0000000000
0.0000000000
0.0000000000
0.0000000000
0.0000000000
0.0000000000
0.0000000000
0.0000000000
0.0000000000
0.0000000000
0.0000000000
0.0000000000
0.0000000000
0.0000000000
0.0000000000
0.0000000000
0.0000000000
0.0000000000
0.0000000000
0.0000000000
0.0000000000
0.0000000000
0.0000000000
0.0000000000
0.0000000000
0.0000000000
0.0000000000
0.0000000000
0.0000000000
0.0000000000
0.0000000000
0.0000000000
0.0000000000
0.0000000000
0.0000000000
0.0000000000
0.0000000000
0.0000000000