0.000000 42590.000000 
49.506603 42625.531225 
99.896065 42694.860548 
149.681610 42768.726371 
199.983562 42831.812588 
249.826429 42880.352686 
299.005991 42910.370682 
348.092101 42947.706674 
399.854014 42961.712084 
449.173040 42987.562735 
498.197133 43014.738464 
548.542844 43032.879934 
597.608243 43046.538611 
649.726283 43063.804629 
699.812370 43084.723144 
749.462653 43077.947652 
799.620612 43074.284787 
848.252269 43078.113159 
898.741688 43082.789369 
948.945217 43074.711949 
998.103218 43070.004665 
1049.239670 43073.130884 
1099.197249 43068.637054 
1147.057485 43064.657575 
1199.853583 43050.028774 
1244.708599 43036.836769 
1294.621640 43024.979494 
1348.626143 43015.646116 
1395.758884 43004.511762 
1447.992905 42987.751899 
1496.048525 42974.745284 
1545.753901 42961.628108 
1588.954713 42949.547038 
1644.494441 42935.868447 
1695.710139 42923.922975 
1744.662771 42918.402535 
1793.138268 42909.056609 
1849.124264 42896.861414 
1898.375273 42885.647452 
1947.409782 42878.565746 
1997.491022 42867.459758 
2049.935432 42849.177157 
2099.918314 42841.293216 
2146.798422 42828.864398 
2198.439244 42821.982708 
2239.810056 42819.343583 
2297.430437 42809.987884 
2348.741202 42802.429338 
2394.669497 42794.532881 
2444.899456 42787.261499 
2499.817024 42780.595989 
2549.354985 42768.571184 
2594.152436 42759.095759 
2648.356892 42755.765845 
2696.696606 42756.089720 
2748.902738 42756.119613 
2799.445911 42745.385294 
2847.770338 42735.928675 
2893.864188 42743.727887 
2948.584007 42738.818311 
2998.665209 42733.386866 
3049.158340 42725.984985 
3097.685564 42716.818590 
3139.775971 42709.254799 
3197.956987 42708.403605 
3247.239244 42707.361132 
3296.627319 42706.370201 
3348.219710 42703.264305 
3396.730885 42693.461438 
3448.910258 42687.432349 
3499.974560 42685.549765 
3548.790555 42685.892994 
3599.405443 42683.157033 
3645.015398 42683.838142 
3697.408179 42676.080401 
3749.246158 42668.419031 
3799.028292 42673.954855 
3849.941660 42665.463734 
3897.785313 42666.229965 
3949.749525 42657.768250 
3996.806754 42653.678088 
4049.764041 42639.250340 
4097.882798 42636.180790 
4148.188696 42633.016750 
4199.400740 42633.842224 
4246.940838 42632.936586 
4298.332011 42628.839516 
4349.012691 42632.829258 
4399.734069 42625.859552 
4449.613558 42621.980394 
4497.848737 42616.234403 
4548.397689 42611.396411 
4598.356943 42604.630827 
4639.865644 42599.362287 
4699.697515 42594.138322 
4745.096542 42591.727671 
4799.827541 42590.861701 
4848.829963 42591.332371 
4898.316491 42594.812653 
4949.553369 42588.239879 
4996.841378 42588.897424 
