5019.0000000000
5044.0000000000
4999.0000000000
4816.0000000000
5094.0000000000
4934.0000000000
5013.0000000000
4960.0000000000
4962.0000000000
5060.0000000000
4941.0000000000
5078.0000000000
4937.0000000000
4979.0000000000
4961.0000000000
5032.0000000000
5010.0000000000
5018.0000000000
4914.0000000000
5041.0000000000
4897.0000000000
4985.0000000000
4889.0000000000
5013.0000000000
5069.0000000000
4946.0000000000
4953.0000000000
5017.0000000000
5012.0000000000
4944.0000000000
5107.0000000000
4961.0000000000
5044.0000000000
4937.0000000000
4987.0000000000
4902.0000000000
4938.0000000000
5090.0000000000
4700.0000000000
2161.0000000000
85.0000000000
0.0000000000
0.0000000000
0.0000000000
0.0000000000
0.0000000000
0.0000000000
0.0000000000
0.0000000000
0.0000000000
0.0000000000
0.0000000000
0.0000000000
0.0000000000
0.0000000000
0.0000000000
0.0000000000
0.0000000000
0.0000000000
0.0000000000
0.0000000000
0.0000000000
0.0000000000
0.0000000000
0.0000000000
0.0000000000
0.0000000000
0.0000000000
0.0000000000
0.0000000000
0.0000000000
0.0000000000
0.0000000000
0.0000000000
0.0000000000
0.0000000000
0.0000000000
0.0000000000
0.0000000000
0.0000000000
0.0000000000
0.0000000000
0.0000000000
0.0000000000
0.0000000000
0.0000000000
0.0000000000
0.0000000000
0.0000000000
0.0000000000
0.0000000000
0.0000000000
0.0000000000
0.0000000000
0.0000000000
0.0000000000
0.0000000000
0.0000000000
0.0000000000
0.0000000000