5023.0000000000
5027.0000000000
5030.0000000000
4881.0000000000
5071.0000000000
5106.0000000000
5049.0000000000
5021.0000000000
4987.0000000000
4986.0000000000
4880.0000000000
5011.0000000000
5013.0000000000
4906.0000000000
4876.0000000000
4878.0000000000
5062.0000000000
5120.0000000000
4999.0000000000
5083.0000000000
5061.0000000000
5056.0000000000
4978.0000000000
4928.0000000000
5034.0000000000
4906.0000000000
5046.0000000000
5029.0000000000
4875.0000000000
4968.0000000000
5096.0000000000
4906.0000000000
4980.0000000000
4927.0000000000
4959.0000000000
4907.0000000000
5024.0000000000
5021.0000000000
5037.0000000000
4968.0000000000
4518.0000000000
1295.0000000000
31.0000000000
2.0000000000
0.0000000000
0.0000000000
0.0000000000
0.0000000000
0.0000000000
0.0000000000
0.0000000000
0.0000000000
0.0000000000
0.0000000000
0.0000000000
0.0000000000
0.0000000000
0.0000000000
0.0000000000
0.0000000000
0.0000000000
0.0000000000
0.0000000000
0.0000000000
0.0000000000
0.0000000000
0.0000000000
0.0000000000
0.0000000000
0.0000000000
0.0000000000
0.0000000000
0.0000000000
0.0000000000
0.0000000000
0.0000000000
0.0000000000
0.0000000000
0.0000000000
0.0000000000
0.0000000000
0.0000000000
0.0000000000
0.0000000000
0.0000000000
0.0000000000
0.0000000000
0.0000000000
0.0000000000
0.0000000000
0.0000000000
0.0000000000
0.0000000000
0.0000000000
0.0000000000
0.0000000000
0.0000000000
0.0000000000
0.0000000000
0.0000000000