4927.0000000000
5103.0000000000
5007.0000000000
5026.0000000000
5051.0000000000
5024.0000000000
4957.0000000000
4984.0000000000
4990.0000000000
4989.0000000000
5020.0000000000
4921.0000000000
4957.0000000000
5095.0000000000
4903.0000000000
4921.0000000000
4915.0000000000
4987.0000000000
5007.0000000000
5012.0000000000
4950.0000000000
4884.0000000000
4911.0000000000
4919.0000000000
4983.0000000000
4988.0000000000
4968.0000000000
4958.0000000000
5008.0000000000
5018.0000000000
5048.0000000000
5012.0000000000
4999.0000000000
4988.0000000000
5125.0000000000
5027.0000000000
5038.0000000000
4871.0000000000
4923.0000000000
5033.0000000000
4998.0000000000
4940.0000000000
5027.0000000000
5059.0000000000
5001.0000000000
4980.0000000000
4542.0000000000
1774.0000000000
93.0000000000
0.0000000000
0.0000000000
0.0000000000
0.0000000000
0.0000000000
0.0000000000
0.0000000000
0.0000000000
0.0000000000
0.0000000000
0.0000000000
0.0000000000
0.0000000000
0.0000000000
0.0000000000
0.0000000000
0.0000000000
0.0000000000
0.0000000000
0.0000000000
0.0000000000
0.0000000000
0.0000000000
0.0000000000
0.0000000000
0.0000000000
0.0000000000
0.0000000000
0.0000000000
0.0000000000
0.0000000000
0.0000000000
0.0000000000
0.0000000000
0.0000000000
0.0000000000
0.0000000000
0.0000000000
0.0000000000
0.0000000000
0.0000000000
0.0000000000
0.0000000000
0.0000000000
0.0000000000
0.0000000000
0.0000000000
0.0000000000
0.0000000000
0.0000000000
0.0000000000