5036.0000000000
4908.0000000000
5073.0000000000
4947.0000000000
4954.0000000000
5082.0000000000
4993.0000000000
4991.0000000000
4868.0000000000
4917.0000000000
4936.0000000000
5009.0000000000
5037.0000000000
4979.0000000000
5048.0000000000
5032.0000000000
5074.0000000000
4946.0000000000
4975.0000000000
4972.0000000000
5021.0000000000
4918.0000000000
5055.0000000000
5080.0000000000
4942.0000000000
4913.0000000000
5019.0000000000
5034.0000000000
5094.0000000000
4977.0000000000
4982.0000000000
4955.0000000000
4965.0000000000
4839.0000000000
4952.0000000000
4918.0000000000
5040.0000000000
5024.0000000000
4920.0000000000
4968.0000000000
5100.0000000000
5082.0000000000
4910.0000000000
4946.0000000000
5015.0000000000
4960.0000000000
5075.0000000000
4927.0000000000
5113.0000000000
4932.0000000000
5000.0000000000
4922.0000000000
4950.0000000000
4914.0000000000
5035.0000000000
4955.0000000000
4930.0000000000
4276.0000000000
1694.0000000000
79.0000000000
0.0000000000
0.0000000000
0.0000000000
0.0000000000
0.0000000000
0.0000000000
0.0000000000
0.0000000000
0.0000000000
0.0000000000
0.0000000000
0.0000000000
0.0000000000
0.0000000000
0.0000000000
0.0000000000
0.0000000000
0.0000000000
0.0000000000
0.0000000000
0.0000000000
0.0000000000
0.0000000000
0.0000000000
0.0000000000
0.0000000000
0.0000000000
0.0000000000
0.0000000000
0.0000000000
0.0000000000
0.0000000000
0.0000000000
0.0000000000
0.0000000000
0.0000000000
0.0000000000
0.0000000000
0.0000000000
0.0000000000