5000.0698895146
5000.0698895146
5000.0698895146
5000.0698895146
5000.0698895146
5000.0698895146
5000.0698895146
5000.0698895146
5000.0698895146
5000.0698895146
5000.0698895146
5000.0698895146
5000.0698895146
5000.0698895146
5000.0698895146
5000.0698895146
5000.0698895146
5000.0698895146
5000.0698895145
5000.0698895127
5000.0698894895
5000.0698891578
5000.0698836808
5000.0697835319
5000.0679337370
5000.0362101906
4999.5711446414
4993.5081822677
4900.8569479355
4005.1440989661
767.0701937093
4.0000000000
0.0000000000
0.0000000000
0.0000000000
0.0000000000
0.0000000000
0.0000000000
0.0000000000
0.0000000000
0.0000000000
0.0000000000
0.0000000000
0.0000000000
0.0000000000
0.0000000000
0.0000000000
0.0000000000
0.0000000000
0.0000000000
0.0000000000
0.0000000000
0.0000000000
0.0000000000
0.0000000000
0.0000000000
0.0000000000
0.0000000000
0.0000000000
0.0000000000
0.0000000000
0.0000000000
0.0000000000
0.0000000000
0.0000000000
0.0000000000
0.0000000000
0.0000000000
0.0000000000
0.0000000000
0.0000000000
0.0000000000
0.0000000000
0.0000000000
0.0000000000
0.0000000000
0.0000000000
0.0000000000
0.0000000000
0.0000000000
0.0000000000
0.0000000000
0.0000000000
0.0000000000
0.0000000000
0.0000000000
0.0000000000
0.0000000000
0.0000000000
0.0000000000
0.0000000000
0.0000000000
0.0000000000
0.0000000000
0.0000000000
0.0000000000
0.0000000000
0.0000000000
0.0000000000
0.0000000000