5000.0803421770
5000.0803421770
5000.0803421770
5000.0803421770
5000.0803421770
5000.0803421770
5000.0803421770
5000.0803421770
5000.0803421770
5000.0803421770
5000.0803421770
5000.0803421770
5000.0803421770
5000.0803421770
5000.0803421770
5000.0803421770
5000.0803421770
5000.0803421770
5000.0803421770
5000.0803421770
5000.0803421770
5000.0803421770
5000.0803421770
5000.0803421770
5000.0803421770
5000.0803421770
5000.0803421770
5000.0803421770
5000.0803421770
5000.0803421770
5000.0803421770
5000.0803421770
5000.0803421770
5000.0803421770
5000.0803421770
5000.0803421770
5000.0803421770
5000.0803421763
5000.0803421635
5000.0803419133
5000.0803372769
5000.0802593812
5000.0791200782
5000.0641966096
4999.8532814774
4996.4199410762
4950.8001523507
4544.2003253058
1226.0117654187
38.0000000000
0.0000000000
0.0000000000
0.0000000000
0.0000000000
0.0000000000
0.0000000000
0.0000000000
0.0000000000
0.0000000000
0.0000000000
0.0000000000
0.0000000000
0.0000000000
0.0000000000
0.0000000000
0.0000000000
0.0000000000
0.0000000000
0.0000000000
0.0000000000
0.0000000000
0.0000000000
0.0000000000
0.0000000000
0.0000000000
0.0000000000
0.0000000000
0.0000000000
0.0000000000
0.0000000000
0.0000000000
0.0000000000
0.0000000000
0.0000000000
0.0000000000
0.0000000000
0.0000000000
0.0000000000
0.0000000000
0.0000000000
0.0000000000
0.0000000000
0.0000000000
0.0000000000
0.0000000000
0.0000000000
0.0000000000
0.0000000000
0.0000000000
0.0000000000