5000.1094067325
5000.1094067325
5000.1094067325
5000.1094067325
5000.1094067325
5000.1094067325
5000.1094067325
5000.1094067325
5000.1094067325
5000.1094067325
5000.1094067325
5000.1094067325
5000.1094067325
5000.1094067325
5000.1094067325
5000.1094067325
5000.1094067325
5000.1094067325
5000.1094067325
5000.1094067325
5000.1094067325
5000.1094067325
5000.1094067325
5000.1094067325
5000.1094067325
5000.1094067325
5000.1094067325
5000.1094067325
5000.1094067325
5000.1094067325
5000.1094067325
5000.1094067325
5000.1094067325
5000.1094067325
5000.1094067325
5000.1094067325
5000.1094067325
5000.1094067325
5000.1094067325
5000.1094067325
5000.1094067317
5000.1094067200
5000.1094065561
5000.1094042449
5000.1093714428
5000.1089247589
5000.1028179779
5000.0010770725
4997.9145552369
4952.9338451955
3907.2229591842
726.1078936010
10.0000000000
0.0000000000
0.0000000000
0.0000000000
0.0000000000
0.0000000000
0.0000000000
0.0000000000
0.0000000000
0.0000000000
0.0000000000
0.0000000000
0.0000000000
0.0000000000
0.0000000000
0.0000000000
0.0000000000
0.0000000000
0.0000000000
0.0000000000
0.0000000000
0.0000000000
0.0000000000
0.0000000000
0.0000000000
0.0000000000
0.0000000000
0.0000000000
0.0000000000
0.0000000000
0.0000000000
0.0000000000
0.0000000000
0.0000000000
0.0000000000
0.0000000000
0.0000000000
0.0000000000
0.0000000000
0.0000000000
0.0000000000
0.0000000000
0.0000000000
0.0000000000
0.0000000000
0.0000000000
0.0000000000
0.0000000000