4953.0000000000
5019.0000000000
5031.0000000000
5106.0000000000
4975.0000000000
4983.0000000000
5045.0000000000
4996.0000000000
4902.0000000000
5091.0000000000
5118.0000000000
5029.0000000000
5118.0000000000
4983.0000000000
4997.0000000000
4914.0000000000
5048.0000000000
4967.0000000000
5033.0000000000
4756.0000000000
4955.0000000000
5047.0000000000
4923.0000000000
5022.0000000000
4995.0000000000
5114.0000000000
4924.0000000000
4877.0000000000
3860.0000000000
366.0000000000
6.0000000000
0.0000000000
0.0000000000
0.0000000000
0.0000000000
0.0000000000
0.0000000000
0.0000000000
0.0000000000
0.0000000000
0.0000000000
0.0000000000
0.0000000000
0.0000000000
0.0000000000
0.0000000000
0.0000000000
0.0000000000
0.0000000000
0.0000000000
0.0000000000
0.0000000000
0.0000000000
0.0000000000
0.0000000000
0.0000000000
0.0000000000
0.0000000000
0.0000000000
0.0000000000
0.0000000000
0.0000000000
0.0000000000
0.0000000000
0.0000000000
0.0000000000
0.0000000000
0.0000000000
0.0000000000
0.0000000000
0.0000000000
0.0000000000
0.0000000000
0.0000000000
0.0000000000
0.0000000000
0.0000000000
0.0000000000
0.0000000000
0.0000000000
0.0000000000
0.0000000000
0.0000000000
0.0000000000
0.0000000000
0.0000000000
0.0000000000
0.0000000000
0.0000000000
0.0000000000
0.0000000000
0.0000000000
0.0000000000
0.0000000000
0.0000000000
0.0000000000
0.0000000000
0.0000000000
0.0000000000
0.0000000000