4925.0000000000
5034.0000000000
5019.0000000000
4962.0000000000
5116.0000000000
5059.0000000000
4837.0000000000
5033.0000000000
4956.0000000000
5090.0000000000
5007.0000000000
4972.0000000000
4961.0000000000
4976.0000000000
5047.0000000000
5009.0000000000
4982.0000000000
5036.0000000000
4925.0000000000
4849.0000000000
4962.0000000000
5057.0000000000
4973.0000000000
4838.0000000000
4974.0000000000
4884.0000000000
4885.0000000000
4363.0000000000
1416.0000000000
26.0000000000
1.0000000000
0.0000000000
0.0000000000
0.0000000000
0.0000000000
0.0000000000
0.0000000000
0.0000000000
0.0000000000
0.0000000000
0.0000000000
0.0000000000
0.0000000000
0.0000000000
0.0000000000
0.0000000000
0.0000000000
0.0000000000
0.0000000000
0.0000000000
0.0000000000
0.0000000000
0.0000000000
0.0000000000
0.0000000000
0.0000000000
0.0000000000
0.0000000000
0.0000000000
0.0000000000
0.0000000000
0.0000000000
0.0000000000
0.0000000000
0.0000000000
0.0000000000
0.0000000000
0.0000000000
0.0000000000
0.0000000000
0.0000000000
0.0000000000
0.0000000000
0.0000000000
0.0000000000
0.0000000000
0.0000000000
0.0000000000
0.0000000000
0.0000000000
0.0000000000
0.0000000000
0.0000000000
0.0000000000
0.0000000000
0.0000000000
0.0000000000
0.0000000000
0.0000000000
0.0000000000
0.0000000000
0.0000000000
0.0000000000
0.0000000000
0.0000000000
0.0000000000
0.0000000000
0.0000000000
0.0000000000
0.0000000000