5027.0000000000
5069.0000000000
4913.0000000000
5032.0000000000
5031.0000000000
4875.0000000000
5089.0000000000
5089.0000000000
5057.0000000000
4973.0000000000
4923.0000000000
4917.0000000000
5056.0000000000
4960.0000000000
4985.0000000000
5048.0000000000
5013.0000000000
4918.0000000000
5033.0000000000
5069.0000000000
5084.0000000000
5044.0000000000
4918.0000000000
5007.0000000000
5051.0000000000
5008.0000000000
5081.0000000000
5004.0000000000
4786.0000000000
1925.0000000000
76.0000000000
0.0000000000
0.0000000000
0.0000000000
0.0000000000
0.0000000000
0.0000000000
0.0000000000
0.0000000000
0.0000000000
0.0000000000
0.0000000000
0.0000000000
0.0000000000
0.0000000000
0.0000000000
0.0000000000
0.0000000000
0.0000000000
0.0000000000
0.0000000000
0.0000000000
0.0000000000
0.0000000000
0.0000000000
0.0000000000
0.0000000000
0.0000000000
0.0000000000
0.0000000000
0.0000000000
0.0000000000
0.0000000000
0.0000000000
0.0000000000
0.0000000000
0.0000000000
0.0000000000
0.0000000000
0.0000000000
0.0000000000
0.0000000000
0.0000000000
0.0000000000
0.0000000000
0.0000000000
0.0000000000
0.0000000000
0.0000000000
0.0000000000
0.0000000000
0.0000000000
0.0000000000
0.0000000000
0.0000000000
0.0000000000
0.0000000000
0.0000000000
0.0000000000
0.0000000000
0.0000000000
0.0000000000
0.0000000000
0.0000000000
0.0000000000
0.0000000000
0.0000000000
0.0000000000
0.0000000000
0.0000000000