5105.0000000000
4958.0000000000
5013.0000000000
4917.0000000000
5051.0000000000
4884.0000000000
4996.0000000000
5003.0000000000
4970.0000000000
4927.0000000000
4930.0000000000
5042.0000000000
4946.0000000000
5011.0000000000
5061.0000000000
4967.0000000000
4926.0000000000
5013.0000000000
4973.0000000000
5109.0000000000
5040.0000000000
4974.0000000000
5112.0000000000
5031.0000000000
4900.0000000000
4995.0000000000
4763.0000000000
2392.0000000000
207.0000000000
3.0000000000
0.0000000000
0.0000000000
0.0000000000
0.0000000000
0.0000000000
0.0000000000
0.0000000000
0.0000000000
0.0000000000
0.0000000000
0.0000000000
0.0000000000
0.0000000000
0.0000000000
0.0000000000
0.0000000000
0.0000000000
0.0000000000
0.0000000000
0.0000000000
0.0000000000
0.0000000000
0.0000000000
0.0000000000
0.0000000000
0.0000000000
0.0000000000
0.0000000000
0.0000000000
0.0000000000
0.0000000000
0.0000000000
0.0000000000
0.0000000000
0.0000000000
0.0000000000
0.0000000000
0.0000000000
0.0000000000
0.0000000000
0.0000000000
0.0000000000
0.0000000000
0.0000000000
0.0000000000
0.0000000000
0.0000000000
0.0000000000
0.0000000000
0.0000000000
0.0000000000
0.0000000000
0.0000000000
0.0000000000
0.0000000000
0.0000000000
0.0000000000
0.0000000000
0.0000000000
0.0000000000
0.0000000000
0.0000000000
0.0000000000
0.0000000000
0.0000000000
0.0000000000
0.0000000000
0.0000000000
0.0000000000
0.0000000000