5055.0000000000
4987.0000000000
5036.0000000000
5061.0000000000
5094.0000000000
4862.0000000000
4988.0000000000
4940.0000000000
5097.0000000000
4968.0000000000
5048.0000000000
4966.0000000000
4830.0000000000
5045.0000000000
5126.0000000000
4896.0000000000
4972.0000000000
4924.0000000000
4905.0000000000
5090.0000000000
5092.0000000000
4964.0000000000
5063.0000000000
5059.0000000000
5006.0000000000
5002.0000000000
5076.0000000000
4968.0000000000
4993.0000000000
4918.0000000000
4920.0000000000
5014.0000000000
4976.0000000000
5099.0000000000
4971.0000000000
5025.0000000000
4919.0000000000
4939.0000000000
5060.0000000000
4992.0000000000
4972.0000000000
4888.0000000000
3936.0000000000
523.0000000000
14.0000000000
0.0000000000
0.0000000000
0.0000000000
0.0000000000
0.0000000000
0.0000000000
0.0000000000
0.0000000000
0.0000000000
0.0000000000
0.0000000000
0.0000000000
0.0000000000
0.0000000000
0.0000000000
0.0000000000
0.0000000000
0.0000000000
0.0000000000
0.0000000000
0.0000000000
0.0000000000
0.0000000000
0.0000000000
0.0000000000
0.0000000000
0.0000000000
0.0000000000
0.0000000000
0.0000000000
0.0000000000
0.0000000000
0.0000000000
0.0000000000
0.0000000000
0.0000000000
0.0000000000
0.0000000000
0.0000000000
0.0000000000
0.0000000000
0.0000000000
0.0000000000
0.0000000000
0.0000000000
0.0000000000
0.0000000000
0.0000000000
0.0000000000
0.0000000000
0.0000000000
0.0000000000
0.0000000000
0.0000000000
0.0000000000