4952.0000000000
4944.0000000000
4931.0000000000
4948.0000000000
4885.0000000000
5059.0000000000
5085.0000000000
5018.0000000000
4965.0000000000
4999.0000000000
5032.0000000000
5054.0000000000
4919.0000000000
4970.0000000000
4941.0000000000
4906.0000000000
4969.0000000000
4858.0000000000
5028.0000000000
5120.0000000000
5029.0000000000
4943.0000000000
4939.0000000000
4967.0000000000
4889.0000000000
4983.0000000000
4898.0000000000
5020.0000000000
4993.0000000000
4965.0000000000
4947.0000000000
5054.0000000000
5122.0000000000
4932.0000000000
4943.0000000000
5217.0000000000
5118.0000000000
5038.0000000000
5081.0000000000
4887.0000000000
3903.0000000000
943.0000000000
30.0000000000
0.0000000000
0.0000000000
0.0000000000
0.0000000000
0.0000000000
0.0000000000
0.0000000000
0.0000000000
0.0000000000
0.0000000000
0.0000000000
0.0000000000
0.0000000000
0.0000000000
0.0000000000
0.0000000000
0.0000000000
0.0000000000
0.0000000000
0.0000000000
0.0000000000
0.0000000000
0.0000000000
0.0000000000
0.0000000000
0.0000000000
0.0000000000
0.0000000000
0.0000000000
0.0000000000
0.0000000000
0.0000000000
0.0000000000
0.0000000000
0.0000000000
0.0000000000
0.0000000000
0.0000000000
0.0000000000
0.0000000000
0.0000000000
0.0000000000
0.0000000000
0.0000000000
0.0000000000
0.0000000000
0.0000000000
0.0000000000
0.0000000000
0.0000000000
0.0000000000
0.0000000000
0.0000000000
0.0000000000
0.0000000000
0.0000000000
0.0000000000