5072.0000000000
5041.0000000000
4924.0000000000
4937.0000000000
5099.0000000000
5027.0000000000
5140.0000000000
4970.0000000000
5076.0000000000
4978.0000000000
4953.0000000000
4997.0000000000
5075.0000000000
4987.0000000000
4951.0000000000
4880.0000000000
5031.0000000000
4783.0000000000
4844.0000000000
5151.0000000000
4926.0000000000
5078.0000000000
4988.0000000000
4927.0000000000
5097.0000000000
4856.0000000000
4935.0000000000
5096.0000000000
4997.0000000000
5095.0000000000
5051.0000000000
4940.0000000000
4987.0000000000
4977.0000000000
5036.0000000000
5103.0000000000
4953.0000000000
5022.0000000000
4900.0000000000
5119.0000000000
4972.0000000000
4996.0000000000
5081.0000000000
5081.0000000000
5027.0000000000
5016.0000000000
4933.0000000000
4729.0000000000
2195.0000000000
100.0000000000
17.0000000000
0.0000000000
0.0000000000
0.0000000000
0.0000000000
0.0000000000
0.0000000000
0.0000000000
0.0000000000
0.0000000000
0.0000000000
0.0000000000
0.0000000000
0.0000000000
0.0000000000
0.0000000000
0.0000000000
0.0000000000
0.0000000000
0.0000000000
0.0000000000
0.0000000000
0.0000000000
0.0000000000
0.0000000000
0.0000000000
0.0000000000
0.0000000000
0.0000000000
0.0000000000
0.0000000000
0.0000000000
0.0000000000
0.0000000000
0.0000000000
0.0000000000
0.0000000000
0.0000000000
0.0000000000
0.0000000000
0.0000000000
0.0000000000
0.0000000000
0.0000000000
0.0000000000
0.0000000000
0.0000000000
0.0000000000
0.0000000000
0.0000000000