5031.0000000000
4886.0000000000
4964.0000000000
5054.0000000000
4968.0000000000
5015.0000000000
4906.0000000000
4990.0000000000
4989.0000000000
4899.0000000000
4918.0000000000
5061.0000000000
5050.0000000000
5048.0000000000
4946.0000000000
4972.0000000000
4986.0000000000
5049.0000000000
5068.0000000000
5116.0000000000
4951.0000000000
5059.0000000000
5016.0000000000
4895.0000000000
4873.0000000000
5019.0000000000
4940.0000000000
4963.0000000000
4964.0000000000
5008.0000000000
5078.0000000000
5077.0000000000
5108.0000000000
5026.0000000000
5089.0000000000
4986.0000000000
4965.0000000000
4997.0000000000
5038.0000000000
5034.0000000000
4972.0000000000
5087.0000000000
4861.0000000000
4819.0000000000
2777.0000000000
377.0000000000
2.0000000000
0.0000000000
0.0000000000
0.0000000000
0.0000000000
0.0000000000
0.0000000000
0.0000000000
0.0000000000
0.0000000000
0.0000000000
0.0000000000
0.0000000000
0.0000000000
0.0000000000
0.0000000000
0.0000000000
0.0000000000
0.0000000000
0.0000000000
0.0000000000
0.0000000000
0.0000000000
0.0000000000
0.0000000000
0.0000000000
0.0000000000
0.0000000000
0.0000000000
0.0000000000
0.0000000000
0.0000000000
0.0000000000
0.0000000000
0.0000000000
0.0000000000
0.0000000000
0.0000000000
0.0000000000
0.0000000000
0.0000000000
0.0000000000
0.0000000000
0.0000000000
0.0000000000
0.0000000000
0.0000000000
0.0000000000
0.0000000000
0.0000000000
0.0000000000
0.0000000000
0.0000000000
0.0000000000