4997.0000000000
5001.0000000000
5063.0000000000
4909.0000000000
4995.0000000000
4974.0000000000
4982.0000000000
4918.0000000000
4939.0000000000
5035.0000000000
4966.0000000000
5059.0000000000
5059.0000000000
4947.0000000000
4958.0000000000
4946.0000000000
5020.0000000000
4905.0000000000
5042.0000000000
5041.0000000000
4986.0000000000
5123.0000000000
5019.0000000000
4976.0000000000
5025.0000000000
5001.0000000000
5000.0000000000
4914.0000000000
5002.0000000000
4961.0000000000
5049.0000000000
5107.0000000000
5014.0000000000
5087.0000000000
4959.0000000000
4972.0000000000
5070.0000000000
5044.0000000000
5057.0000000000
5013.0000000000
5006.0000000000
4944.0000000000
5031.0000000000
5040.0000000000
5019.0000000000
4963.0000000000
2035.0000000000
200.0000000000
2.0000000000
0.0000000000
0.0000000000
0.0000000000
0.0000000000
0.0000000000
0.0000000000
0.0000000000
0.0000000000
0.0000000000
0.0000000000
0.0000000000
0.0000000000
0.0000000000
0.0000000000
0.0000000000
0.0000000000
0.0000000000
0.0000000000
0.0000000000
0.0000000000
0.0000000000
0.0000000000
0.0000000000
0.0000000000
0.0000000000
0.0000000000
0.0000000000
0.0000000000
0.0000000000
0.0000000000
0.0000000000
0.0000000000
0.0000000000
0.0000000000
0.0000000000
0.0000000000
0.0000000000
0.0000000000
0.0000000000
0.0000000000
0.0000000000
0.0000000000
0.0000000000
0.0000000000
0.0000000000
0.0000000000
0.0000000000
0.0000000000
0.0000000000
0.0000000000
0.0000000000