4896.0000000000
4980.0000000000
5031.0000000000
4880.0000000000
4947.0000000000
5036.0000000000
4882.0000000000
4903.0000000000
5030.0000000000
5067.0000000000
5058.0000000000
5021.0000000000
4899.0000000000
4951.0000000000
5076.0000000000
5179.0000000000
5063.0000000000
4991.0000000000
4941.0000000000
5040.0000000000
5052.0000000000
4975.0000000000
4971.0000000000
5047.0000000000
4959.0000000000
5067.0000000000
5024.0000000000
5008.0000000000
5000.0000000000
4933.0000000000
4985.0000000000
4978.0000000000
4976.0000000000
4906.0000000000
4933.0000000000
4962.0000000000
5027.0000000000
5049.0000000000
4987.0000000000
4986.0000000000
5055.0000000000
4971.0000000000
4965.0000000000
4980.0000000000
5074.0000000000
5072.0000000000
5017.0000000000
4925.0000000000
4927.0000000000
4583.0000000000
3764.0000000000
384.0000000000
2.0000000000
0.0000000000
0.0000000000
0.0000000000
0.0000000000
0.0000000000
0.0000000000
0.0000000000
0.0000000000
0.0000000000
0.0000000000
0.0000000000
0.0000000000
0.0000000000
0.0000000000
0.0000000000
0.0000000000
0.0000000000
0.0000000000
0.0000000000
0.0000000000
0.0000000000
0.0000000000
0.0000000000
0.0000000000
0.0000000000
0.0000000000
0.0000000000
0.0000000000
0.0000000000
0.0000000000
0.0000000000
0.0000000000
0.0000000000
0.0000000000
0.0000000000
0.0000000000
0.0000000000
0.0000000000
0.0000000000
0.0000000000
0.0000000000
0.0000000000
0.0000000000
0.0000000000
0.0000000000
0.0000000000
0.0000000000