5112.0000000000
5081.0000000000
4982.0000000000
4977.0000000000
5144.0000000000
5096.0000000000
5017.0000000000
4969.0000000000
4985.0000000000
5055.0000000000
4986.0000000000
5041.0000000000
5094.0000000000
5017.0000000000
5139.0000000000
4918.0000000000
5042.0000000000
5170.0000000000
5122.0000000000
4974.0000000000
4965.0000000000
5036.0000000000
4867.0000000000
4986.0000000000
5030.0000000000
5068.0000000000
5129.0000000000
4886.0000000000
4949.0000000000
4911.0000000000
5029.0000000000
5052.0000000000
4952.0000000000
5001.0000000000
5018.0000000000
4913.0000000000
4984.0000000000
4938.0000000000
4970.0000000000
5048.0000000000
5010.0000000000
4797.0000000000
5062.0000000000
5015.0000000000
5053.0000000000
5085.0000000000
5138.0000000000
5022.0000000000
4872.0000000000
4929.0000000000
4691.0000000000
1954.0000000000
50.0000000000
1.0000000000
0.0000000000
0.0000000000
0.0000000000
0.0000000000
0.0000000000
0.0000000000
0.0000000000
0.0000000000
0.0000000000
0.0000000000
0.0000000000
0.0000000000
0.0000000000
0.0000000000
0.0000000000
0.0000000000
0.0000000000
0.0000000000
0.0000000000
0.0000000000
0.0000000000
0.0000000000
0.0000000000
0.0000000000
0.0000000000
0.0000000000
0.0000000000
0.0000000000
0.0000000000
0.0000000000
0.0000000000
0.0000000000
0.0000000000
0.0000000000
0.0000000000
0.0000000000
0.0000000000
0.0000000000
0.0000000000
0.0000000000
0.0000000000
0.0000000000
0.0000000000
0.0000000000
0.0000000000
0.0000000000