5120.0000000000
4911.0000000000
5050.0000000000
5034.0000000000
5074.0000000000
5034.0000000000
4905.0000000000
4990.0000000000
4994.0000000000
4922.0000000000
4957.0000000000
5044.0000000000
5020.0000000000
4999.0000000000
5047.0000000000
5002.0000000000
4925.0000000000
5001.0000000000
5083.0000000000
5040.0000000000
5153.0000000000
4948.0000000000
5016.0000000000
5022.0000000000
5004.0000000000
4904.0000000000
5019.0000000000
5064.0000000000
4911.0000000000
4971.0000000000
4980.0000000000
5079.0000000000
4942.0000000000
5028.0000000000
5003.0000000000
5139.0000000000
5116.0000000000
4967.0000000000
5075.0000000000
5007.0000000000
5062.0000000000
4978.0000000000
5121.0000000000
4972.0000000000
4858.0000000000
4930.0000000000
4901.0000000000
5003.0000000000
5111.0000000000
5103.0000000000
4975.0000000000
4948.0000000000
5059.0000000000
4970.0000000000
3586.0000000000
686.0000000000
25.0000000000
0.0000000000
0.0000000000
0.0000000000
0.0000000000
0.0000000000
0.0000000000
0.0000000000
0.0000000000
0.0000000000
0.0000000000
0.0000000000
0.0000000000
0.0000000000
0.0000000000
0.0000000000
0.0000000000
0.0000000000
0.0000000000
0.0000000000
0.0000000000
0.0000000000
0.0000000000
0.0000000000
0.0000000000
0.0000000000
0.0000000000
0.0000000000
0.0000000000
0.0000000000
0.0000000000
0.0000000000
0.0000000000
0.0000000000
0.0000000000
0.0000000000
0.0000000000
0.0000000000
0.0000000000
0.0000000000
0.0000000000
0.0000000000
0.0000000000
0.0000000000