4991.0000000000
4999.0000000000
5062.0000000000
4933.0000000000
4986.0000000000
5066.0000000000
5108.0000000000
5008.0000000000
4908.0000000000
4891.0000000000
5203.0000000000
5098.0000000000
4945.0000000000
5005.0000000000
4993.0000000000
5056.0000000000
4939.0000000000
4969.0000000000
5029.0000000000
4941.0000000000
4977.0000000000
4923.0000000000
5075.0000000000
5063.0000000000
4987.0000000000
5031.0000000000
4981.0000000000
4973.0000000000
5028.0000000000
4955.0000000000
5019.0000000000
5026.0000000000
4979.0000000000
4982.0000000000
4878.0000000000
4993.0000000000
4945.0000000000
5115.0000000000
4888.0000000000
4972.0000000000
5085.0000000000
5017.0000000000
4987.0000000000
4977.0000000000
4919.0000000000
4923.0000000000
5036.0000000000
5214.0000000000
5065.0000000000
5134.0000000000
5075.0000000000
5045.0000000000
5091.0000000000
4928.0000000000
5072.0000000000
4987.0000000000
4929.0000000000
4935.0000000000
4972.0000000000
4797.0000000000
2322.0000000000
216.0000000000
10.0000000000
0.0000000000
0.0000000000
0.0000000000
0.0000000000
0.0000000000
0.0000000000
0.0000000000
0.0000000000
0.0000000000
0.0000000000
0.0000000000
0.0000000000
0.0000000000
0.0000000000
0.0000000000
0.0000000000
0.0000000000
0.0000000000
0.0000000000
0.0000000000
0.0000000000
0.0000000000
0.0000000000
0.0000000000
0.0000000000
0.0000000000
0.0000000000
0.0000000000
0.0000000000
0.0000000000
0.0000000000
0.0000000000
0.0000000000
0.0000000000
0.0000000000
0.0000000000
0.0000000000