5072.0000000000
4971.0000000000
4971.0000000000
4875.0000000000
4995.0000000000
4982.0000000000
5055.0000000000
4916.0000000000
5019.0000000000
4983.0000000000
5002.0000000000
4959.0000000000
4969.0000000000
4966.0000000000
4972.0000000000
5096.0000000000
4889.0000000000
4975.0000000000
5068.0000000000
5039.0000000000
4998.0000000000
4904.0000000000
4958.0000000000
4980.0000000000
5067.0000000000
4995.0000000000
5121.0000000000
4884.0000000000
4992.0000000000
5178.0000000000
5087.0000000000
5126.0000000000
4919.0000000000
4948.0000000000
4992.0000000000
4918.0000000000
4880.0000000000
4972.0000000000
4996.0000000000
5055.0000000000
4916.0000000000
4973.0000000000
5085.0000000000
4935.0000000000
4938.0000000000
4966.0000000000
5042.0000000000
5048.0000000000
5109.0000000000
4932.0000000000
5012.0000000000
4904.0000000000
5048.0000000000
4986.0000000000
4886.0000000000
4967.0000000000
4976.0000000000
4904.0000000000
4947.0000000000
5045.0000000000
4917.0000000000
3754.0000000000
750.0000000000
27.0000000000
0.0000000000
0.0000000000
0.0000000000
0.0000000000
0.0000000000
0.0000000000
0.0000000000
0.0000000000
0.0000000000
0.0000000000
0.0000000000
0.0000000000
0.0000000000
0.0000000000
0.0000000000
0.0000000000
0.0000000000
0.0000000000
0.0000000000
0.0000000000
0.0000000000
0.0000000000
0.0000000000
0.0000000000
0.0000000000
0.0000000000
0.0000000000
0.0000000000
0.0000000000
0.0000000000
0.0000000000
0.0000000000
0.0000000000
0.0000000000
0.0000000000
0.0000000000