0 0.019289
1 0.019289
2 0.019289
3 0.019290
4 0.019336
5 0.023346
6 0.023373
7 0.023373
8 0.023373
9 0.023373
10 0.023373
11 0.023373
12 0.023373
13 0.023373
14 0.023373
15 0.023373
16 0.023373
17 0.023373
18 0.023373
19 0.023373
20 0.023373
21 0.023373
22 0.023373
23 0.023373
24 0.023373
25 0.023373
26 0.023373
27 0.023373
28 0.023373
29 0.023373
30 0.023373
31 0.023373
32 0.023373
33 0.023373
34 0.023373
35 0.023373
36 0.023373
37 0.023373
38 0.023373
39 0.023373
40 0.023373
41 0.023373
42 0.023373
43 0.023373
44 0.023373
45 0.023373
46 0.023373
47 0.023373
48 0.023373
49 0.023373
50 0.023373
51 0.023373
52 0.023373
53 0.023373
54 0.023373
55 0.023373
56 0.023373
57 0.023373
58 0.023373
59 0.023373
60 0.023373
61 0.023373
62 0.023373
63 0.023373
64 0.023373
65 0.023373
66 0.023373
67 0.023373
68 0.023373
69 0.023373
70 0.023373
71 0.023373
72 0.023373
73 0.023373
74 0.023373
75 0.023373
76 0.023373
77 0.023373
78 0.023373
79 0.023373
80 0.023373
81 0.023373
82 0.023373
83 0.023373
84 0.023373
85 0.023373
86 0.023373
87 0.023373
88 0.023373
89 0.023373
90 0.023373
91 0.023373
92 0.023373
93 0.023373
94 0.023373
95 0.023373
96 0.023373
97 0.023373
98 0.023373
99 0.023373
