0 0.000048
1 0.000048
2 0.005861
3 0.599914
4 51.077821
5 3696.945448
6 4148.414243
7 4159.490410
8 4159.652577
9 4159.654287
10 4159.654301
11 4159.654301
12 4159.654301
13 4159.654301
14 4159.654301
15 4159.654301
16 4159.654301
17 4159.654301
18 4159.654301
19 4159.654301
20 4159.654301
21 4159.654301
22 4159.654301
23 4159.654301
24 4159.654301
25 4159.654301
26 4159.654301
27 4159.654301
28 4159.654301
29 4159.654301
30 4159.654301
31 4159.654301
32 4159.654301
33 4159.654301
34 4159.654301
35 4159.654301
36 4159.654301
37 4159.654301
38 4159.654301
39 4159.654301
40 4159.654301
41 4159.654301
42 4159.654301
43 4159.654301
44 4159.654301
45 4159.654301
46 4159.654301
47 4159.654301
48 4159.654301
49 4159.654301
50 4159.654301
51 4159.654301
52 4159.654301
53 4159.654301
54 4159.654301
55 4159.654301
56 4159.654301
57 4159.654301
58 4159.654301
59 4159.654301
60 4159.654301
61 4159.654301
62 4159.654301
63 4159.654301
64 4159.654301
65 4159.654301
66 4159.654301
67 4159.654301
68 4159.654301
69 4159.654301
70 4159.654301
71 4159.654301
72 4159.654301
73 4159.654301
74 4159.654301
75 4159.654301
76 4159.654301
77 4159.654301
78 4159.654301
79 4159.654301
80 4159.654301
81 4159.654301
82 4159.654301
83 4159.654301
84 4159.654301
85 4159.654301
86 4159.654301
87 4159.654301
88 4159.654301
89 4159.654301
90 4159.654301
91 4159.654301
92 4159.654301
93 4159.654301
94 4159.654301
95 4159.654301
96 4159.654301
97 4159.654301
98 4159.654301
99 4159.654301
