0 0.000034
1 0.000034
2 0.004698
3 0.540468
4 50.264337
5 3821.493277
6 4152.911261
7 4159.572431
8 4159.653728
9 4159.654449
10 4159.654454
11 4159.654454
12 4159.654454
13 4159.654454
14 4159.654454
15 4159.654454
16 4159.654454
17 4159.654454
18 4159.654454
19 4159.654454
20 4159.654454
21 4159.654454
22 4159.654454
23 4159.654454
24 4159.654454
25 4159.654454
26 4159.654454
27 4159.654454
28 4159.654454
29 4159.654454
30 4159.654454
31 4159.654454
32 4159.654454
33 4159.654454
34 4159.654454
35 4159.654454
36 4159.654454
37 4159.654454
38 4159.654454
39 4159.654454
40 4159.654454
41 4159.654454
42 4159.654454
43 4159.654454
44 4159.654454
45 4159.654454
46 4159.654454
47 4159.654454
48 4159.654454
49 4159.654454
50 4159.654454
51 4159.654454
52 4159.654454
53 4159.654454
54 4159.654454
55 4159.654454
56 4159.654454
57 4159.654454
58 4159.654454
59 4159.654454
60 4159.654454
61 4159.654454
62 4159.654454
63 4159.654454
64 4159.654454
65 4159.654454
66 4159.654454
67 4159.654454
68 4159.654454
69 4159.654454
70 4159.654454
71 4159.654454
72 4159.654454
73 4159.654454
74 4159.654454
75 4159.654454
76 4159.654454
77 4159.654454
78 4159.654454
79 4159.654454
80 4159.654454
81 4159.654454
82 4159.654454
83 4159.654454
84 4159.654454
85 4159.654454
86 4159.654454
87 4159.654454
88 4159.654454
89 4159.654454
90 4159.654454
91 4159.654454
92 4159.654454
93 4159.654454
94 4159.654454
95 4159.654454
96 4159.654454
97 4159.654454
98 4159.654454
99 4159.654454
