0 0.000021
1 0.000021
2 0.003431
3 0.459495
4 48.178714
5 3919.623376
6 4155.857352
7 4159.618810
8 4159.655803
9 4159.656070
10 4159.656072
11 4159.656072
12 4159.656072
13 4159.656072
14 4159.656072
15 4159.656072
16 4159.656072
17 4159.656072
18 4159.656072
19 4159.656072
20 4159.656072
21 4159.656072
22 4159.656072
23 4159.656072
24 4159.656072
25 4159.656072
26 4159.656072
27 4159.656072
28 4159.656072
29 4159.656072
30 4159.656072
31 4159.656072
32 4159.656072
33 4159.656072
34 4159.656072
35 4159.656072
36 4159.656072
37 4159.656072
38 4159.656072
39 4159.656072
40 4159.656072
41 4159.656072
42 4159.656072
43 4159.656072
44 4159.656072
45 4159.656072
46 4159.656072
47 4159.656072
48 4159.656072
49 4159.656072
50 4159.656072
51 4159.656072
52 4159.656072
53 4159.656072
54 4159.656072
55 4159.656072
56 4159.656072
57 4159.656072
58 4159.656072
59 4159.656072
60 4159.656072
61 4159.656072
62 4159.656072
63 4159.656072
64 4159.656072
65 4159.656072
66 4159.656072
67 4159.656072
68 4159.656072
69 4159.656072
70 4159.656072
71 4159.656072
72 4159.656072
73 4159.656072
74 4159.656072
75 4159.656072
76 4159.656072
77 4159.656072
78 4159.656072
79 4159.656072
80 4159.656072
81 4159.656072
82 4159.656072
83 4159.656072
84 4159.656072
85 4159.656072
86 4159.656072
87 4159.656072
88 4159.656072
89 4159.656072
90 4159.656072
91 4159.656072
92 4159.656072
93 4159.656072
94 4159.656072
95 4159.656072
96 4159.656072
97 4159.656072
98 4159.656072
99 4159.656072
