5000.0969847322
5000.0969847322
5000.0969847322
5000.0969847322
5000.0969847322
5000.0969847322
5000.0969847322
5000.0969847322
5000.0969847322
5000.0969847322
5000.0969847322
5000.0969847322
5000.0969847322
5000.0969847322
5000.0969847322
5000.0969847322
5000.0969847322
5000.0969847322
5000.0969847322
5000.0969847322
5000.0969847322
5000.0969847322
5000.0969847322
5000.0969847322
5000.0969847321
5000.0969847320
5000.0969847299
5000.0969846980
5000.0969841866
5000.0969754882
5000.0968206684
5000.0939938600
5000.0415218384
4999.0717276595
4982.4694412137
4743.7245190596
1958.0293974659
95.0000000000
1.0000000000
0.0000000000
0.0000000000
0.0000000000
0.0000000000
0.0000000000
0.0000000000
0.0000000000
0.0000000000
0.0000000000
0.0000000000
0.0000000000
0.0000000000
0.0000000000
0.0000000000
0.0000000000
0.0000000000
0.0000000000
0.0000000000
0.0000000000
0.0000000000
0.0000000000
0.0000000000
0.0000000000
0.0000000000
0.0000000000
0.0000000000
0.0000000000
0.0000000000
0.0000000000
0.0000000000
0.0000000000
0.0000000000
0.0000000000
0.0000000000
0.0000000000
0.0000000000
0.0000000000
0.0000000000
0.0000000000
0.0000000000
0.0000000000
0.0000000000
0.0000000000
0.0000000000
0.0000000000
0.0000000000
0.0000000000
0.0000000000
0.0000000000
0.0000000000
0.0000000000
0.0000000000
0.0000000000
0.0000000000
0.0000000000
0.0000000000
0.0000000000
0.0000000000
0.0000000000
0.0000000000
0.0000000000