4999.8525798635
4999.8525798635
4999.8525798635
4999.8525798635
4999.8525798635
4999.8525798635
4999.8525798635
4999.8525798635
4999.8525798635
4999.8525798635
4999.8525798635
4999.8525798635
4999.8525798635
4999.8525798635
4999.8525798635
4999.8525798635
4999.8525798635
4999.8525798635
4999.8525798635
4999.8525798635
4999.8525798635
4999.8525798635
4999.8525798635
4999.8525798635
4999.8525798635
4999.8525798635
4999.8525798635
4999.8525798635
4999.8525798635
4999.8525798635
4999.8525798635
4999.8525798635
4999.8525798635
4999.8525798635
4999.8525798635
4999.8525798635
4999.8525798633
4999.8525798612
4999.8525798282
4999.8525793295
4999.8525713616
4999.8524377210
4999.8502556762
4999.8160159758
4999.2327347887
4988.2768344797
4804.6020085049
2985.1527878684
178.5435920312
0.0000000000
0.0000000000
0.0000000000
0.0000000000
0.0000000000
0.0000000000
0.0000000000
0.0000000000
0.0000000000
0.0000000000
0.0000000000
0.0000000000
0.0000000000
0.0000000000
0.0000000000
0.0000000000
0.0000000000
0.0000000000
0.0000000000
0.0000000000
0.0000000000
0.0000000000
0.0000000000
0.0000000000
0.0000000000
0.0000000000
0.0000000000
0.0000000000
0.0000000000
0.0000000000
0.0000000000
0.0000000000
0.0000000000
0.0000000000
0.0000000000
0.0000000000
0.0000000000
0.0000000000
0.0000000000
0.0000000000
0.0000000000
0.0000000000
0.0000000000
0.0000000000
0.0000000000
0.0000000000
0.0000000000
0.0000000000
0.0000000000
0.0000000000
0.0000000000