5000.0674555298
5000.0674555298
5000.0674555298
5000.0674555298
5000.0674555298
5000.0674555298
5000.0674555298
5000.0674555298
5000.0674555298
5000.0674555298
5000.0674555298
5000.0674555298
5000.0674555298
5000.0674555298
5000.0674555298
5000.0674555298
5000.0674555298
5000.0674555298
5000.0674555298
5000.0674555298
5000.0674555298
5000.0674555298
5000.0674555298
5000.0674555298
5000.0674555298
5000.0674555298
5000.0674555298
5000.0674555298
5000.0674555298
5000.0674555298
5000.0674555298
5000.0674555298
5000.0674555298
5000.0674555298
5000.0674555298
5000.0674555298
5000.0674555298
5000.0674555294
5000.0674555236
5000.0674554346
5000.0674539949
5000.0674300616
5000.0670419938
5000.0607837419
4999.9516680777
4997.9824958084
4966.6056705043
4556.3509117858
1195.1301382359
17.0000000000
0.0000000000
0.0000000000
0.0000000000
0.0000000000
0.0000000000
0.0000000000
0.0000000000
0.0000000000
0.0000000000
0.0000000000
0.0000000000
0.0000000000
0.0000000000
0.0000000000
0.0000000000
0.0000000000
0.0000000000
0.0000000000
0.0000000000
0.0000000000
0.0000000000
0.0000000000
0.0000000000
0.0000000000
0.0000000000
0.0000000000
0.0000000000
0.0000000000
0.0000000000
0.0000000000
0.0000000000
0.0000000000
0.0000000000
0.0000000000
0.0000000000
0.0000000000
0.0000000000
0.0000000000
0.0000000000
0.0000000000
0.0000000000
0.0000000000
0.0000000000
0.0000000000
0.0000000000
0.0000000000
0.0000000000
0.0000000000
0.0000000000
0.0000000000