5000.0008066051
5000.0008066051
5000.0008066051
5000.0008066051
5000.0008066051
5000.0008066051
5000.0008066051
5000.0008066051
5000.0008066051
5000.0008066051
5000.0008066051
5000.0008066051
5000.0008066051
5000.0008066051
5000.0008066051
5000.0008066051
5000.0008066051
5000.0008066051
5000.0008066051
5000.0008066051
5000.0008066051
5000.0008066051
5000.0008066051
5000.0008066051
5000.0008066051
5000.0008066051
5000.0008066051
5000.0008066051
5000.0008066051
5000.0008066051
5000.0008066051
5000.0008066051
5000.0008066051
5000.0008066051
5000.0008066051
5000.0008066051
5000.0008066051
5000.0008066051
5000.0008066051
5000.0008066051
5000.0008066051
5000.0008066051
5000.0008066050
5000.0008066037
5000.0008065793
5000.0008061402
5000.0007977399
5000.0006348018
4999.9976519429
4999.9486011559
4999.2314879937
4989.9974289625
4884.8041504441
2614.7462986200
150.1505234623
1.0000000000
0.0000000000
0.0000000000
0.0000000000
0.0000000000
0.0000000000
0.0000000000
0.0000000000
0.0000000000
0.0000000000
0.0000000000
0.0000000000
0.0000000000
0.0000000000
0.0000000000
0.0000000000
0.0000000000
0.0000000000
0.0000000000
0.0000000000
0.0000000000
0.0000000000
0.0000000000
0.0000000000
0.0000000000
0.0000000000
0.0000000000
0.0000000000
0.0000000000
0.0000000000
0.0000000000
0.0000000000
0.0000000000
0.0000000000
0.0000000000
0.0000000000
0.0000000000
0.0000000000
0.0000000000
0.0000000000
0.0000000000
0.0000000000
0.0000000000
0.0000000000
0.0000000000