4999.9370378606
4999.9370378606
4999.9370378606
4999.9370378606
4999.9370378606
4999.9370378606
4999.9370378606
4999.9370378606
4999.9370378606
4999.9370378606
4999.9370378606
4999.9370378606
4999.9370378606
4999.9370378606
4999.9370378606
4999.9370378606
4999.9370378606
4999.9370378606
4999.9370378606
4999.9370378606
4999.9370378606
4999.9370378606
4999.9370378606
4999.9370378606
4999.9370378606
4999.9370378606
4999.9370378606
4999.9370378606
4999.9370378606
4999.9370378606
4999.9370378606
4999.9370378606
4999.9370378606
4999.9370378606
4999.9370378606
4999.9370378606
4999.9370378606
4999.9370378606
4999.9370378606
4999.9370378606
4999.9370378606
4999.9370378606
4999.9370378606
4999.9370378606
4999.9370378606
4999.9370378600
4999.9370378496
4999.9370376684
4999.9370347572
4999.9369917301
4999.9363779305
4999.9268434158
4999.7509805869
4996.3692398454
4936.4308007332
3742.9804691552
558.1167664437
4.0000000000
0.0000000000
0.0000000000
0.0000000000
0.0000000000
0.0000000000
0.0000000000
0.0000000000
0.0000000000
0.0000000000
0.0000000000
0.0000000000
0.0000000000
0.0000000000
0.0000000000
0.0000000000
0.0000000000
0.0000000000
0.0000000000
0.0000000000
0.0000000000
0.0000000000
0.0000000000
0.0000000000
0.0000000000
0.0000000000
0.0000000000
0.0000000000
0.0000000000
0.0000000000
0.0000000000
0.0000000000
0.0000000000
0.0000000000
0.0000000000
0.0000000000
0.0000000000
0.0000000000
0.0000000000
0.0000000000
0.0000000000
0.0000000000
0.0000000000