5000.0091010233
5000.0091010233
5000.0091010233
5000.0091010233
5000.0091010233
5000.0091010233
5000.0091010233
5000.0091010233
5000.0091010233
5000.0091010233
5000.0091010233
5000.0091010233
5000.0091010233
5000.0091010233
5000.0091010233
5000.0091010233
5000.0091010233
5000.0091010233
5000.0091010233
5000.0091010233
5000.0091010233
5000.0091010233
5000.0091010233
5000.0091010233
5000.0091010233
5000.0091010233
5000.0091010233
5000.0091010233
5000.0091010233
5000.0091010233
5000.0091010233
5000.0091010233
5000.0091010233
5000.0091010233
5000.0091010233
5000.0091010233
5000.0091010233
5000.0091010233
5000.0091010233
5000.0091010233
5000.0091010233
5000.0091010233
5000.0091010233
5000.0091010233
5000.0091010233
5000.0091010233
5000.0091010233
5000.0091010233
5000.0091010232
5000.0091010219
5000.0091009985
5000.0091005716
5000.0090926841
5000.0089493253
5000.0063679359
4999.9578387093
4998.9575017689
4978.5400640617
4631.4773378743
1382.0473181933
143.0000000000
1.0000000000
0.0000000000
0.0000000000
0.0000000000
0.0000000000
0.0000000000
0.0000000000
0.0000000000
0.0000000000
0.0000000000
0.0000000000
0.0000000000
0.0000000000
0.0000000000
0.0000000000
0.0000000000
0.0000000000
0.0000000000
0.0000000000
0.0000000000
0.0000000000
0.0000000000
0.0000000000
0.0000000000
0.0000000000
0.0000000000
0.0000000000
0.0000000000
0.0000000000
0.0000000000
0.0000000000
0.0000000000
0.0000000000
0.0000000000
0.0000000000
0.0000000000
0.0000000000
0.0000000000
0.0000000000