4999.9988502783
4999.9988502783
4999.9988502783
4999.9988502783
4999.9988502783
4999.9988502783
4999.9988502783
4999.9988502783
4999.9988502783
4999.9988502783
4999.9988502783
4999.9988502783
4999.9988502783
4999.9988502783
4999.9988502783
4999.9988502783
4999.9988502783
4999.9988502783
4999.9988502783
4999.9988502783
4999.9988502783
4999.9988502783
4999.9988502783
4999.9988502783
4999.9988502783
4999.9988502783
4999.9988502783
4999.9988502783
4999.9988502783
4999.9988502783
4999.9988502783
4999.9988502783
4999.9988502783
4999.9988502783
4999.9988502783
4999.9988502783
4999.9988502783
4999.9988502783
4999.9988502783
4999.9988502783
4999.9988502783
4999.9988502783
4999.9988502783
4999.9988502783
4999.9988502783
4999.9988502783
4999.9988502783
4999.9988502773
4999.9988502618
4999.9988500304
4999.9988463808
4999.9987824570
4999.9975853395
4999.9751844803
4999.5664215925
4992.5659682010
4882.0165290740
2443.0116183886
118.0000000000
0.0000000000
0.0000000000
0.0000000000
0.0000000000
0.0000000000
0.0000000000
0.0000000000
0.0000000000
0.0000000000
0.0000000000
0.0000000000
0.0000000000
0.0000000000
0.0000000000
0.0000000000
0.0000000000
0.0000000000
0.0000000000
0.0000000000
0.0000000000
0.0000000000
0.0000000000
0.0000000000
0.0000000000
0.0000000000
0.0000000000
0.0000000000
0.0000000000
0.0000000000
0.0000000000
0.0000000000
0.0000000000
0.0000000000
0.0000000000
0.0000000000
0.0000000000
0.0000000000
0.0000000000
0.0000000000
0.0000000000
0.0000000000