5000.0000000000
5000.0000000000
5000.0000000000
5000.0000000000
5000.0000000000
5000.0000000000
5000.0000000000
5000.0000000000
5000.0000000000
5000.0000000000
5000.0000000000
5000.0000000000
5000.0000000000
5000.0000000000
5000.0000000000
5000.0000000000
5000.0000000000
4999.9999999999
4999.9999999993
4999.9999999893
4999.9999998474
4999.9999978209
4999.9999688994
4999.9995564816
4999.9936797816
4999.9099992299
4998.7194494649
4981.8052165018
4744.7832161331
2560.6799893787
272.8345134707
12.5649580265
0.4329775049
0.0129291576
0.0003522225
0.0000089632
0.0000002158
0.0000000050
0.0000000001
0.0000000000
0.0000000000
0.0000000000
0.0000000000
0.0000000000
0.0000000000
0.0000000000
0.0000000000
0.0000000000
0.0000000000
0.0000000000
0.0000000000
0.0000000000
0.0000000000
0.0000000000
0.0000000000
0.0000000000
0.0000000000
0.0000000000
0.0000000000
0.0000000000
0.0000000000
0.0000000000
0.0000000000
0.0000000000
0.0000000000
0.0000000000
0.0000000000
0.0000000000
0.0000000000
0.0000000000
0.0000000000
0.0000000000
0.0000000000
0.0000000000
0.0000000000
0.0000000000
0.0000000000
0.0000000000
0.0000000000
0.0000000000
0.0000000000
0.0000000000
0.0000000000
0.0000000000
0.0000000000
0.0000000000
0.0000000000
0.0000000000
0.0000000000
0.0000000000
0.0000000000
0.0000000000
0.0000000000
0.0000000000
0.0000000000
0.0000000000
0.0000000000
0.0000000000
0.0000000000
0.0000000000