5000.0000000000
5000.0000000000
5000.0000000000
5000.0000000000
5000.0000000000
5000.0000000000
5000.0000000000
5000.0000000000
5000.0000000000
5000.0000000000
5000.0000000000
5000.0000000000
5000.0000000000
5000.0000000000
5000.0000000000
5000.0000000000
5000.0000000000
5000.0000000000
5000.0000000000
5000.0000000000
5000.0000000000
5000.0000000000
5000.0000000000
5000.0000000000
5000.0000000000
5000.0000000000
5000.0000000000
4999.9999999999
4999.9999999982
4999.9999999750
4999.9999996459
4999.9999949856
4999.9999290159
4999.9989955499
4999.9857921392
4999.7991043183
4997.1610732298
4960.0446235037
4449.7403531828
1557.9177553711
117.6880365244
4.9167041304
0.1645634116
0.0048999999
0.0001350850
0.0000035153
0.0000000873
0.0000000021
0.0000000000
0.0000000000
0.0000000000
0.0000000000
0.0000000000
0.0000000000
0.0000000000
0.0000000000
0.0000000000
0.0000000000
0.0000000000
0.0000000000
0.0000000000
0.0000000000
0.0000000000
0.0000000000
0.0000000000
0.0000000000
0.0000000000
0.0000000000
0.0000000000
0.0000000000
0.0000000000
0.0000000000
0.0000000000
0.0000000000
0.0000000000
0.0000000000
0.0000000000
0.0000000000
0.0000000000
0.0000000000
0.0000000000
0.0000000000
0.0000000000
0.0000000000
0.0000000000
0.0000000000
0.0000000000
0.0000000000
0.0000000000
0.0000000000
0.0000000000
0.0000000000
0.0000000000
0.0000000000
0.0000000000
0.0000000000
0.0000000000
0.0000000000
0.0000000000
0.0000000000