4999.8199108790
4999.8199108790
4999.8199108790
4999.8199108790
4999.8199108790
4999.8199108790
4999.8199108790
4999.8199108790
4999.8199108790
4999.8199108790
4999.8199108790
4999.8199108790
4999.8199108790
4999.8199108790
4999.8199108790
4999.8199108790
4999.8199108790
4999.8199108790
4999.8199108790
4999.8199108790
4999.8199108789
4999.8199108789
4999.8199108777
4999.8199108573
4999.8199105331
4999.8199057778
4999.8198402645
4999.8189574396
4999.8069969530
4999.6309694422
4996.4729565184
4937.6327493011
4036.6621622747
640.1613795819
15.0000000000
0.0000000000
0.0000000000
0.0000000000
0.0000000000
0.0000000000
0.0000000000
0.0000000000
0.0000000000
0.0000000000
0.0000000000
0.0000000000
0.0000000000
0.0000000000
0.0000000000
0.0000000000
0.0000000000
0.0000000000
0.0000000000
0.0000000000
0.0000000000
0.0000000000
0.0000000000
0.0000000000
0.0000000000
0.0000000000
0.0000000000
0.0000000000
0.0000000000
0.0000000000
0.0000000000
0.0000000000
0.0000000000
0.0000000000
0.0000000000
0.0000000000
0.0000000000
0.0000000000
0.0000000000
0.0000000000
0.0000000000
0.0000000000
0.0000000000
0.0000000000
0.0000000000
0.0000000000
0.0000000000
0.0000000000
0.0000000000
0.0000000000
0.0000000000
0.0000000000
0.0000000000
0.0000000000
0.0000000000
0.0000000000
0.0000000000
0.0000000000
0.0000000000
0.0000000000
0.0000000000
0.0000000000
0.0000000000
0.0000000000
0.0000000000
0.0000000000