4999.8647665364
4999.8647665364
4999.8647665364
4999.8647665364
4999.8647665364
4999.8647665364
4999.8647665364
4999.8647665364
4999.8647665364
4999.8647665364
4999.8647665364
4999.8647665364
4999.8647665364
4999.8647665364
4999.8647665364
4999.8647665364
4999.8647665364
4999.8647665364
4999.8647665364
4999.8647665364
4999.8647665364
4999.8647665364
4999.8647665362
4999.8647665326
4999.8647664761
4999.8647656618
4999.8647544963
4999.8646033268
4999.8624957081
4999.8296550939
4999.2372081632
4988.6225564746
4820.8909354371
2719.9471616400
146.1050751974
2.0000000000
0.0000000000
0.0000000000
0.0000000000
0.0000000000
0.0000000000
0.0000000000
0.0000000000
0.0000000000
0.0000000000
0.0000000000
0.0000000000
0.0000000000
0.0000000000
0.0000000000
0.0000000000
0.0000000000
0.0000000000
0.0000000000
0.0000000000
0.0000000000
0.0000000000
0.0000000000
0.0000000000
0.0000000000
0.0000000000
0.0000000000
0.0000000000
0.0000000000
0.0000000000
0.0000000000
0.0000000000
0.0000000000
0.0000000000
0.0000000000
0.0000000000
0.0000000000
0.0000000000
0.0000000000
0.0000000000
0.0000000000
0.0000000000
0.0000000000
0.0000000000
0.0000000000
0.0000000000
0.0000000000
0.0000000000
0.0000000000
0.0000000000
0.0000000000
0.0000000000
0.0000000000
0.0000000000
0.0000000000
0.0000000000
0.0000000000
0.0000000000
0.0000000000
0.0000000000
0.0000000000
0.0000000000
0.0000000000
0.0000000000
0.0000000000