5000.0721491680
5000.0721491680
5000.0721491680
5000.0721491680
5000.0721491680
5000.0721491680
5000.0721491680
5000.0721491680
5000.0721491680
5000.0721491680
5000.0721491680
5000.0721491680
5000.0721491680
5000.0721491680
5000.0721491680
5000.0721491680
5000.0721491680
5000.0721491680
5000.0721491680
5000.0721491680
5000.0721491680
5000.0721491680
5000.0721491680
5000.0721491680
5000.0721491680
5000.0721491680
5000.0721491680
5000.0721491680
5000.0721491680
5000.0721491680
5000.0721491680
5000.0721491680
5000.0721491680
5000.0721491680
5000.0721491680
5000.0721491680
5000.0721491680
5000.0721491680
5000.0721491680
5000.0721491680
5000.0721491680
5000.0721491680
5000.0721491678
5000.0721491658
5000.0721491370
5000.0721486977
5000.0721409930
5000.0719867847
5000.0688029805
5000.0069141507
4998.9312791121
4981.3414214559
4662.6165499582
1596.0534871539
48.0000000000
0.0000000000
0.0000000000
0.0000000000
0.0000000000
0.0000000000
0.0000000000
0.0000000000
0.0000000000
0.0000000000
0.0000000000
0.0000000000
0.0000000000
0.0000000000
0.0000000000
0.0000000000
0.0000000000
0.0000000000
0.0000000000
0.0000000000
0.0000000000
0.0000000000
0.0000000000
0.0000000000
0.0000000000
0.0000000000
0.0000000000
0.0000000000
0.0000000000
0.0000000000
0.0000000000
0.0000000000
0.0000000000
0.0000000000
0.0000000000
0.0000000000
0.0000000000
0.0000000000
0.0000000000
0.0000000000
0.0000000000
0.0000000000
0.0000000000
0.0000000000
0.0000000000
0.0000000000