4999.9122495454
4999.9122495454
4999.9122495454
4999.9122495454
4999.9122495454
4999.9122495454
4999.9122495454
4999.9122495454
4999.9122495454
4999.9122495454
4999.9122495454
4999.9122495454
4999.9122495454
4999.9122495454
4999.9122495454
4999.9122495454
4999.9122495454
4999.9122495454
4999.9122495454
4999.9122495454
4999.9122495454
4999.9122495454
4999.9122495454
4999.9122495454
4999.9122495454
4999.9122495454
4999.9122495454
4999.9122495454
4999.9122495454
4999.9122495454
4999.9122495454
4999.9122495454
4999.9122495454
4999.9122495454
4999.9122495454
4999.9122495454
4999.9122495454
4999.9122495454
4999.9122495454
4999.9122495454
4999.9122495454
4999.9122495454
4999.9122495454
4999.9122495454
4999.9122495454
4999.9122495453
4999.9122495432
4999.9122495043
4999.9122487885
4999.9122361287
4999.9120132437
4999.9079760014
4999.8330175632
4998.4271611755
4970.9117112494
4379.6572114288
690.1404199286
8.0000000000
0.0000000000
0.0000000000
0.0000000000
0.0000000000
0.0000000000
0.0000000000
0.0000000000
0.0000000000
0.0000000000
0.0000000000
0.0000000000
0.0000000000
0.0000000000
0.0000000000
0.0000000000
0.0000000000
0.0000000000
0.0000000000
0.0000000000
0.0000000000
0.0000000000
0.0000000000
0.0000000000
0.0000000000
0.0000000000
0.0000000000
0.0000000000
0.0000000000
0.0000000000
0.0000000000
0.0000000000
0.0000000000
0.0000000000
0.0000000000
0.0000000000
0.0000000000
0.0000000000
0.0000000000
0.0000000000
0.0000000000
0.0000000000
0.0000000000