0 0.014888
1 0.014888
2 0.014888
3 0.014889
4 0.015004
5 0.023398
6 0.023464
7 0.023464
8 0.023464
9 0.023464
10 0.023464
11 0.023464
12 0.023464
13 0.023464
14 0.023464
15 0.023464
16 0.023464
17 0.023464
18 0.023464
19 0.023464
20 0.023464
21 0.023464
22 0.023464
23 0.023464
24 0.023464
25 0.023464
26 0.023464
27 0.023464
28 0.023464
29 0.023464
30 0.023464
31 0.023464
32 0.023464
33 0.023464
34 0.023464
35 0.023464
36 0.023464
37 0.023464
38 0.023464
39 0.023464
40 0.023464
41 0.023464
42 0.023464
43 0.023464
44 0.023464
45 0.023464
46 0.023464
47 0.023464
48 0.023464
49 0.023464
50 0.023464
51 0.023464
52 0.023464
53 0.023464
54 0.023464
55 0.023464
56 0.023464
57 0.023464
58 0.023464
59 0.023464
60 0.023464
61 0.023464
62 0.023464
63 0.023464
64 0.023464
65 0.023464
66 0.023464
67 0.023464
68 0.023464
69 0.023464
70 0.023464
71 0.023464
72 0.023464
73 0.023464
74 0.023464
75 0.023464
76 0.023464
77 0.023464
78 0.023464
79 0.023464
80 0.023464
81 0.023464
82 0.023464
83 0.023464
84 0.023464
85 0.023464
86 0.023464
87 0.023464
88 0.023464
89 0.023464
90 0.023464
91 0.023464
92 0.023464
93 0.023464
94 0.023464
95 0.023464
96 0.023464
97 0.023464
98 0.023464
99 0.023464
