0 0.015322
1 0.015322
2 0.015322
3 0.015322
4 0.015431
5 0.023399
6 0.023461
7 0.023461
8 0.023461
9 0.023461
10 0.023461
11 0.023461
12 0.023461
13 0.023461
14 0.023461
15 0.023461
16 0.023461
17 0.023461
18 0.023461
19 0.023461
20 0.023461
21 0.023461
22 0.023461
23 0.023461
24 0.023461
25 0.023461
26 0.023461
27 0.023461
28 0.023461
29 0.023461
30 0.023461
31 0.023461
32 0.023461
33 0.023461
34 0.023461
35 0.023461
36 0.023461
37 0.023461
38 0.023461
39 0.023461
40 0.023461
41 0.023461
42 0.023461
43 0.023461
44 0.023461
45 0.023461
46 0.023461
47 0.023461
48 0.023461
49 0.023461
50 0.023461
51 0.023461
52 0.023461
53 0.023461
54 0.023461
55 0.023461
56 0.023461
57 0.023461
58 0.023461
59 0.023461
60 0.023461
61 0.023461
62 0.023461
63 0.023461
64 0.023461
65 0.023461
66 0.023461
67 0.023461
68 0.023461
69 0.023461
70 0.023461
71 0.023461
72 0.023461
73 0.023461
74 0.023461
75 0.023461
76 0.023461
77 0.023461
78 0.023461
79 0.023461
80 0.023461
81 0.023461
82 0.023461
83 0.023461
84 0.023461
85 0.023461
86 0.023461
87 0.023461
88 0.023461
89 0.023461
90 0.023461
91 0.023461
92 0.023461
93 0.023461
94 0.023461
95 0.023461
96 0.023461
97 0.023461
98 0.023461
99 0.023461
