0 0.018208
1 0.018208
2 0.018208
3 0.018209
4 0.018272
5 0.023378
6 0.023413
7 0.023413
8 0.023413
9 0.023413
10 0.023413
11 0.023413
12 0.023413
13 0.023413
14 0.023413
15 0.023413
16 0.023413
17 0.023413
18 0.023413
19 0.023413
20 0.023413
21 0.023413
22 0.023413
23 0.023413
24 0.023413
25 0.023413
26 0.023413
27 0.023413
28 0.023413
29 0.023413
30 0.023413
31 0.023413
32 0.023413
33 0.023413
34 0.023413
35 0.023413
36 0.023413
37 0.023413
38 0.023413
39 0.023413
40 0.023413
41 0.023413
42 0.023413
43 0.023413
44 0.023413
45 0.023413
46 0.023413
47 0.023413
48 0.023413
49 0.023413
50 0.023413
51 0.023413
52 0.023413
53 0.023413
54 0.023413
55 0.023413
56 0.023413
57 0.023413
58 0.023413
59 0.023413
60 0.023413
61 0.023413
62 0.023413
63 0.023413
64 0.023413
65 0.023413
66 0.023413
67 0.023413
68 0.023413
69 0.023413
70 0.023413
71 0.023413
72 0.023413
73 0.023413
74 0.023413
75 0.023413
76 0.023413
77 0.023413
78 0.023413
79 0.023413
80 0.023413
81 0.023413
82 0.023413
83 0.023413
84 0.023413
85 0.023413
86 0.023413
87 0.023413
88 0.023413
89 0.023413
90 0.023413
91 0.023413
92 0.023413
93 0.023413
94 0.023413
95 0.023413
96 0.023413
97 0.023413
98 0.023413
99 0.023413
