5000.2171185355
5000.2171185355
5000.2171185355
5000.2171185355
5000.2171185355
5000.2171185355
5000.2171185355
5000.2171185355
5000.2171185355
5000.2171185355
5000.2171185355
5000.2171185355
5000.2171185355
5000.2171185355
5000.2171185355
5000.2171185355
5000.2171185355
5000.2171185355
5000.2171185355
5000.2171185355
5000.2171185348
5000.2171185237
5000.2171183328
5000.2171148841
5000.2170549618
5000.2161091910
5000.2027529191
5000.0215874729
4997.5498765303
4967.9563578646
4526.1125406583
1001.0368880964
31.0000000000
0.0000000000
0.0000000000
0.0000000000
0.0000000000
0.0000000000
0.0000000000
0.0000000000
0.0000000000
0.0000000000
0.0000000000
0.0000000000
0.0000000000
0.0000000000
0.0000000000
0.0000000000
0.0000000000
0.0000000000
0.0000000000
0.0000000000
0.0000000000
0.0000000000
0.0000000000
0.0000000000
0.0000000000
0.0000000000
0.0000000000
0.0000000000
0.0000000000
0.0000000000
0.0000000000
0.0000000000
0.0000000000
0.0000000000
0.0000000000
0.0000000000
0.0000000000
0.0000000000
0.0000000000
0.0000000000
0.0000000000
0.0000000000
0.0000000000
0.0000000000
0.0000000000
0.0000000000
0.0000000000
0.0000000000
0.0000000000
0.0000000000
0.0000000000
0.0000000000
0.0000000000
0.0000000000
0.0000000000
0.0000000000
0.0000000000
0.0000000000
0.0000000000
0.0000000000
0.0000000000
0.0000000000
0.0000000000
0.0000000000
0.0000000000
0.0000000000
0.0000000000
0.0000000000