5000.0325364395
5000.0325364395
5000.0325364395
5000.0325364395
5000.0325364395
5000.0325364395
5000.0325364395
5000.0325364395
5000.0325364395
5000.0325364395
5000.0325364395
5000.0325364395
5000.0325364395
5000.0325364395
5000.0325364395
5000.0325364395
5000.0325364395
5000.0325364395
5000.0325364395
5000.0325364392
5000.0325364352
5000.0325363751
5000.0325353515
5000.0325166654
5000.0321814949
5000.0266907164
4999.9480845690
4998.8908193850
4983.7918605311
4817.1216610282
2897.0193618463
133.0868392633
1.0000000000
0.0000000000
0.0000000000
0.0000000000
0.0000000000
0.0000000000
0.0000000000
0.0000000000
0.0000000000
0.0000000000
0.0000000000
0.0000000000
0.0000000000
0.0000000000
0.0000000000
0.0000000000
0.0000000000
0.0000000000
0.0000000000
0.0000000000
0.0000000000
0.0000000000
0.0000000000
0.0000000000
0.0000000000
0.0000000000
0.0000000000
0.0000000000
0.0000000000
0.0000000000
0.0000000000
0.0000000000
0.0000000000
0.0000000000
0.0000000000
0.0000000000
0.0000000000
0.0000000000
0.0000000000
0.0000000000
0.0000000000
0.0000000000
0.0000000000
0.0000000000
0.0000000000
0.0000000000
0.0000000000
0.0000000000
0.0000000000
0.0000000000
0.0000000000
0.0000000000
0.0000000000
0.0000000000
0.0000000000
0.0000000000
0.0000000000
0.0000000000
0.0000000000
0.0000000000
0.0000000000
0.0000000000
0.0000000000
0.0000000000
0.0000000000
0.0000000000
0.0000000000
0.0000000000