5000.0663964062
5000.0663964062
5000.0663964062
5000.0663964062
5000.0663964062
5000.0663964062
5000.0663964062
5000.0663964062
5000.0663964062
5000.0663964062
5000.0663964062
5000.0663964062
5000.0663964062
5000.0663964062
5000.0663964062
5000.0663964062
5000.0663964062
5000.0663964062
5000.0663964062
5000.0663964062
5000.0663964062
5000.0663964062
5000.0663964062
5000.0663964062
5000.0663964062
5000.0663964062
5000.0663964062
5000.0663964062
5000.0663964062
5000.0663964062
5000.0663964062
5000.0663964062
5000.0663964062
5000.0663964062
5000.0663964062
5000.0663964062
5000.0663964062
5000.0663964062
5000.0663964062
5000.0663964062
5000.0663964062
5000.0663964062
5000.0663964062
5000.0663964062
5000.0663964062
5000.0663964062
5000.0663964062
5000.0663964061
5000.0663964053
5000.0663963901
5000.0663961135
5000.0663909087
5000.0662899298
5000.0642569233
5000.0218492899
4999.1213222633
4979.8631965366
4570.4132966120
1633.0135875932
110.0000000000
0.0000000000
0.0000000000
0.0000000000
0.0000000000
0.0000000000
0.0000000000
0.0000000000
0.0000000000
0.0000000000
0.0000000000
0.0000000000
0.0000000000
0.0000000000
0.0000000000
0.0000000000
0.0000000000
0.0000000000
0.0000000000
0.0000000000
0.0000000000
0.0000000000
0.0000000000
0.0000000000
0.0000000000
0.0000000000
0.0000000000
0.0000000000
0.0000000000
0.0000000000
0.0000000000
0.0000000000
0.0000000000
0.0000000000
0.0000000000
0.0000000000
0.0000000000
0.0000000000
0.0000000000
0.0000000000
0.0000000000