0 0.000001
1 0.000001
2 0.000317
3 0.111394
4 27.543985
5 4101.421161
6 4161.462545
7 4161.790250
8 4161.791387
9 4161.791389
10 4161.791389
11 4161.791389
12 4161.791389
13 4161.791389
14 4161.791389
15 4161.791389
16 4161.791389
17 4161.791389
18 4161.791389
19 4161.791389
20 4161.791389
21 4161.791389
22 4161.791389
23 4161.791389
24 4161.791389
25 4161.791389
26 4161.791389
27 4161.791389
28 4161.791389
29 4161.791389
30 4161.791389
31 4161.791389
32 4161.791389
33 4161.791389
34 4161.791389
35 4161.791389
36 4161.791389
37 4161.791389
38 4161.791389
39 4161.791389
40 4161.791389
41 4161.791389
42 4161.791389
43 4161.791389
44 4161.791389
45 4161.791389
46 4161.791389
47 4161.791389
48 4161.791389
49 4161.791389
50 4161.791389
51 4161.791389
52 4161.791389
53 4161.791389
54 4161.791389
55 4161.791389
56 4161.791389
57 4161.791389
58 4161.791389
59 4161.791389
60 4161.791389
61 4161.791389
62 4161.791389
63 4161.791389
64 4161.791389
65 4161.791389
66 4161.791389
67 4161.791389
68 4161.791389
69 4161.791389
70 4161.791389
71 4161.791389
72 4161.791389
73 4161.791389
74 4161.791389
75 4161.791389
76 4161.791389
77 4161.791389
78 4161.791389
79 4161.791389
80 4161.791389
81 4161.791389
82 4161.791389
83 4161.791389
84 4161.791389
85 4161.791389
86 4161.791389
87 4161.791389
88 4161.791389
89 4161.791389
90 4161.791389
91 4161.791389
92 4161.791389
93 4161.791389
94 4161.791389
95 4161.791389
96 4161.791389
97 4161.791389
98 4161.791389
99 4161.791389
