0 0.000006
1 0.000006
2 0.001479
3 0.285280
4 40.690089
5 3998.021427
6 4158.186776
7 4159.723030
8 4159.732261
9 4159.732302
10 4159.732303
11 4159.732303
12 4159.732303
13 4159.732303
14 4159.732303
15 4159.732303
16 4159.732303
17 4159.732303
18 4159.732303
19 4159.732303
20 4159.732303
21 4159.732303
22 4159.732303
23 4159.732303
24 4159.732303
25 4159.732303
26 4159.732303
27 4159.732303
28 4159.732303
29 4159.732303
30 4159.732303
31 4159.732303
32 4159.732303
33 4159.732303
34 4159.732303
35 4159.732303
36 4159.732303
37 4159.732303
38 4159.732303
39 4159.732303
40 4159.732303
41 4159.732303
42 4159.732303
43 4159.732303
44 4159.732303
45 4159.732303
46 4159.732303
47 4159.732303
48 4159.732303
49 4159.732303
50 4159.732303
51 4159.732303
52 4159.732303
53 4159.732303
54 4159.732303
55 4159.732303
56 4159.732303
57 4159.732303
58 4159.732303
59 4159.732303
60 4159.732303
61 4159.732303
62 4159.732303
63 4159.732303
64 4159.732303
65 4159.732303
66 4159.732303
67 4159.732303
68 4159.732303
69 4159.732303
70 4159.732303
71 4159.732303
72 4159.732303
73 4159.732303
74 4159.732303
75 4159.732303
76 4159.732303
77 4159.732303
78 4159.732303
79 4159.732303
80 4159.732303
81 4159.732303
82 4159.732303
83 4159.732303
84 4159.732303
85 4159.732303
86 4159.732303
87 4159.732303
88 4159.732303
89 4159.732303
90 4159.732303
91 4159.732303
92 4159.732303
93 4159.732303
94 4159.732303
95 4159.732303
96 4159.732303
97 4159.732303
98 4159.732303
99 4159.732303
