0 0.000004
1 0.000004
2 0.001072
3 0.235673
4 37.787156
5 4033.307730
6 4158.797469
7 4159.849387
8 4159.854881
9 4159.854902
10 4159.854902
11 4159.854902
12 4159.854902
13 4159.854902
14 4159.854902
15 4159.854902
16 4159.854902
17 4159.854902
18 4159.854902
19 4159.854902
20 4159.854902
21 4159.854902
22 4159.854902
23 4159.854902
24 4159.854902
25 4159.854902
26 4159.854902
27 4159.854902
28 4159.854902
29 4159.854902
30 4159.854902
31 4159.854902
32 4159.854902
33 4159.854902
34 4159.854902
35 4159.854902
36 4159.854902
37 4159.854902
38 4159.854902
39 4159.854902
40 4159.854902
41 4159.854902
42 4159.854902
43 4159.854902
44 4159.854902
45 4159.854902
46 4159.854902
47 4159.854902
48 4159.854902
49 4159.854902
50 4159.854902
51 4159.854902
52 4159.854902
53 4159.854902
54 4159.854902
55 4159.854902
56 4159.854902
57 4159.854902
58 4159.854902
59 4159.854902
60 4159.854902
61 4159.854902
62 4159.854902
63 4159.854902
64 4159.854902
65 4159.854902
66 4159.854902
67 4159.854902
68 4159.854902
69 4159.854902
70 4159.854902
71 4159.854902
72 4159.854902
73 4159.854902
74 4159.854902
75 4159.854902
76 4159.854902
77 4159.854902
78 4159.854902
79 4159.854902
80 4159.854902
81 4159.854902
82 4159.854902
83 4159.854902
84 4159.854902
85 4159.854902
86 4159.854902
87 4159.854902
88 4159.854902
89 4159.854902
90 4159.854902
91 4159.854902
92 4159.854902
93 4159.854902
94 4159.854902
95 4159.854902
96 4159.854902
97 4159.854902
98 4159.854902
99 4159.854902
