0 0.000028
1 0.000028
2 0.004178
3 0.505785
4 48.539224
5 3653.652082
6 4151.449072
7 4159.568945
8 4159.654044
9 4159.654714
10 4159.654719
11 4159.654719
12 4159.654719
13 4159.654719
14 4159.654719
15 4159.654719
16 4159.654719
17 4159.654719
18 4159.654719
19 4159.654719
20 4159.654719
21 4159.654719
22 4159.654719
23 4159.654719
24 4159.654719
25 4159.654719
26 4159.654719
27 4159.654719
28 4159.654719
29 4159.654719
30 4159.654719
31 4159.654719
32 4159.654719
33 4159.654719
34 4159.654719
35 4159.654719
36 4159.654719
37 4159.654719
38 4159.654719
39 4159.654719
40 4159.654719
41 4159.654719
42 4159.654719
43 4159.654719
44 4159.654719
45 4159.654719
46 4159.654719
47 4159.654719
48 4159.654719
49 4159.654719
50 4159.654719
51 4159.654719
52 4159.654719
53 4159.654719
54 4159.654719
55 4159.654719
56 4159.654719
57 4159.654719
58 4159.654719
59 4159.654719
60 4159.654719
61 4159.654719
62 4159.654719
63 4159.654719
64 4159.654719
65 4159.654719
66 4159.654719
67 4159.654719
68 4159.654719
69 4159.654719
70 4159.654719
71 4159.654719
72 4159.654719
73 4159.654719
74 4159.654719
75 4159.654719
76 4159.654719
77 4159.654719
78 4159.654719
79 4159.654719
80 4159.654719
81 4159.654719
82 4159.654719
83 4159.654719
84 4159.654719
85 4159.654719
86 4159.654719
87 4159.654719
88 4159.654719
89 4159.654719
90 4159.654719
91 4159.654719
92 4159.654719
93 4159.654719
94 4159.654719
95 4159.654719
96 4159.654719
97 4159.654719
98 4159.654719
99 4159.654719
