0 0.000000
1 0.000000
2 0.000027
3 0.023042
4 13.318604
5 4158.614511
6 4178.355584
7 4178.412725
8 4178.412898
9 4178.412899
10 4178.412899
11 4178.412899
12 4178.412899
13 4178.412899
14 4178.412899
15 4178.412899
16 4178.412899
17 4178.412899
18 4178.412899
19 4178.412899
20 4178.412899
21 4178.412899
22 4178.412899
23 4178.412899
24 4178.412899
25 4178.412899
26 4178.412899
27 4178.412899
28 4178.412899
29 4178.412899
30 4178.412899
31 4178.412899
32 4178.412899
33 4178.412899
34 4178.412899
35 4178.412899
36 4178.412899
37 4178.412899
38 4178.412899
39 4178.412899
40 4178.412899
41 4178.412899
42 4178.412899
43 4178.412899
44 4178.412899
45 4178.412899
46 4178.412899
47 4178.412899
48 4178.412899
49 4178.412899
50 4178.412899
51 4178.412899
52 4178.412899
53 4178.412899
54 4178.412899
55 4178.412899
56 4178.412899
57 4178.412899
58 4178.412899
59 4178.412899
60 4178.412899
61 4178.412899
62 4178.412899
63 4178.412899
64 4178.412899
65 4178.412899
66 4178.412899
67 4178.412899
68 4178.412899
69 4178.412899
70 4178.412899
71 4178.412899
72 4178.412899
73 4178.412899
74 4178.412899
75 4178.412899
76 4178.412899
77 4178.412899
78 4178.412899
79 4178.412899
80 4178.412899
81 4178.412899
82 4178.412899
83 4178.412899
84 4178.412899
85 4178.412899
86 4178.412899
87 4178.412899
88 4178.412899
89 4178.412899
90 4178.412899
91 4178.412899
92 4178.412899
93 4178.412899
94 4178.412899
95 4178.412899
96 4178.412899
97 4178.412899
98 4178.412899
99 4178.412899
