4999.8682479739
4999.8682479739
4999.8682479739
4999.8682479739
4999.8682479739
4999.8682479739
4999.8682479739
4999.8682479739
4999.8682479739
4999.8682479739
4999.8682479739
4999.8682479739
4999.8682479739
4999.8682479739
4999.8682479738
4999.8682479734
4999.8682479672
4999.8682478803
4999.8682465690
4999.8682263975
4999.8679253235
4999.8636065512
4999.8017759049
4998.8872492852
4986.2390980947
4849.1522299780
2910.9138959318
277.1499969446
1.0000000000
0.0000000000
0.0000000000
0.0000000000
0.0000000000
0.0000000000
0.0000000000
0.0000000000
0.0000000000
0.0000000000
0.0000000000
0.0000000000
0.0000000000
0.0000000000
0.0000000000
0.0000000000
0.0000000000
0.0000000000
0.0000000000
0.0000000000
0.0000000000
0.0000000000
0.0000000000
0.0000000000
0.0000000000
0.0000000000
0.0000000000
0.0000000000
0.0000000000
0.0000000000
0.0000000000
0.0000000000
0.0000000000
0.0000000000
0.0000000000
0.0000000000
0.0000000000
0.0000000000
0.0000000000
0.0000000000
0.0000000000
0.0000000000
0.0000000000
0.0000000000
0.0000000000
0.0000000000
0.0000000000
0.0000000000
0.0000000000
0.0000000000
0.0000000000
0.0000000000
0.0000000000
0.0000000000
0.0000000000
0.0000000000
0.0000000000
0.0000000000
0.0000000000
0.0000000000
0.0000000000
0.0000000000
0.0000000000
0.0000000000
0.0000000000
0.0000000000
0.0000000000
0.0000000000
0.0000000000
0.0000000000
0.0000000000
0.0000000000