4999.9963587604
4999.9963587604
4999.9963587604
4999.9963587604
4999.9963587604
4999.9963587604
4999.9963587604
4999.9963587604
4999.9963587604
4999.9963587604
4999.9963587604
4999.9963587604
4999.9963587604
4999.9963587604
4999.9963587604
4999.9963587604
4999.9963587604
4999.9963587604
4999.9963587604
4999.9963587604
4999.9963587603
4999.9963587598
4999.9963587516
4999.9963586362
4999.9963569380
4999.9963307073
4999.9958980392
4999.9879461269
4999.8295952753
4996.8528883901
4946.0637437415
3949.5338398860
804.0573996232
6.0000000000
0.0000000000
0.0000000000
0.0000000000
0.0000000000
0.0000000000
0.0000000000
0.0000000000
0.0000000000
0.0000000000
0.0000000000
0.0000000000
0.0000000000
0.0000000000
0.0000000000
0.0000000000
0.0000000000
0.0000000000
0.0000000000
0.0000000000
0.0000000000
0.0000000000
0.0000000000
0.0000000000
0.0000000000
0.0000000000
0.0000000000
0.0000000000
0.0000000000
0.0000000000
0.0000000000
0.0000000000
0.0000000000
0.0000000000
0.0000000000
0.0000000000
0.0000000000
0.0000000000
0.0000000000
0.0000000000
0.0000000000
0.0000000000
0.0000000000
0.0000000000
0.0000000000
0.0000000000
0.0000000000
0.0000000000
0.0000000000
0.0000000000
0.0000000000
0.0000000000
0.0000000000
0.0000000000
0.0000000000
0.0000000000
0.0000000000
0.0000000000
0.0000000000
0.0000000000
0.0000000000
0.0000000000
0.0000000000
0.0000000000
0.0000000000
0.0000000000
0.0000000000