4999.9661739312
4999.9661739312
4999.9661739312
4999.9661739312
4999.9661739312
4999.9661739312
4999.9661739312
4999.9661739312
4999.9661739312
4999.9661739312
4999.9661739312
4999.9661739312
4999.9661739312
4999.9661739312
4999.9661739312
4999.9661739312
4999.9661739312
4999.9661739312
4999.9661739312
4999.9661739312
4999.9661739312
4999.9661739312
4999.9661739311
4999.9661739305
4999.9661739208
4999.9661737581
4999.9661708270
4999.9661153105
4999.9650702639
4999.9461309158
4999.6128954637
4994.1113638307
4911.5479426114
3247.6745062387
458.2069278419
6.0000000000
0.0000000000
0.0000000000
0.0000000000
0.0000000000
0.0000000000
0.0000000000
0.0000000000
0.0000000000
0.0000000000
0.0000000000
0.0000000000
0.0000000000
0.0000000000
0.0000000000
0.0000000000
0.0000000000
0.0000000000
0.0000000000
0.0000000000
0.0000000000
0.0000000000
0.0000000000
0.0000000000
0.0000000000
0.0000000000
0.0000000000
0.0000000000
0.0000000000
0.0000000000
0.0000000000
0.0000000000
0.0000000000
0.0000000000
0.0000000000
0.0000000000
0.0000000000
0.0000000000
0.0000000000
0.0000000000
0.0000000000
0.0000000000
0.0000000000
0.0000000000
0.0000000000
0.0000000000
0.0000000000
0.0000000000
0.0000000000
0.0000000000
0.0000000000
0.0000000000
0.0000000000
0.0000000000
0.0000000000
0.0000000000
0.0000000000
0.0000000000
0.0000000000
0.0000000000
0.0000000000
0.0000000000
0.0000000000
0.0000000000
0.0000000000