4999.9062518945
4999.9062518945
4999.9062518945
4999.9062518945
4999.9062518945
4999.9062518945
4999.9062518945
4999.9062518945
4999.9062518945
4999.9062518945
4999.9062518945
4999.9062518945
4999.9062518945
4999.9062518945
4999.9062518945
4999.9062518945
4999.9062518945
4999.9062518945
4999.9062518945
4999.9062518945
4999.9062518945
4999.9062518945
4999.9062518945
4999.9062518945
4999.9062518945
4999.9062518934
4999.9062518736
4999.9062515055
4999.9062448461
4999.9061284850
4999.9041520630
4999.8706288457
4999.2827421537
4989.5608348874
4868.3883918111
3278.8195803601
262.2022762751
8.0000000000
0.0000000000
0.0000000000
0.0000000000
0.0000000000
0.0000000000
0.0000000000
0.0000000000
0.0000000000
0.0000000000
0.0000000000
0.0000000000
0.0000000000
0.0000000000
0.0000000000
0.0000000000
0.0000000000
0.0000000000
0.0000000000
0.0000000000
0.0000000000
0.0000000000
0.0000000000
0.0000000000
0.0000000000
0.0000000000
0.0000000000
0.0000000000
0.0000000000
0.0000000000
0.0000000000
0.0000000000
0.0000000000
0.0000000000
0.0000000000
0.0000000000
0.0000000000
0.0000000000
0.0000000000
0.0000000000
0.0000000000
0.0000000000
0.0000000000
0.0000000000
0.0000000000
0.0000000000
0.0000000000
0.0000000000
0.0000000000
0.0000000000
0.0000000000
0.0000000000
0.0000000000
0.0000000000
0.0000000000
0.0000000000
0.0000000000
0.0000000000
0.0000000000
0.0000000000
0.0000000000
0.0000000000
0.0000000000