4999.9571023421
4999.9571023421
4999.9571023421
4999.9571023421
4999.9571023421
4999.9571023421
4999.9571023421
4999.9571023421
4999.9571023421
4999.9571023421
4999.9571023421
4999.9571023421
4999.9571023421
4999.9571023421
4999.9571023421
4999.9571023421
4999.9571023421
4999.9571023421
4999.9571023421
4999.9571023421
4999.9571023421
4999.9571023421
4999.9571023421
4999.9571023421
4999.9571023421
4999.9571023421
4999.9571023421
4999.9571023421
4999.9571023419
4999.9571023376
4999.9571022673
4999.9571011368
4999.9570836151
4999.9568128414
4999.9523284405
4999.8721301737
4998.4380269864
4973.2965803016
4520.8455482496
1571.0328238788
33.0000000000
0.0000000000
0.0000000000
0.0000000000
0.0000000000
0.0000000000
0.0000000000
0.0000000000
0.0000000000
0.0000000000
0.0000000000
0.0000000000
0.0000000000
0.0000000000
0.0000000000
0.0000000000
0.0000000000
0.0000000000
0.0000000000
0.0000000000
0.0000000000
0.0000000000
0.0000000000
0.0000000000
0.0000000000
0.0000000000
0.0000000000
0.0000000000
0.0000000000
0.0000000000
0.0000000000
0.0000000000
0.0000000000
0.0000000000
0.0000000000
0.0000000000
0.0000000000
0.0000000000
0.0000000000
0.0000000000
0.0000000000
0.0000000000
0.0000000000
0.0000000000
0.0000000000
0.0000000000
0.0000000000
0.0000000000
0.0000000000
0.0000000000
0.0000000000
0.0000000000
0.0000000000
0.0000000000
0.0000000000
0.0000000000
0.0000000000
0.0000000000
0.0000000000
0.0000000000