4999.9990820638
4999.9990820638
4999.9990820638
4999.9990820638
4999.9990820638
4999.9990820638
4999.9990820638
4999.9990820638
4999.9990820638
4999.9990820638
4999.9990820638
4999.9990820638
4999.9990820638
4999.9990820638
4999.9990820638
4999.9990820638
4999.9990820638
4999.9990820638
4999.9990820638
4999.9990820638
4999.9990820638
4999.9990820638
4999.9990820638
4999.9990820638
4999.9990820638
4999.9990820638
4999.9990820638
4999.9990820638
4999.9990820638
4999.9990820638
4999.9990820637
4999.9990820626
4999.9990820445
4999.9990817410
4999.9990764386
4999.9989827452
4999.9973572712
4999.9700262031
4999.5190311022
4991.4801702610
4834.9562680375
3392.1553767739
866.0118844984
34.0000000000
0.0000000000
0.0000000000
0.0000000000
0.0000000000
0.0000000000
0.0000000000
0.0000000000
0.0000000000
0.0000000000
0.0000000000
0.0000000000
0.0000000000
0.0000000000
0.0000000000
0.0000000000
0.0000000000
0.0000000000
0.0000000000
0.0000000000
0.0000000000
0.0000000000
0.0000000000
0.0000000000
0.0000000000
0.0000000000
0.0000000000
0.0000000000
0.0000000000
0.0000000000
0.0000000000
0.0000000000
0.0000000000
0.0000000000
0.0000000000
0.0000000000
0.0000000000
0.0000000000
0.0000000000
0.0000000000
0.0000000000
0.0000000000
0.0000000000
0.0000000000
0.0000000000
0.0000000000
0.0000000000
0.0000000000
0.0000000000
0.0000000000
0.0000000000
0.0000000000
0.0000000000
0.0000000000
0.0000000000
0.0000000000
0.0000000000