4999.8917173947
4999.8917173947
4999.8917173947
4999.8917173947
4999.8917173947
4999.8917173947
4999.8917173947
4999.8917173947
4999.8917173947
4999.8917173947
4999.8917173947
4999.8917173947
4999.8917173947
4999.8917173947
4999.8917173947
4999.8917173947
4999.8917173947
4999.8917173947
4999.8917173947
4999.8917173947
4999.8917173947
4999.8917173947
4999.8917173947
4999.8917173947
4999.8917173947
4999.8917173947
4999.8917173947
4999.8917173947
4999.8917173947
4999.8917173947
4999.8917173947
4999.8917173945
4999.8917173912
4999.8917173353
4999.8917163571
4999.8916991910
4999.8914041853
4999.8864507803
4999.8026314209
4998.2972119695
4972.4070791637
4684.2932186983
3126.1358069068
380.4215889818
9.0000000000
0.0000000000
0.0000000000
0.0000000000
0.0000000000
0.0000000000
0.0000000000
0.0000000000
0.0000000000
0.0000000000
0.0000000000
0.0000000000
0.0000000000
0.0000000000
0.0000000000
0.0000000000
0.0000000000
0.0000000000
0.0000000000
0.0000000000
0.0000000000
0.0000000000
0.0000000000
0.0000000000
0.0000000000
0.0000000000
0.0000000000
0.0000000000
0.0000000000
0.0000000000
0.0000000000
0.0000000000
0.0000000000
0.0000000000
0.0000000000
0.0000000000
0.0000000000
0.0000000000
0.0000000000
0.0000000000
0.0000000000
0.0000000000
0.0000000000
0.0000000000
0.0000000000
0.0000000000
0.0000000000
0.0000000000
0.0000000000
0.0000000000
0.0000000000
0.0000000000
0.0000000000
0.0000000000
0.0000000000
0.0000000000