4999.9855264064
4999.9855264064
4999.9855264064
4999.9855264064
4999.9855264064
4999.9855264064
4999.9855264064
4999.9855264064
4999.9855264064
4999.9855264064
4999.9855264064
4999.9855264064
4999.9855264064
4999.9855264064
4999.9855264064
4999.9855264064
4999.9855264064
4999.9855264064
4999.9855264064
4999.9855264064
4999.9855264064
4999.9855264064
4999.9855264064
4999.9855264064
4999.9855264064
4999.9855264064
4999.9855264064
4999.9855264064
4999.9855264064
4999.9855264064
4999.9855264064
4999.9855264064
4999.9855264062
4999.9855264043
4999.9855263712
4999.9855257966
4999.9855160087
4999.9853500576
4999.9825069346
4999.9350085985
4999.2568264717
4992.2039813829
4931.5723045567
4172.6020361848
1014.0397956705
24.0000000000
0.0000000000
0.0000000000
0.0000000000
0.0000000000
0.0000000000
0.0000000000
0.0000000000
0.0000000000
0.0000000000
0.0000000000
0.0000000000
0.0000000000
0.0000000000
0.0000000000
0.0000000000
0.0000000000
0.0000000000
0.0000000000
0.0000000000
0.0000000000
0.0000000000
0.0000000000
0.0000000000
0.0000000000
0.0000000000
0.0000000000
0.0000000000
0.0000000000
0.0000000000
0.0000000000
0.0000000000
0.0000000000
0.0000000000
0.0000000000
0.0000000000
0.0000000000
0.0000000000
0.0000000000
0.0000000000
0.0000000000
0.0000000000
0.0000000000
0.0000000000
0.0000000000
0.0000000000
0.0000000000
0.0000000000
0.0000000000
0.0000000000
0.0000000000
0.0000000000
0.0000000000
0.0000000000
0.0000000000