5000.0712769607
5000.0712769607
5000.0712769607
5000.0712769607
5000.0712769607
5000.0712769607
5000.0712769607
5000.0712769607
5000.0712769607
5000.0712769607
5000.0712769607
5000.0712769607
5000.0712769607
5000.0712769607
5000.0712769607
5000.0712769607
5000.0712769607
5000.0712769607
5000.0712769607
5000.0712769607
5000.0712769607
5000.0712769607
5000.0712769607
5000.0712769607
5000.0712769607
5000.0712769607
5000.0712769607
5000.0712769607
5000.0712769607
5000.0712769607
5000.0712769607
5000.0712769607
5000.0712769607
5000.0712769607
5000.0712769607
5000.0712769607
5000.0712769606
5000.0712769606
5000.0712769603
5000.0712769560
5000.0712769069
5000.0712763114
5000.0712680382
5000.0711429004
5000.0692618703
5000.0431833831
4999.7128999673
4994.8686226588
4901.1060398736
3816.2507897015
291.1428809444
7.0000000000
0.0000000000
0.0000000000
0.0000000000
0.0000000000
0.0000000000
0.0000000000
0.0000000000
0.0000000000
0.0000000000
0.0000000000
0.0000000000
0.0000000000
0.0000000000
0.0000000000
0.0000000000
0.0000000000
0.0000000000
0.0000000000
0.0000000000
0.0000000000
0.0000000000
0.0000000000
0.0000000000
0.0000000000
0.0000000000
0.0000000000
0.0000000000
0.0000000000
0.0000000000
0.0000000000
0.0000000000
0.0000000000
0.0000000000
0.0000000000
0.0000000000
0.0000000000
0.0000000000
0.0000000000
0.0000000000
0.0000000000
0.0000000000
0.0000000000
0.0000000000
0.0000000000
0.0000000000
0.0000000000
0.0000000000
0.0000000000