5000.0616747526
5000.0616747526
5000.0616747526
5000.0616747526
5000.0616747526
5000.0616747526
5000.0616747526
5000.0616747526
5000.0616747526
5000.0616747526
5000.0616747526
5000.0616747526
5000.0616747526
5000.0616747526
5000.0616747526
5000.0616747526
5000.0616747526
5000.0616747526
5000.0616747526
5000.0616747526
5000.0616747526
5000.0616747526
5000.0616747526
5000.0616747526
5000.0616747526
5000.0616747526
5000.0616747526
5000.0616747526
5000.0616747526
5000.0616747526
5000.0616747526
5000.0616747526
5000.0616747526
5000.0616747526
5000.0616747526
5000.0616747519
5000.0616747412
5000.0616745652
5000.0616718432
5000.0616343918
5000.0611970920
5000.0566708473
5000.0051566291
4999.2869010128
4988.2856861068
4801.9070773891
2816.4941514331
504.0744881505
2.0000000000
0.0000000000
0.0000000000
0.0000000000
0.0000000000
0.0000000000
0.0000000000
0.0000000000
0.0000000000
0.0000000000
0.0000000000
0.0000000000
0.0000000000
0.0000000000
0.0000000000
0.0000000000
0.0000000000
0.0000000000
0.0000000000
0.0000000000
0.0000000000
0.0000000000
0.0000000000
0.0000000000
0.0000000000
0.0000000000
0.0000000000
0.0000000000
0.0000000000
0.0000000000
0.0000000000
0.0000000000
0.0000000000
0.0000000000
0.0000000000
0.0000000000
0.0000000000
0.0000000000
0.0000000000
0.0000000000
0.0000000000
0.0000000000
0.0000000000
0.0000000000
0.0000000000
0.0000000000
0.0000000000
0.0000000000
0.0000000000
0.0000000000
0.0000000000
0.0000000000