5000.0077344853
5000.0077344853
5000.0077344853
5000.0077344853
5000.0077344853
5000.0077344853
5000.0077344853
5000.0077344853
5000.0077344853
5000.0077344853
5000.0077344853
5000.0077344853
5000.0077344853
5000.0077344853
5000.0077344853
5000.0077344853
5000.0077344853
5000.0077344853
5000.0077344853
5000.0077344853
5000.0077344853
5000.0077344853
5000.0077344853
5000.0077344853
5000.0077344853
5000.0077344853
5000.0077344853
5000.0077344853
5000.0077344853
5000.0077344853
5000.0077344853
5000.0077344853
5000.0077344853
5000.0077344853
5000.0077344853
5000.0077344853
5000.0077344853
5000.0077344853
5000.0077344853
5000.0077344853
5000.0077344853
5000.0077344853
5000.0077344853
5000.0077344853
5000.0077344853
5000.0077344852
5000.0077344829
5000.0077344442
5000.0077337983
5000.0077235678
5000.0075700520
5000.0053090164
4999.9699755276
4999.3355114443
4987.2289092288
4786.2960797739
2135.0455804461
98.0000000000
0.0000000000
0.0000000000
0.0000000000
0.0000000000
0.0000000000
0.0000000000
0.0000000000
0.0000000000
0.0000000000
0.0000000000
0.0000000000
0.0000000000
0.0000000000
0.0000000000
0.0000000000
0.0000000000
0.0000000000
0.0000000000
0.0000000000
0.0000000000
0.0000000000
0.0000000000
0.0000000000
0.0000000000
0.0000000000
0.0000000000
0.0000000000
0.0000000000
0.0000000000
0.0000000000
0.0000000000
0.0000000000
0.0000000000
0.0000000000
0.0000000000
0.0000000000
0.0000000000
0.0000000000
0.0000000000
0.0000000000
0.0000000000
0.0000000000