5000.0607156396
5000.0607156396
5000.0607156396
5000.0607156396
5000.0607156396
5000.0607156396
5000.0607156396
5000.0607156396
5000.0607156396
5000.0607156396
5000.0607156396
5000.0607156396
5000.0607156396
5000.0607156396
5000.0607156396
5000.0607156396
5000.0607156396
5000.0607156396
5000.0607156396
5000.0607156396
5000.0607156396
5000.0607156396
5000.0607156396
5000.0607156396
5000.0607156396
5000.0607156396
5000.0607156396
5000.0607156396
5000.0607156396
5000.0607156396
5000.0607156396
5000.0607156396
5000.0607156396
5000.0607156396
5000.0607156396
5000.0607156396
5000.0607156396
5000.0607156396
5000.0607156396
5000.0607156396
5000.0607156395
5000.0607156394
5000.0607156381
5000.0607156185
5000.0607153411
5000.0607113826
5000.0606506787
5000.0596387180
5000.0419436828
4999.7199473159
4994.1500116151
4916.0568274590
3754.4119156839
796.0693408768
6.0000000000
0.0000000000
0.0000000000
0.0000000000
0.0000000000
0.0000000000
0.0000000000
0.0000000000
0.0000000000
0.0000000000
0.0000000000
0.0000000000
0.0000000000
0.0000000000
0.0000000000
0.0000000000
0.0000000000
0.0000000000
0.0000000000
0.0000000000
0.0000000000
0.0000000000
0.0000000000
0.0000000000
0.0000000000
0.0000000000
0.0000000000
0.0000000000
0.0000000000
0.0000000000
0.0000000000
0.0000000000
0.0000000000
0.0000000000
0.0000000000
0.0000000000
0.0000000000
0.0000000000
0.0000000000
0.0000000000
0.0000000000
0.0000000000
0.0000000000
0.0000000000
0.0000000000
0.0000000000