4999.9995013739
4999.9995013739
4999.9995013739
4999.9995013739
4999.9995013739
4999.9995013739
4999.9995013739
4999.9995013739
4999.9995013739
4999.9995013739
4999.9995013739
4999.9995013739
4999.9995013739
4999.9995013739
4999.9995013739
4999.9995013739
4999.9995013739
4999.9995013739
4999.9995013739
4999.9995013739
4999.9995013739
4999.9995013739
4999.9995013739
4999.9995013739
4999.9995013739
4999.9995013739
4999.9995013739
4999.9995013739
4999.9995013739
4999.9995013739
4999.9995013739
4999.9995013739
4999.9995013739
4999.9995013739
4999.9995013739
4999.9995013739
4999.9995013739
4999.9995013739
4999.9995013739
4999.9995013739
4999.9995013739
4999.9995013739
4999.9995013739
4999.9995013738
4999.9995013723
4999.9995013499
4999.9995009821
4999.9994946388
4999.9993839734
4999.9975169412
4999.9683168011
4999.5404572764
4993.4937131357
4913.3965346483
3182.4405598944
255.0877756590
2.0000000000
0.0000000000
0.0000000000
0.0000000000
0.0000000000
0.0000000000
0.0000000000
0.0000000000
0.0000000000
0.0000000000
0.0000000000
0.0000000000
0.0000000000
0.0000000000
0.0000000000
0.0000000000
0.0000000000
0.0000000000
0.0000000000
0.0000000000
0.0000000000
0.0000000000
0.0000000000
0.0000000000
0.0000000000
0.0000000000
0.0000000000
0.0000000000
0.0000000000
0.0000000000
0.0000000000
0.0000000000
0.0000000000
0.0000000000
0.0000000000
0.0000000000
0.0000000000
0.0000000000
0.0000000000
0.0000000000
0.0000000000
0.0000000000
0.0000000000
0.0000000000