4999.9448132498
4999.9448132498
4999.9448132498
4999.9448132498
4999.9448132498
4999.9448132498
4999.9448132498
4999.9448132498
4999.9448132498
4999.9448132498
4999.9448132498
4999.9448132498
4999.9448132498
4999.9448132498
4999.9448132498
4999.9448132498
4999.9448132498
4999.9448132498
4999.9448132498
4999.9448132498
4999.9448132498
4999.9448132498
4999.9448132498
4999.9448132498
4999.9448132498
4999.9448132498
4999.9448132498
4999.9448132498
4999.9448132498
4999.9448132498
4999.9448132498
4999.9448132498
4999.9448132498
4999.9448132498
4999.9448132498
4999.9448132498
4999.9448132498
4999.9448132498
4999.9448132498
4999.9448132498
4999.9448132498
4999.9448132498
4999.9448132498
4999.9448132498
4999.9448132498
4999.9448132498
4999.9448132498
4999.9448132498
4999.9448132498
4999.9448132498
4999.9448132498
4999.9448132498
4999.9448132495
4999.9448132435
4999.9448131380
4999.9448112923
4999.9447805260
4999.9443148931
4999.9381040747
4999.8611214175
4998.8857422265
4986.5359365249
4799.2919665520
2288.0378894961
179.0000000000
7.0000000000
1.0000000000
0.0000000000
0.0000000000
0.0000000000
0.0000000000
0.0000000000
0.0000000000
0.0000000000
0.0000000000
0.0000000000
0.0000000000
0.0000000000
0.0000000000
0.0000000000
0.0000000000
0.0000000000
0.0000000000
0.0000000000
0.0000000000
0.0000000000
0.0000000000
0.0000000000
0.0000000000
0.0000000000
0.0000000000
0.0000000000
0.0000000000
0.0000000000
0.0000000000
0.0000000000
0.0000000000
0.0000000000
0.0000000000
0.0000000000