4999.9761157075
4999.9761157075
4999.9761157075
4999.9761157075
4999.9761157075
4999.9761157075
4999.9761157075
4999.9761157075
4999.9761157075
4999.9761157075
4999.9761157075
4999.9761157075
4999.9761157075
4999.9761157075
4999.9761157075
4999.9761157075
4999.9761157075
4999.9761157075
4999.9761157075
4999.9761157075
4999.9761157075
4999.9761157075
4999.9761157075
4999.9761157075
4999.9761157075
4999.9761157075
4999.9761157075
4999.9761157075
4999.9761157075
4999.9761157075
4999.9761157075
4999.9761157075
4999.9761157075
4999.9761157075
4999.9761157075
4999.9761157075
4999.9761157075
4999.9761157075
4999.9761157075
4999.9761157075
4999.9761157075
4999.9761157075
4999.9761157075
4999.9761157075
4999.9761157075
4999.9761157075
4999.9761157075
4999.9761157073
4999.9761157037
4999.9761156487
4999.9761148109
4999.9761014952
4999.9758719369
4999.9716937422
4999.8959864515
4998.5414267444
4974.5585405812
4588.9038579638
1020.0283471478
68.0000000000
3.0000000000
0.0000000000
0.0000000000
0.0000000000
0.0000000000
0.0000000000
0.0000000000
0.0000000000
0.0000000000
0.0000000000
0.0000000000
0.0000000000
0.0000000000
0.0000000000
0.0000000000
0.0000000000
0.0000000000
0.0000000000
0.0000000000
0.0000000000
0.0000000000
0.0000000000
0.0000000000
0.0000000000
0.0000000000
0.0000000000
0.0000000000
0.0000000000
0.0000000000
0.0000000000
0.0000000000
0.0000000000
0.0000000000
0.0000000000
0.0000000000
0.0000000000
0.0000000000
0.0000000000
0.0000000000
0.0000000000