5000.1833452040
5000.1833452040
5000.1833452040
5000.1833452040
5000.1833452040
5000.1833452040
5000.1833452040
5000.1833452040
5000.1833452040
5000.1833452040
5000.1833452040
5000.1833452040
5000.1833452040
5000.1833452040
5000.1833452040
5000.1833452040
5000.1833452040
5000.1833452040
5000.1833452040
5000.1833452040
5000.1833452038
5000.1833452013
5000.1833451652
5000.1833446038
5000.1833355466
5000.1831909335
5000.1809944321
5000.1498257699
4999.7227124564
4993.4281767151
4888.2977074364
3334.0188674031
175.6040610370
1.0000000000
0.0000000000
0.0000000000
0.0000000000
0.0000000000
0.0000000000
0.0000000000
0.0000000000
0.0000000000
0.0000000000
0.0000000000
0.0000000000
0.0000000000
0.0000000000
0.0000000000
0.0000000000
0.0000000000
0.0000000000
0.0000000000
0.0000000000
0.0000000000
0.0000000000
0.0000000000
0.0000000000
0.0000000000
0.0000000000
0.0000000000
0.0000000000
0.0000000000
0.0000000000
0.0000000000
0.0000000000
0.0000000000
0.0000000000
0.0000000000
0.0000000000
0.0000000000
0.0000000000
0.0000000000
0.0000000000
0.0000000000
0.0000000000
0.0000000000
0.0000000000
0.0000000000
0.0000000000
0.0000000000
0.0000000000
0.0000000000
0.0000000000
0.0000000000
0.0000000000
0.0000000000
0.0000000000
0.0000000000
0.0000000000
0.0000000000
0.0000000000
0.0000000000
0.0000000000
0.0000000000
0.0000000000
0.0000000000
0.0000000000
0.0000000000
0.0000000000
0.0000000000