4999.8018331368
4999.8018331368
4999.8018331368
4999.8018331368
4999.8018331368
4999.8018331368
4999.8018331368
4999.8018331368
4999.8018331368
4999.8018331368
4999.8018331368
4999.8018331368
4999.8018331368
4999.8018331368
4999.8018331368
4999.8018331368
4999.8018331368
4999.8018331368
4999.8018331366
4999.8018331339
4999.8018330968
4999.8018326052
4999.8018259270
4999.8017275251
4999.8001578843
4999.7741930241
4999.3519900483
4992.9725630600
4906.7354381442
3916.8313999431
556.0430692691
19.0000000000
0.0000000000
0.0000000000
0.0000000000
0.0000000000
0.0000000000
0.0000000000
0.0000000000
0.0000000000
0.0000000000
0.0000000000
0.0000000000
0.0000000000
0.0000000000
0.0000000000
0.0000000000
0.0000000000
0.0000000000
0.0000000000
0.0000000000
0.0000000000
0.0000000000
0.0000000000
0.0000000000
0.0000000000
0.0000000000
0.0000000000
0.0000000000
0.0000000000
0.0000000000
0.0000000000
0.0000000000
0.0000000000
0.0000000000
0.0000000000
0.0000000000
0.0000000000
0.0000000000
0.0000000000
0.0000000000
0.0000000000
0.0000000000
0.0000000000
0.0000000000
0.0000000000
0.0000000000
0.0000000000
0.0000000000
0.0000000000
0.0000000000
0.0000000000
0.0000000000
0.0000000000
0.0000000000
0.0000000000
0.0000000000
0.0000000000
0.0000000000
0.0000000000
0.0000000000
0.0000000000
0.0000000000
0.0000000000
0.0000000000
0.0000000000
0.0000000000
0.0000000000
0.0000000000
0.0000000000