4999.7433077178
4999.7433077178
4999.7433077178
4999.7433077178
4999.7433077178
4999.7433077178
4999.7433077178
4999.7433077178
4999.7433077178
4999.7433077178
4999.7433077178
4999.7433077178
4999.7433077178
4999.7433077178
4999.7433077178
4999.7433077178
4999.7433077178
4999.7433077178
4999.7433077178
4999.7433077178
4999.7433077178
4999.7433077178
4999.7433077176
4999.7433077145
4999.7433076643
4999.7433068990
4999.7432957419
4999.7431366701
4999.7407817835
4999.7026444287
4999.0263919834
4985.4989473390
4681.6817767753
1047.0412838107
63.0000000000
0.0000000000
0.0000000000
0.0000000000
0.0000000000
0.0000000000
0.0000000000
0.0000000000
0.0000000000
0.0000000000
0.0000000000
0.0000000000
0.0000000000
0.0000000000
0.0000000000
0.0000000000
0.0000000000
0.0000000000
0.0000000000
0.0000000000
0.0000000000
0.0000000000
0.0000000000
0.0000000000
0.0000000000
0.0000000000
0.0000000000
0.0000000000
0.0000000000
0.0000000000
0.0000000000
0.0000000000
0.0000000000
0.0000000000
0.0000000000
0.0000000000
0.0000000000
0.0000000000
0.0000000000
0.0000000000
0.0000000000
0.0000000000
0.0000000000
0.0000000000
0.0000000000
0.0000000000
0.0000000000
0.0000000000
0.0000000000
0.0000000000
0.0000000000
0.0000000000
0.0000000000
0.0000000000
0.0000000000
0.0000000000
0.0000000000
0.0000000000
0.0000000000
0.0000000000
0.0000000000
0.0000000000
0.0000000000
0.0000000000
0.0000000000
0.0000000000