4999.9417988739
4999.9417988739
4999.9417988739
4999.9417988739
4999.9417988739
4999.9417988739
4999.9417988739
4999.9417988739
4999.9417988739
4999.9417988739
4999.9417988739
4999.9417988739
4999.9417988739
4999.9417988739
4999.9417988739
4999.9417988739
4999.9417988739
4999.9417988739
4999.9417988739
4999.9417988739
4999.9417988739
4999.9417988739
4999.9417988739
4999.9417988733
4999.9417988645
4999.9417987315
4999.9417967996
4999.9417688835
4999.9413434901
4999.9342185770
4999.8019454094
4997.0446996241
4933.5902245508
3237.4699267704
599.0537514944
12.0000000000
0.0000000000
0.0000000000
0.0000000000
0.0000000000
0.0000000000
0.0000000000
0.0000000000
0.0000000000
0.0000000000
0.0000000000
0.0000000000
0.0000000000
0.0000000000
0.0000000000
0.0000000000
0.0000000000
0.0000000000
0.0000000000
0.0000000000
0.0000000000
0.0000000000
0.0000000000
0.0000000000
0.0000000000
0.0000000000
0.0000000000
0.0000000000
0.0000000000
0.0000000000
0.0000000000
0.0000000000
0.0000000000
0.0000000000
0.0000000000
0.0000000000
0.0000000000
0.0000000000
0.0000000000
0.0000000000
0.0000000000
0.0000000000
0.0000000000
0.0000000000
0.0000000000
0.0000000000
0.0000000000
0.0000000000
0.0000000000
0.0000000000
0.0000000000
0.0000000000
0.0000000000
0.0000000000
0.0000000000
0.0000000000
0.0000000000
0.0000000000
0.0000000000
0.0000000000
0.0000000000
0.0000000000
0.0000000000
0.0000000000
0.0000000000