4999.9849486552
4999.9849486552
4999.9849486552
4999.9849486552
4999.9849486552
4999.9849486552
4999.9849486552
4999.9849486552
4999.9849486552
4999.9849486552
4999.9849486552
4999.9849486552
4999.9849486552
4999.9849486552
4999.9849486552
4999.9849486552
4999.9849486552
4999.9849486552
4999.9849486552
4999.9849486552
4999.9849486552
4999.9849486552
4999.9849486552
4999.9849486552
4999.9849486552
4999.9849486552
4999.9849486552
4999.9849486552
4999.9849486552
4999.9849486551
4999.9849486532
4999.9849486217
4999.9849481301
4999.9849406245
4999.9848246780
4999.9829953171
4999.9511803408
4999.2803565637
4984.0720118994
4669.8859664116
1736.0324787526
118.0000000000
34.0000000000
0.0000000000
0.0000000000
0.0000000000
0.0000000000
0.0000000000
0.0000000000
0.0000000000
0.0000000000
0.0000000000
0.0000000000
0.0000000000
0.0000000000
0.0000000000
0.0000000000
0.0000000000
0.0000000000
0.0000000000
0.0000000000
0.0000000000
0.0000000000
0.0000000000
0.0000000000
0.0000000000
0.0000000000
0.0000000000
0.0000000000
0.0000000000
0.0000000000
0.0000000000
0.0000000000
0.0000000000
0.0000000000
0.0000000000
0.0000000000
0.0000000000
0.0000000000
0.0000000000
0.0000000000
0.0000000000
0.0000000000
0.0000000000
0.0000000000
0.0000000000
0.0000000000
0.0000000000
0.0000000000
0.0000000000
0.0000000000
0.0000000000
0.0000000000
0.0000000000
0.0000000000
0.0000000000
0.0000000000
0.0000000000
0.0000000000
0.0000000000