5000.1099135320
5000.1099135320
5000.1099135320
5000.1099135320
5000.1099135320
5000.1099135320
5000.1099135320
5000.1099135320
5000.1099135320
5000.1099135320
5000.1099135320
5000.1099135320
5000.1099135320
5000.1099135320
5000.1099135320
5000.1099135320
5000.1099135320
5000.1099135320
5000.1099135320
5000.1099135320
5000.1099135320
5000.1099135320
5000.1099135320
5000.1099135320
5000.1099135320
5000.1099135320
5000.1099135320
5000.1099135319
5000.1099135312
5000.1099135158
5000.1099132094
5000.1099076390
5000.1098172425
5000.1084564288
5000.0875363164
4999.7587278382
4995.0778724772
4926.5822500837
3100.0742589681
145.1274363760
0.0000000000
0.0000000000
0.0000000000
0.0000000000
0.0000000000
0.0000000000
0.0000000000
0.0000000000
0.0000000000
0.0000000000
0.0000000000
0.0000000000
0.0000000000
0.0000000000
0.0000000000
0.0000000000
0.0000000000
0.0000000000
0.0000000000
0.0000000000
0.0000000000
0.0000000000
0.0000000000
0.0000000000
0.0000000000
0.0000000000
0.0000000000
0.0000000000
0.0000000000
0.0000000000
0.0000000000
0.0000000000
0.0000000000
0.0000000000
0.0000000000
0.0000000000
0.0000000000
0.0000000000
0.0000000000
0.0000000000
0.0000000000
0.0000000000
0.0000000000
0.0000000000
0.0000000000
0.0000000000
0.0000000000
0.0000000000
0.0000000000
0.0000000000
0.0000000000
0.0000000000
0.0000000000
0.0000000000
0.0000000000
0.0000000000
0.0000000000
0.0000000000
0.0000000000
0.0000000000