5000.0102757258
5000.0102757258
5000.0102757258
5000.0102757258
5000.0102757258
5000.0102757258
5000.0102757258
5000.0102757258
5000.0102757258
5000.0102757258
5000.0102757258
5000.0102757258
5000.0102757258
5000.0102757258
5000.0102757258
5000.0102757258
5000.0102757258
5000.0102757258
5000.0102757258
5000.0102757258
5000.0102757258
5000.0102757258
5000.0102757258
5000.0102757258
5000.0102757258
5000.0102757258
5000.0102757258
5000.0102757258
5000.0102757258
5000.0102757258
5000.0102757258
5000.0102757257
5000.0102757252
5000.0102757176
5000.0102755875
5000.0102731616
5000.0102239177
5000.0092114751
4999.9896755857
4999.6484978437
4994.3557117925
4929.7825855390
4796.0670777983
2642.0298537368
90.7411769282
0.0000000000
0.0000000000
0.0000000000
0.0000000000
0.0000000000
0.0000000000
0.0000000000
0.0000000000
0.0000000000
0.0000000000
0.0000000000
0.0000000000
0.0000000000
0.0000000000
0.0000000000
0.0000000000
0.0000000000
0.0000000000
0.0000000000
0.0000000000
0.0000000000
0.0000000000
0.0000000000
0.0000000000
0.0000000000
0.0000000000
0.0000000000
0.0000000000
0.0000000000
0.0000000000
0.0000000000
0.0000000000
0.0000000000
0.0000000000
0.0000000000
0.0000000000
0.0000000000
0.0000000000
0.0000000000
0.0000000000
0.0000000000
0.0000000000
0.0000000000
0.0000000000
0.0000000000
0.0000000000
0.0000000000
0.0000000000
0.0000000000
0.0000000000
0.0000000000
0.0000000000
0.0000000000
0.0000000000
0.0000000000