5000.0238199108
5000.0238199108
5000.0238199108
5000.0238199108
5000.0238199108
5000.0238199108
5000.0238199108
5000.0238199108
5000.0238199108
5000.0238199108
5000.0238199108
5000.0238199108
5000.0238199108
5000.0238199108
5000.0238199108
5000.0238199108
5000.0238199108
5000.0238199108
5000.0238199108
5000.0238199108
5000.0238199108
5000.0238199108
5000.0238199108
5000.0238199108
5000.0238199108
5000.0238199108
5000.0238199108
5000.0238199108
5000.0238199108
5000.0238199108
5000.0238199108
5000.0238199108
5000.0238199107
5000.0238199105
5000.0238199057
5000.0238198139
5000.0238179677
5000.0237820982
5000.0231401568
5000.0129220783
4999.8773114580
4998.6319163345
4993.4388639429
4893.5443481567
3009.8124447660
257.1115255505
12.0000000000
0.0000000000
0.0000000000
0.0000000000
0.0000000000
0.0000000000
0.0000000000
0.0000000000
0.0000000000
0.0000000000
0.0000000000
0.0000000000
0.0000000000
0.0000000000
0.0000000000
0.0000000000
0.0000000000
0.0000000000
0.0000000000
0.0000000000
0.0000000000
0.0000000000
0.0000000000
0.0000000000
0.0000000000
0.0000000000
0.0000000000
0.0000000000
0.0000000000
0.0000000000
0.0000000000
0.0000000000
0.0000000000
0.0000000000
0.0000000000
0.0000000000
0.0000000000
0.0000000000
0.0000000000
0.0000000000
0.0000000000
0.0000000000
0.0000000000
0.0000000000
0.0000000000
0.0000000000
0.0000000000
0.0000000000
0.0000000000
0.0000000000
0.0000000000
0.0000000000
0.0000000000
0.0000000000