4999.9278636126
4999.9278636126
4999.9278636126
4999.9278636126
4999.9278636126
4999.9278636126
4999.9278636126
4999.9278636126
4999.9278636126
4999.9278636126
4999.9278636126
4999.9278636126
4999.9278636126
4999.9278636126
4999.9278636126
4999.9278636126
4999.9278636126
4999.9278636126
4999.9278636126
4999.9278636126
4999.9278636126
4999.9278636126
4999.9278636126
4999.9278636126
4999.9278636126
4999.9278636126
4999.9278636126
4999.9278636126
4999.9278636126
4999.9278636126
4999.9278636126
4999.9278636126
4999.9278636126
4999.9278636126
4999.9278636126
4999.9278636126
4999.9278636126
4999.9278636126
4999.9278636125
4999.9278636118
4999.9278636038
4999.9278635024
4999.9278618258
4999.9278320455
4999.9273181457
4999.9186156606
4999.7747041809
4997.5086545101
4963.6121695401
4454.2225580817
1697.0179686482
111.0000000000
5.0000000000
0.0000000000
0.0000000000
0.0000000000
0.0000000000
0.0000000000
0.0000000000
0.0000000000
0.0000000000
0.0000000000
0.0000000000
0.0000000000
0.0000000000
0.0000000000
0.0000000000
0.0000000000
0.0000000000
0.0000000000
0.0000000000
0.0000000000
0.0000000000
0.0000000000
0.0000000000
0.0000000000
0.0000000000
0.0000000000
0.0000000000
0.0000000000
0.0000000000
0.0000000000
0.0000000000
0.0000000000
0.0000000000
0.0000000000
0.0000000000
0.0000000000
0.0000000000
0.0000000000
0.0000000000
0.0000000000
0.0000000000
0.0000000000
0.0000000000
0.0000000000
0.0000000000
0.0000000000
0.0000000000
0.0000000000