4999.9559154919
4999.9559154919
4999.9559154919
4999.9559154919
4999.9559154919
4999.9559154919
4999.9559154919
4999.9559154919
4999.9559154919
4999.9559154919
4999.9559154919
4999.9559154919
4999.9559154919
4999.9559154919
4999.9559154919
4999.9559154919
4999.9559154919
4999.9559154919
4999.9559154919
4999.9559154919
4999.9559154919
4999.9559154919
4999.9559154919
4999.9559154919
4999.9559154919
4999.9559154919
4999.9559154919
4999.9559154919
4999.9559154919
4999.9559154919
4999.9559154919
4999.9559154919
4999.9559154919
4999.9559154919
4999.9559154919
4999.9559154919
4999.9559154919
4999.9559154917
4999.9559154892
4999.9559154601
4999.9559151682
4999.9559120091
4999.9558637257
4999.9549849657
4999.9396191473
4999.6768521552
4995.2055571095
4922.0121083051
3913.0362180268
603.0941698964
32.0000000000
0.0000000000
0.0000000000
0.0000000000
0.0000000000
0.0000000000
0.0000000000
0.0000000000
0.0000000000
0.0000000000
0.0000000000
0.0000000000
0.0000000000
0.0000000000
0.0000000000
0.0000000000
0.0000000000
0.0000000000
0.0000000000
0.0000000000
0.0000000000
0.0000000000
0.0000000000
0.0000000000
0.0000000000
0.0000000000
0.0000000000
0.0000000000
0.0000000000
0.0000000000
0.0000000000
0.0000000000
0.0000000000
0.0000000000
0.0000000000
0.0000000000
0.0000000000
0.0000000000
0.0000000000
0.0000000000
0.0000000000
0.0000000000
0.0000000000
0.0000000000
0.0000000000
0.0000000000
0.0000000000
0.0000000000
0.0000000000
0.0000000000