5000.1144265085
5000.1144265085
5000.1144265085
5000.1144265085
5000.1144265085
5000.1144265085
5000.1144265085
5000.1144265085
5000.1144265085
5000.1144265085
5000.1144265085
5000.1144265085
5000.1144265085
5000.1144265085
5000.1144265085
5000.1144265085
5000.1144265085
5000.1144265085
5000.1144265085
5000.1144265085
5000.1144265085
5000.1144265085
5000.1144265085
5000.1144265085
5000.1144265085
5000.1144265085
5000.1144265085
5000.1144265085
5000.1144265085
5000.1144265085
5000.1144265085
5000.1144265085
5000.1144265085
5000.1144265085
5000.1144265085
5000.1144265079
5000.1144264960
5000.1144262874
5000.1144230084
5000.1143788625
5000.1139031447
5000.1099889336
5000.0734400632
4999.3559443825
4985.9143351090
4759.5391499560
2205.3107784057
113.7863888207
0.0000000000
0.0000000000
0.0000000000
0.0000000000
0.0000000000
0.0000000000
0.0000000000
0.0000000000
0.0000000000
0.0000000000
0.0000000000
0.0000000000
0.0000000000
0.0000000000
0.0000000000
0.0000000000
0.0000000000
0.0000000000
0.0000000000
0.0000000000
0.0000000000
0.0000000000
0.0000000000
0.0000000000
0.0000000000
0.0000000000
0.0000000000
0.0000000000
0.0000000000
0.0000000000
0.0000000000
0.0000000000
0.0000000000
0.0000000000
0.0000000000
0.0000000000
0.0000000000
0.0000000000
0.0000000000
0.0000000000
0.0000000000
0.0000000000
0.0000000000
0.0000000000
0.0000000000
0.0000000000
0.0000000000
0.0000000000
0.0000000000
0.0000000000
0.0000000000
0.0000000000