5000.0646293529
5000.0646293529
5000.0646293529
5000.0646293529
5000.0646293529
5000.0646293529
5000.0646293529
5000.0646293529
5000.0646293529
5000.0646293529
5000.0646293529
5000.0646293529
5000.0646293529
5000.0646293529
5000.0646293529
5000.0646293529
5000.0646293529
5000.0646293529
5000.0646293529
5000.0646293529
5000.0646293529
5000.0646293529
5000.0646293529
5000.0646293529
5000.0646293529
5000.0646293529
5000.0646293529
5000.0646293529
5000.0646293529
5000.0646293529
5000.0646293529
5000.0646293529
5000.0646293529
5000.0646293529
5000.0646293527
5000.0646293493
5000.0646292833
5000.0646280832
5000.0646083428
5000.0643272335
5000.0611143319
5000.0347899780
4999.8401717954
4995.9559668296
4920.9537422637
3717.2768786671
468.0602206801
10.0000000000
0.0000000000
0.0000000000
0.0000000000
0.0000000000
0.0000000000
0.0000000000
0.0000000000
0.0000000000
0.0000000000
0.0000000000
0.0000000000
0.0000000000
0.0000000000
0.0000000000
0.0000000000
0.0000000000
0.0000000000
0.0000000000
0.0000000000
0.0000000000
0.0000000000
0.0000000000
0.0000000000
0.0000000000
0.0000000000
0.0000000000
0.0000000000
0.0000000000
0.0000000000
0.0000000000
0.0000000000
0.0000000000
0.0000000000
0.0000000000
0.0000000000
0.0000000000
0.0000000000
0.0000000000
0.0000000000
0.0000000000
0.0000000000
0.0000000000
0.0000000000
0.0000000000
0.0000000000
0.0000000000
0.0000000000
0.0000000000
0.0000000000
0.0000000000
0.0000000000
0.0000000000