5000.0997943700
5000.0997943700
5000.0997943700
5000.0997943700
5000.0997943700
5000.0997943700
5000.0997943700
5000.0997943700
5000.0997943700
5000.0997943700
5000.0997943700
5000.0997943700
5000.0997943700
5000.0997943700
5000.0997943700
5000.0997943700
5000.0997943700
5000.0997943700
5000.0997943700
5000.0997943700
5000.0997943700
5000.0997943700
5000.0997943700
5000.0997943700
5000.0997943700
5000.0997943700
5000.0997943700
5000.0997943700
5000.0997943700
5000.0997943700
5000.0997943700
5000.0997943700
5000.0997943700
5000.0997943700
5000.0997943691
5000.0997943513
5000.0997939995
5000.0997873791
5000.0996736460
5000.0979597623
5000.0769398625
4999.8983869429
4998.8942006981
4978.8300217756
4564.3412898480
1453.0791309768
73.0000000000
2.0000000000
0.0000000000
0.0000000000
0.0000000000
0.0000000000
0.0000000000
0.0000000000
0.0000000000
0.0000000000
0.0000000000
0.0000000000
0.0000000000
0.0000000000
0.0000000000
0.0000000000
0.0000000000
0.0000000000
0.0000000000
0.0000000000
0.0000000000
0.0000000000
0.0000000000
0.0000000000
0.0000000000
0.0000000000
0.0000000000
0.0000000000
0.0000000000
0.0000000000
0.0000000000
0.0000000000
0.0000000000
0.0000000000
0.0000000000
0.0000000000
0.0000000000
0.0000000000
0.0000000000
0.0000000000
0.0000000000
0.0000000000
0.0000000000
0.0000000000
0.0000000000
0.0000000000
0.0000000000
0.0000000000
0.0000000000
0.0000000000
0.0000000000
0.0000000000
0.0000000000
0.0000000000