4999.9879000592
4999.9879000592
4999.9879000592
4999.9879000592
4999.9879000592
4999.9879000592
4999.9879000592
4999.9879000592
4999.9879000592
4999.9879000592
4999.9879000592
4999.9879000592
4999.9879000592
4999.9879000592
4999.9879000592
4999.9879000592
4999.9879000592
4999.9879000592
4999.9879000592
4999.9879000592
4999.9879000592
4999.9879000592
4999.9879000592
4999.9879000592
4999.9879000592
4999.9879000592
4999.9879000592
4999.9879000592
4999.9879000592
4999.9879000592
4999.9879000592
4999.9879000592
4999.9879000592
4999.9879000592
4999.9879000592
4999.9879000592
4999.9879000592
4999.9879000592
4999.9879000592
4999.9879000592
4999.9879000592
4999.9879000591
4999.9879000572
4999.9879000243
4999.9878994749
4999.9878905531
4999.9877507569
4999.9856438434
4999.9551371137
4999.5351864819
4993.9309144604
4914.1811293489
3837.5996655272
513.1040413527
3.0000000000
0.0000000000
0.0000000000
0.0000000000
0.0000000000
0.0000000000
0.0000000000
0.0000000000
0.0000000000
0.0000000000
0.0000000000
0.0000000000
0.0000000000
0.0000000000
0.0000000000
0.0000000000
0.0000000000
0.0000000000
0.0000000000
0.0000000000
0.0000000000
0.0000000000
0.0000000000
0.0000000000
0.0000000000
0.0000000000
0.0000000000
0.0000000000
0.0000000000
0.0000000000
0.0000000000
0.0000000000
0.0000000000
0.0000000000
0.0000000000
0.0000000000
0.0000000000
0.0000000000
0.0000000000
0.0000000000
0.0000000000
0.0000000000
0.0000000000
0.0000000000
0.0000000000
0.0000000000