4999.9216882979
4999.9216882979
4999.9216882979
4999.9216882979
4999.9216882979
4999.9216882979
4999.9216882979
4999.9216882979
4999.9216882979
4999.9216882979
4999.9216882979
4999.9216882979
4999.9216882979
4999.9216882979
4999.9216882979
4999.9216882979
4999.9216882979
4999.9216882979
4999.9216882979
4999.9216882979
4999.9216882979
4999.9216882979
4999.9216882979
4999.9216882979
4999.9216882979
4999.9216882979
4999.9216882979
4999.9216882979
4999.9216882979
4999.9216882979
4999.9216882979
4999.9216882979
4999.9216882979
4999.9216882979
4999.9216882979
4999.9216882979
4999.9216882979
4999.9216882979
4999.9216882979
4999.9216882979
4999.9216882979
4999.9216882979
4999.9216882979
4999.9216882979
4999.9216882978
4999.9216882963
4999.9216882740
4999.9216879546
4999.9216834908
4999.9216209683
4999.9207101022
4999.9066126917
4999.6770559189
4995.8978726909
4938.1144726125
4232.2677860875
1234.0864751707
69.0000000000
0.0000000000
0.0000000000
0.0000000000
0.0000000000
0.0000000000
0.0000000000
0.0000000000
0.0000000000
0.0000000000
0.0000000000
0.0000000000
0.0000000000
0.0000000000
0.0000000000
0.0000000000
0.0000000000
0.0000000000
0.0000000000
0.0000000000
0.0000000000
0.0000000000
0.0000000000
0.0000000000
0.0000000000
0.0000000000
0.0000000000
0.0000000000
0.0000000000
0.0000000000
0.0000000000
0.0000000000
0.0000000000
0.0000000000
0.0000000000
0.0000000000
0.0000000000
0.0000000000
0.0000000000
0.0000000000
0.0000000000
0.0000000000
0.0000000000