4999.9142095385
4999.9142095385
4999.9142095385
4999.9142095385
4999.9142095385
4999.9142095385
4999.9142095385
4999.9142095385
4999.9142095385
4999.9142095385
4999.9142095385
4999.9142095385
4999.9142095385
4999.9142095385
4999.9142095385
4999.9142095385
4999.9142095385
4999.9142095385
4999.9142095385
4999.9142095385
4999.9142095385
4999.9142095385
4999.9142095385
4999.9142095385
4999.9142095385
4999.9142095385
4999.9142095385
4999.9142095385
4999.9142095385
4999.9142095385
4999.9142095385
4999.9142095385
4999.9142095385
4999.9142095385
4999.9142095385
4999.9142095385
4999.9142095385
4999.9142095385
4999.9142095385
4999.9142095385
4999.9142095385
4999.9142095385
4999.9142095385
4999.9142095383
4999.9142095352
4999.9142094861
4999.9142087438
4999.9141979383
4999.9140461991
4999.9119577892
4999.8825994781
4999.4448910460
4992.4838111215
4875.7394651333
3255.6901541145
499.0910929519
16.0000000000
1.0000000000
0.0000000000
0.0000000000
0.0000000000
0.0000000000
0.0000000000
0.0000000000
0.0000000000
0.0000000000
0.0000000000
0.0000000000
0.0000000000
0.0000000000
0.0000000000
0.0000000000
0.0000000000
0.0000000000
0.0000000000
0.0000000000
0.0000000000
0.0000000000
0.0000000000
0.0000000000
0.0000000000
0.0000000000
0.0000000000
0.0000000000
0.0000000000
0.0000000000
0.0000000000
0.0000000000
0.0000000000
0.0000000000
0.0000000000
0.0000000000
0.0000000000
0.0000000000
0.0000000000
0.0000000000
0.0000000000
0.0000000000
0.0000000000
0.0000000000