5000.0932222829
5000.0932222829
5000.0932222829
5000.0932222829
5000.0932222829
5000.0932222829
5000.0932222829
5000.0932222829
5000.0932222829
5000.0932222829
5000.0932222829
5000.0932222829
5000.0932222829
5000.0932222829
5000.0932222829
5000.0932222829
5000.0932222829
5000.0932222829
5000.0932222829
5000.0932222829
5000.0932222829
5000.0932222829
5000.0932222829
5000.0932222829
5000.0932222829
5000.0932222829
5000.0932222829
5000.0932222829
5000.0932222829
5000.0932222829
5000.0932222829
5000.0932222829
5000.0932222829
5000.0932222829
5000.0932222829
5000.0932222829
5000.0932222829
5000.0932222829
5000.0932222829
5000.0932222829
5000.0932222829
5000.0932222829
5000.0932222829
5000.0932222829
5000.0932222829
5000.0932222829
5000.0932222829
5000.0932222829
5000.0932222829
5000.0932222829
5000.0932222827
5000.0932222803
5000.0932222453
5000.0932217640
5000.0932153145
5000.0931277675
5000.0918961601
5000.0743072423
4999.8309259662
4996.6922992723
4958.0935743602
4433.1384281250
1423.0356709325
66.0000000000
0.0000000000
0.0000000000
0.0000000000
0.0000000000
0.0000000000
0.0000000000
0.0000000000
0.0000000000
0.0000000000
0.0000000000
0.0000000000
0.0000000000
0.0000000000
0.0000000000
0.0000000000
0.0000000000
0.0000000000
0.0000000000
0.0000000000
0.0000000000
0.0000000000
0.0000000000
0.0000000000
0.0000000000
0.0000000000
0.0000000000
0.0000000000
0.0000000000
0.0000000000
0.0000000000
0.0000000000
0.0000000000
0.0000000000
0.0000000000
0.0000000000
0.0000000000