5000.0243780145
5000.0243780145
5000.0243780145
5000.0243780145
5000.0243780145
5000.0243780145
5000.0243780145
5000.0243780145
5000.0243780145
5000.0243780145
5000.0243780145
5000.0243780145
5000.0243780145
5000.0243780145
5000.0243780145
5000.0243780145
5000.0243780145
5000.0243780145
5000.0243780145
5000.0243780145
5000.0243780145
5000.0243780145
5000.0243780145
5000.0243780145
5000.0243780145
5000.0243780145
5000.0243780145
5000.0243780145
5000.0243780145
5000.0243780145
5000.0243780145
5000.0243780145
5000.0243780145
5000.0243780145
5000.0243780145
5000.0243780145
5000.0243780145
5000.0243780145
5000.0243780145
5000.0243780145
5000.0243780145
5000.0243780145
5000.0243780145
5000.0243780145
5000.0243780145
5000.0243780145
5000.0243780145
5000.0243780145
5000.0243780145
5000.0243780142
5000.0243780090
5000.0243779292
5000.0243767406
5000.0243600391
5000.0241367698
5000.0211712715
4999.9801194493
4999.3875035674
4990.8697811683
4877.1529780486
3728.7253486337
641.0332806353
29.0000000000
0.0000000000
0.0000000000
0.0000000000
0.0000000000
0.0000000000
0.0000000000
0.0000000000
0.0000000000
0.0000000000
0.0000000000
0.0000000000
0.0000000000
0.0000000000
0.0000000000
0.0000000000
0.0000000000
0.0000000000
0.0000000000
0.0000000000
0.0000000000
0.0000000000
0.0000000000
0.0000000000
0.0000000000
0.0000000000
0.0000000000
0.0000000000
0.0000000000
0.0000000000
0.0000000000
0.0000000000
0.0000000000
0.0000000000
0.0000000000
0.0000000000
0.0000000000
0.0000000000