5000.0108639295
5000.0108639295
5000.0108639295
5000.0108639295
5000.0108639295
5000.0108639295
5000.0108639295
5000.0108639295
5000.0108639295
5000.0108639295
5000.0108639295
5000.0108639295
5000.0108639295
5000.0108639295
5000.0108639295
5000.0108639295
5000.0108639295
5000.0108639295
5000.0108639295
5000.0108639295
5000.0108639295
5000.0108639295
5000.0108639295
5000.0108639295
5000.0108639295
5000.0108639295
5000.0108639295
5000.0108639295
5000.0108639295
5000.0108639295
5000.0108639295
5000.0108639295
5000.0108639295
5000.0108639295
5000.0108639295
5000.0108639295
5000.0108639295
5000.0108639295
5000.0108639295
5000.0108639295
5000.0108639295
5000.0108639295
5000.0108639295
5000.0108639295
5000.0108639295
5000.0108639295
5000.0108639295
5000.0108639295
5000.0108639288
5000.0108639182
5000.0108637546
5000.0108611716
5000.0108213111
5000.0102417832
5000.0024070340
4999.9004577118
4998.5312527425
4978.9654663954
4692.1361238304
2292.4315081201
244.1204917667
5.0000000000
0.0000000000
0.0000000000
0.0000000000
0.0000000000
0.0000000000
0.0000000000
0.0000000000
0.0000000000
0.0000000000
0.0000000000
0.0000000000
0.0000000000
0.0000000000
0.0000000000
0.0000000000
0.0000000000
0.0000000000
0.0000000000
0.0000000000
0.0000000000
0.0000000000
0.0000000000
0.0000000000
0.0000000000
0.0000000000
0.0000000000
0.0000000000
0.0000000000
0.0000000000
0.0000000000
0.0000000000
0.0000000000
0.0000000000
0.0000000000
0.0000000000
0.0000000000
0.0000000000
0.0000000000