5000.0168692819
5000.0168692819
5000.0168692819
5000.0168692819
5000.0168692819
5000.0168692819
5000.0168692819
5000.0168692819
5000.0168692819
5000.0168692819
5000.0168692819
5000.0168692819
5000.0168692819
5000.0168692819
5000.0168692819
5000.0168692819
5000.0168692819
5000.0168692819
5000.0168692819
5000.0168692819
5000.0168692819
5000.0168692819
5000.0168692819
5000.0168692819
5000.0168692819
5000.0168692819
5000.0168692819
5000.0168692819
5000.0168692819
5000.0168692819
5000.0168692819
5000.0168692819
5000.0168692819
5000.0168692819
5000.0168692819
5000.0168692819
5000.0168692819
5000.0168692819
5000.0168692819
5000.0168692819
5000.0168692819
5000.0168692819
5000.0168692819
5000.0168692819
5000.0168692819
5000.0168692819
5000.0168692819
5000.0168692819
5000.0168692819
5000.0168692819
5000.0168692819
5000.0168692818
5000.0168692808
5000.0168692670
5000.0168690802
5000.0168665032
5000.0168301925
5000.0163225119
5000.0095111312
4999.9220323172
4998.7786278303
4982.4200056481
4742.7080894457
2407.5350355361
205.2424913476
1.0000000000
0.0000000000
0.0000000000
0.0000000000
0.0000000000
0.0000000000
0.0000000000
0.0000000000
0.0000000000
0.0000000000
0.0000000000
0.0000000000
0.0000000000
0.0000000000
0.0000000000
0.0000000000
0.0000000000
0.0000000000
0.0000000000
0.0000000000
0.0000000000
0.0000000000
0.0000000000
0.0000000000
0.0000000000
0.0000000000
0.0000000000
0.0000000000
0.0000000000
0.0000000000
0.0000000000
0.0000000000
0.0000000000
0.0000000000
0.0000000000