4999.9973435920
4999.9973435920
4999.9973435920
4999.9973435920
4999.9973435920
4999.9973435920
4999.9973435920
4999.9973435920
4999.9973435920
4999.9973435920
4999.9973435920
4999.9973435920
4999.9973435920
4999.9973435920
4999.9973435920
4999.9973435920
4999.9973435920
4999.9973435920
4999.9973435920
4999.9973435920
4999.9973435920
4999.9973435920
4999.9973435920
4999.9973435920
4999.9973435920
4999.9973435920
4999.9973435920
4999.9973435920
4999.9973435920
4999.9973435920
4999.9973435920
4999.9973435920
4999.9973435920
4999.9973435920
4999.9973435920
4999.9973435920
4999.9973435920
4999.9973435920
4999.9973435920
4999.9973435920
4999.9973435920
4999.9973435920
4999.9973435920
4999.9973435920
4999.9973435920
4999.9973435920
4999.9973435920
4999.9973435920
4999.9973435920
4999.9973435919
4999.9973435910
4999.9973435771
4999.9973433733
4999.9973405431
4999.9973027115
4999.9967945531
4999.9896894960
4999.8874711747
4998.4453671554
4979.5529333053
4758.4522095448
2627.7103036818
291.2071391379
6.0000000000
0.0000000000
0.0000000000
0.0000000000
0.0000000000
0.0000000000
0.0000000000
0.0000000000
0.0000000000
0.0000000000
0.0000000000
0.0000000000
0.0000000000
0.0000000000
0.0000000000
0.0000000000
0.0000000000
0.0000000000
0.0000000000
0.0000000000
0.0000000000
0.0000000000
0.0000000000
0.0000000000
0.0000000000
0.0000000000
0.0000000000
0.0000000000
0.0000000000
0.0000000000
0.0000000000
0.0000000000
0.0000000000
0.0000000000
0.0000000000
0.0000000000
0.0000000000