0.000000 106475.000000 
5000.000000 104594.564888 
10000.000000 104167.722007 
15000.000000 104044.784738 
20000.000000 104007.702609 
25000.000000 103996.372542 
30000.000000 103992.897428 
35000.000000 103991.830306 
40000.000000 103991.502501 
45000.000000 103991.401793 
50000.000000 103991.370853 
55000.000000 103991.361347 
60000.000000 103991.358427 
65000.000000 103991.357530 
70000.000000 103991.357254 
75000.000000 103991.357170 
80000.000000 103991.357144 
85000.000000 103991.357136 
90000.000000 103991.357133 
95000.000000 103991.357133 
100000.000000 103991.357132 
105000.000000 103991.357132 
110000.000000 103991.357132 
115000.000000 103991.357132 
120000.000000 103991.357132 
125000.000000 103991.357132 
130000.000000 103991.357132 
135000.000000 103991.357132 
140000.000000 103991.357132 
145000.000000 103991.357132 
150000.000000 103991.357132 
155000.000000 103991.357132 
160000.000000 103991.357132 
165000.000000 103991.357132 
170000.000000 103991.357132 
175000.000000 103991.357132 
180000.000000 103991.357132 
185000.000000 103991.357132 
190000.000000 103991.357132 
195000.000000 103991.357132 
200000.000000 103991.357132 
205000.000000 103991.357132 
210000.000000 103991.357132 
215000.000000 103991.357132 
220000.000000 103991.357132 
225000.000000 103991.357132 
230000.000000 103991.357132 
235000.000000 103991.357132 
240000.000000 103991.357132 
245000.000000 103991.357132 
250000.000000 103991.357132 
255000.000000 103991.357132 
260000.000000 103991.357132 
265000.000000 103991.357132 
270000.000000 103991.357132 
275000.000000 103991.357132 
280000.000000 103991.357132 
285000.000000 103991.357132 
290000.000000 103991.357132 
295000.000000 103991.357132 
300000.000000 103991.357132 
305000.000000 103991.357132 
310000.000000 103991.357132 
315000.000000 103991.357132 
320000.000000 103991.357132 
325000.000000 103991.357132 
330000.000000 103991.357132 
335000.000000 103991.357132 
340000.000000 103991.357132 
345000.000000 103991.357132 
350000.000000 103991.357132 
355000.000000 103991.357132 
360000.000000 103991.357132 
365000.000000 103991.357132 
370000.000000 103991.357132 
375000.000000 103991.357132 
380000.000000 103991.357132 
385000.000000 103991.357132 
390000.000000 103991.357132 
395000.000000 103991.357132 
400000.000000 103991.357132 
405000.000000 103991.357132 
410000.000000 103991.357132 
415000.000000 103991.357132 
420000.000000 103991.357132 
425000.000000 103991.357132 
430000.000000 103991.357132 
435000.000000 103991.357132 
440000.000000 103991.357132 
445000.000000 103991.357132 
450000.000000 103991.357132 
455000.000000 103991.357132 
460000.000000 103991.357132 
465000.000000 103991.357132 
470000.000000 103991.357132 
475000.000000 103991.357132 
480000.000000 103991.357132 
485000.000000 103991.357132 
490000.000000 103991.357132 
495000.000000 103991.357132 
500000.000000 103991.357132 
