0.000000 106475.000000 
5000.000000 104594.564888 
10000.000000 104167.722005 
15000.000000 104044.784734 
20000.000000 104007.702602 
25000.000000 103996.372534 
30000.000000 103992.897418 
35000.000000 103991.830294 
40000.000000 103991.502487 
45000.000000 103991.401777 
50000.000000 103991.370834 
55000.000000 103991.361326 
60000.000000 103991.358402 
65000.000000 103991.357502 
70000.000000 103991.357222 
75000.000000 103991.357133 
80000.000000 103991.357102 
85000.000000 103991.357088 
90000.000000 103991.357079 
95000.000000 103991.357071 
100000.000000 103991.357063 
105000.000000 103991.357053 
110000.000000 103991.357043 
115000.000000 103991.357031 
120000.000000 103991.357017 
125000.000000 103991.357001 
130000.000000 103991.356984 
135000.000000 103991.356964 
140000.000000 103991.356941 
145000.000000 103991.356915 
150000.000000 103991.356886 
155000.000000 103991.356853 
160000.000000 103991.356815 
165000.000000 103991.356772 
170000.000000 103991.356724 
175000.000000 103991.356669 
180000.000000 103991.356606 
185000.000000 103991.356535 
190000.000000 103991.356455 
195000.000000 103991.356363 
200000.000000 103991.356260 
205000.000000 103991.356142 
210000.000000 103991.356009 
215000.000000 103991.355857 
220000.000000 103991.355686 
225000.000000 103991.355491 
230000.000000 103991.355269 
235000.000000 103991.355018 
240000.000000 103991.354733 
245000.000000 103991.354410 
250000.000000 103991.354043 
255000.000000 103991.353627 
260000.000000 103991.353154 
265000.000000 103991.352618 
270000.000000 103991.352010 
275000.000000 103991.351319 
280000.000000 103991.350535 
285000.000000 103991.349646 
290000.000000 103991.348637 
295000.000000 103991.347491 
300000.000000 103991.346191 
305000.000000 103991.344716 
310000.000000 103991.343042 
315000.000000 103991.341141 
320000.000000 103991.338985 
325000.000000 103991.336538 
330000.000000 103991.333760 
335000.000000 103991.330608 
340000.000000 103991.327030 
345000.000000 103991.322970 
350000.000000 103991.318362 
355000.000000 103991.313132 
360000.000000 103991.307196 
365000.000000 103991.300459 
370000.000000 103991.292814 
375000.000000 103991.284136 
380000.000000 103991.274287 
385000.000000 103991.263109 
390000.000000 103991.250423 
395000.000000 103991.236024 
400000.000000 103991.219681 
405000.000000 103991.201133 
410000.000000 103991.180081 
415000.000000 103991.156187 
420000.000000 103991.129067 
425000.000000 103991.098286 
430000.000000 103991.063350 
435000.000000 103991.023696 
440000.000000 103990.978689 
445000.000000 103990.927605 
450000.000000 103990.869624 
455000.000000 103990.803813 
460000.000000 103990.729116 
465000.000000 103990.644331 
470000.000000 103990.548098 
475000.000000 103990.438868 
480000.000000 103990.314887 
485000.000000 103990.174162 
490000.000000 103990.014431 
495000.000000 103989.833126 
500000.000000 103989.627334 
