0.000000 21295.000000 
1000.000000 21935.208600 
2000.000000 22593.766702 
3000.000000 23271.200658 
4000.000000 23968.051200 
5000.000000 24684.874556 
6000.000000 25422.242888 
7000.000000 26180.744754 
8000.000000 26960.985574 
9000.000000 27763.588113 
10000.000000 28589.192982 
11000.000000 29438.459150 
12000.000000 30312.064467 
13000.000000 31210.706210 
14000.000000 32135.101639 
15000.000000 33085.988568 
16000.000000 34064.125958 
17000.000000 35070.294522 
18000.000000 36105.297351 
19000.000000 37169.960550 
20000.000000 38265.133906 
21000.000000 39391.691560 
22000.000000 40550.532710 
23000.000000 41742.582329 
24000.000000 42968.791901 
25000.000000 44230.140184 
26000.000000 45527.633991 
27000.000000 46862.308997 
28000.000000 48235.230560 
29000.000000 49647.494581 
30000.000000 51100.228369 
31000.000000 52594.591554 
32000.000000 54131.777001 
33000.000000 55713.011773 
34000.000000 57339.558105 
35000.000000 59012.714414 
36000.000000 60733.816340 
37000.000000 62504.237806 
38000.000000 64325.392122 
39000.000000 66198.733111 
40000.000000 68125.756270 
41000.000000 70107.999968 
42000.000000 72147.046671 
43000.000000 74244.524209 
44000.000000 76402.107074 
45000.000000 78621.517761 
46000.000000 80904.528142 
47000.000000 83252.960884 
48000.000000 85668.690899 
49000.000000 88153.646851 
50000.000000 90709.812690 
51000.000000 93339.229239 
52000.000000 96043.995829 
53000.000000 98826.271968 
54000.000000 101688.279075 
55000.000000 104632.302251 
56000.000000 107660.692105 
57000.000000 110775.866635 
58000.000000 113980.313158 
59000.000000 117276.590300 
60000.000000 120667.330041 
61000.000000 124155.239819 
62000.000000 127743.104695 
63000.000000 131433.789581 
64000.000000 135230.241528 
65000.000000 139135.492087 
66000.000000 143152.659732 
67000.000000 147284.952355 
68000.000000 151535.669833 
69000.000000 155908.206668 
70000.000000 160406.054702 
71000.000000 165032.805911 
72000.000000 169792.155277 
73000.000000 174687.903743 
74000.000000 179723.961245 
75000.000000 184904.349840 
76000.000000 190233.206909 
77000.000000 195714.788465 
78000.000000 201353.472538 
79000.000000 207153.762677 
80000.000000 213120.291538 
81000.000000 219257.824584 
82000.000000 225571.263901 
83000.000000 232065.651626 
84000.000000 238746.171095 
85000.000000 245618.152494 
86000.000000 252687.078298 
87000.000000 259958.587658 
88000.000000 267438.480909 
89000.000000 275132.724212 
90000.000000 283047.454333 
91000.000000 291188.983558 
92000.000000 299563.804751 
93000.000000 308178.596564 
94000.000000 317040.228784 
95000.000000 326155.767844 
96000.000000 335532.482486 
97000.000000 345177.849583 
98000.000000 355099.560129 
99000.000000 365305.525399 
100000.000000 375803.883281 
