0.000000 404605.000000 
1000.000000 401976.909078 
2000.000000 400247.753820 
3000.000000 399024.681110 
4000.000000 398127.392112 
5000.000000 397454.566514 
6000.000000 396942.711622 
7000.000000 396549.322837 
8000.000000 396244.675777 
9000.000000 396007.341573 
10000.000000 395821.529308 
11000.000000 395675.412780 
12000.000000 395560.026693 
13000.000000 395468.511316 
14000.000000 395395.580389 
15000.000000 395337.137503 
16000.000000 395289.994349 
17000.000000 395251.660708 
18000.000000 395220.186039 
19000.000000 395194.038858 
20000.000000 395172.014191 
21000.000000 395153.162145 
22000.000000 395136.732509 
23000.000000 395122.131621 
24000.000000 395108.888692 
25000.000000 395096.629437 
26000.000000 395085.055402 
27000.000000 395073.927716 
28000.000000 395063.054318 
29000.000000 395052.279890 
30000.000000 395041.477933 
31000.000000 395030.544510 
32000.000000 395019.393305 
33000.000000 395007.951725 
34000.000000 394996.157808 
35000.000000 394983.957785 
36000.000000 394971.304137 
37000.000000 394958.154056 
38000.000000 394944.468223 
39000.000000 394930.209823 
40000.000000 394915.343764 
41000.000000 394899.836042 
42000.000000 394883.653226 
43000.000000 394866.762037 
44000.000000 394849.128999 
45000.000000 394830.720143 
46000.000000 394811.500758 
47000.000000 394791.435167 
48000.000000 394770.486530 
49000.000000 394748.616667 
50000.000000 394725.785880 
51000.000000 394701.952791 
52000.000000 394677.074178 
53000.000000 394651.104810 
54000.000000 394623.997271 
55000.000000 394595.701790 
56000.000000 394566.166050 
57000.000000 394535.334995 
58000.000000 394503.150618 
59000.000000 394469.551750 
60000.000000 394434.473830 
61000.000000 394397.848682 
62000.000000 394359.604287 
63000.000000 394319.664579 
64000.000000 394277.949278 
65000.000000 394234.373789 
66000.000000 394188.849217 
67000.000000 394141.282546 
68000.000000 394091.577085 
69000.000000 394039.633244 
70000.000000 393985.349759 
71000.000000 393928.625430 
72000.000000 393869.361321 
73000.000000 393807.463257 
74000.000000 393742.844192 
75000.000000 393675.425902 
76000.000000 393605.139519 
77000.000000 393531.924645 
78000.000000 393455.727023 
79000.000000 393376.494701 
80000.000000 393294.172527 
81000.000000 393208.694891 
82000.000000 393119.977688 
83000.000000 393030.387217 
84000.000000 392944.177815 
85000.000000 392861.273792 
86000.000000 392781.521102 
87000.000000 392704.772802 
88000.000000 392630.888585 
89000.000000 392559.734351 
90000.000000 392491.181825 
91000.000000 392425.108204 
92000.000000 392361.395826 
93000.000000 392299.931860 
94000.000000 392240.608021 
95000.000000 392183.320292 
96000.000000 392127.968665 
97000.000000 392074.456895 
98000.000000 392022.692266 
99000.000000 391972.585366 
100000.000000 391924.049878 
