0.000000 42.000000 
10000.000000 0.000008 
20000.000000 0.000010 
30000.000000 0.000013 
40000.000000 0.000017 
50000.000000 0.000022 
60000.000000 0.000028 
70000.000000 0.000036 
80000.000000 0.000047 
90000.000000 0.000060 
100000.000000 0.000077 
110000.000000 0.000100 
120000.000000 0.000128 
130000.000000 0.000165 
140000.000000 0.000212 
150000.000000 0.000273 
160000.000000 0.000352 
170000.000000 0.000453 
180000.000000 0.000584 
190000.000000 0.000751 
200000.000000 0.000967 
210000.000000 0.001246 
220000.000000 0.001604 
230000.000000 0.002065 
240000.000000 0.002659 
250000.000000 0.003425 
260000.000000 0.004410 
270000.000000 0.005679 
280000.000000 0.007313 
290000.000000 0.009418 
300000.000000 0.012129 
310000.000000 0.015621 
320000.000000 0.020118 
330000.000000 0.025910 
340000.000000 0.033370 
350000.000000 0.042980 
360000.000000 0.055357 
370000.000000 0.071301 
380000.000000 0.091838 
390000.000000 0.118292 
400000.000000 0.152370 
410000.000000 0.196268 
420000.000000 0.252818 
430000.000000 0.325667 
440000.000000 0.419514 
450000.000000 0.540415 
460000.000000 0.696169 
470000.000000 0.896828 
480000.000000 1.155342 
490000.000000 1.488397 
500000.000000 1.917491 
510000.000000 2.470324 
520000.000000 3.182588 
530000.000000 4.100270 
540000.000000 5.282622 
550000.000000 6.805986 
560000.000000 8.768724 
570000.000000 11.297559 
580000.000000 14.555751 
590000.000000 18.753616 
600000.000000 24.162065 
610000.000000 31.130021 
620000.000000 40.106822 
630000.000000 51.671000 
640000.000000 66.567243 
650000.000000 85.753797 
660000.000000 110.463186 
670000.000000 142.279845 
680000.000000 183.239169 
690000.000000 235.953486 
700000.000000 303.771709 
710000.000000 390.980677 
720000.000000 503.057504 
730000.000000 646.983424 
740000.000000 831.630268 
750000.000000 1068.230715 
760000.000000 1370.942603 
770000.000000 1757.517088 
780000.000000 2250.085438 
790000.000000 2876.108631 
800000.000000 3669.650494 
810000.000000 4673.535628 
820000.000000 5943.833309 
830000.000000 7552.377594 
840000.000000 9467.197200 
850000.000000 11460.043627 
860000.000000 13275.981500 
870000.000000 14821.414316 
880000.000000 16176.790497 
890000.000000 17395.618732 
900000.000000 18452.177413 
910000.000000 19378.439626 
920000.000000 20308.825284 
930000.000000 21332.839340 
940000.000000 22385.784706 
950000.000000 23350.307806 
960000.000000 24161.338226 
970000.000000 24886.149037 
980000.000000 25652.150342 
990000.000000 26544.511164 
1000000.000000 27529.453995 
