0.000000 21295.000000 
5000.000000 23741.714725 
10000.000000 25750.670105 
15000.000000 27190.255003 
20000.000000 28044.061366 
25000.000000 28453.330476 
30000.000000 28626.358126 
35000.000000 28707.609993 
40000.000000 28761.243779 
45000.000000 28810.255999 
50000.000000 28862.500044 
55000.000000 28920.934952 
60000.000000 28987.050573 
65000.000000 29061.957411 
70000.000000 29146.731927 
75000.000000 29242.529872 
80000.000000 29350.628483 
85000.000000 29472.447853 
90000.000000 29609.567815 
95000.000000 29763.746750 
100000.000000 29936.946818 
105000.000000 30131.371600 
110000.000000 30349.525716 
115000.000000 30594.309063 
120000.000000 30869.144358 
125000.000000 31178.057175 
130000.000000 31525.518982 
135000.000000 31911.126102 
140000.000000 32322.762000 
145000.000000 32744.457231 
150000.000000 33158.225807 
155000.000000 33545.914097 
160000.000000 33892.285748 
165000.000000 34188.922505 
170000.000000 34437.259159 
175000.000000 34647.950937 
180000.000000 34835.883112 
185000.000000 35014.642165 
190000.000000 35194.196363 
195000.000000 35381.376938 
200000.000000 35581.126275 
205000.000000 35797.477516 
210000.000000 36034.151505 
215000.000000 36294.924009 
220000.000000 36583.889154 
225000.000000 36905.611342 
230000.000000 37265.013246 
235000.000000 37662.162055 
240000.000000 38085.322265 
245000.000000 38518.823575 
250000.000000 38944.942497 
255000.000000 39345.750296 
260000.000000 39706.197215 
265000.000000 40018.022270 
270000.000000 40282.816370 
275000.000000 40511.429455 
280000.000000 40718.996907 
285000.000000 40919.392192 
290000.000000 41122.887738 
295000.000000 41336.638921 
300000.000000 41565.953470 
305000.000000 41815.305951 
310000.000000 42088.983057 
315000.000000 42391.487530 
320000.000000 42727.716036 
325000.000000 43102.553149 
330000.000000 43512.926138 
335000.000000 43945.650180 
340000.000000 44384.522451 
345000.000000 44811.638234 
350000.000000 45209.566952 
355000.000000 45564.728716 
360000.000000 45871.318377 
365000.000000 46133.693829 
370000.000000 46364.530041 
375000.000000 46579.200108 
380000.000000 46790.851923 
385000.000000 47008.985603 
390000.000000 47240.327142 
395000.000000 47490.097111 
400000.000000 47762.943591 
405000.000000 48063.528266 
410000.000000 48396.824963 
415000.000000 48768.010091 
420000.000000 49176.287800 
425000.000000 49609.491485 
430000.000000 50051.893544 
435000.000000 50485.816669 
440000.000000 50893.601287 
445000.000000 51260.800493 
450000.000000 51580.115667 
455000.000000 51854.253380 
460000.000000 52094.897718 
465000.000000 52317.469256 
470000.000000 52535.766646 
475000.000000 52759.965619 
480000.000000 52997.271035 
485000.000000 53253.213175 
490000.000000 53532.661178 
495000.000000 53840.462628 
500000.000000 54181.743556 
