4999.9466425275
4999.9466425275
4999.9466425275
4999.9466425275
4999.9466425275
4999.9466425275
4999.9466425275
4999.9466425275
4999.9466425275
4999.9466425275
4999.9466425275
4999.9466425275
4999.9466425275
4999.9466425275
4999.9466425275
4999.9466425275
4999.9466425275
4999.9466425275
4999.9466425275
4999.9466425275
4999.9466425274
4999.9466425254
4999.9466424900
4999.9466418615
4999.9466312779
4999.9464691502
4999.9442017827
4999.9134967634
4999.5034857308
4994.2618704372
4910.8276422851
3314.4002072550
327.1897770907
2.0000000000
0.0000000000
0.0000000000
0.0000000000
0.0000000000
0.0000000000
0.0000000000
0.0000000000
0.0000000000
0.0000000000
0.0000000000
0.0000000000
0.0000000000
0.0000000000
0.0000000000
0.0000000000
0.0000000000
0.0000000000
0.0000000000
0.0000000000
0.0000000000
0.0000000000
0.0000000000
0.0000000000
0.0000000000
0.0000000000
0.0000000000
0.0000000000
0.0000000000
0.0000000000
0.0000000000
0.0000000000
0.0000000000
0.0000000000
0.0000000000
0.0000000000
0.0000000000
0.0000000000
0.0000000000
0.0000000000
0.0000000000
0.0000000000
0.0000000000
0.0000000000
0.0000000000
0.0000000000
0.0000000000
0.0000000000
0.0000000000
0.0000000000
0.0000000000
0.0000000000
0.0000000000
0.0000000000
0.0000000000
0.0000000000
0.0000000000
0.0000000000
0.0000000000
0.0000000000
0.0000000000
0.0000000000
0.0000000000
0.0000000000
0.0000000000
0.0000000000
0.0000000000