4999.8879623158
4999.8879623158
4999.8879623158
4999.8879623158
4999.8879623158
4999.8879623158
4999.8879623158
4999.8879623158
4999.8879623158
4999.8879623158
4999.8879623158
4999.8879623158
4999.8879623158
4999.8879623158
4999.8879623158
4999.8879623158
4999.8879623158
4999.8879623158
4999.8879623158
4999.8879623158
4999.8879623158
4999.8879623158
4999.8879623158
4999.8879623158
4999.8879623158
4999.8879623158
4999.8879623158
4999.8879623158
4999.8879623158
4999.8879623158
4999.8879623158
4999.8879623158
4999.8879623156
4999.8879623132
4999.8879622834
4999.8879619175
4999.8879571264
4999.8878847976
4999.8865969350
4999.8615337241
4999.3659652162
4989.0779768536
4771.4288120546
2071.0316680425
313.0000000000
3.0000000000
0.0000000000
0.0000000000
0.0000000000
0.0000000000
0.0000000000
0.0000000000
0.0000000000
0.0000000000
0.0000000000
0.0000000000
0.0000000000
0.0000000000
0.0000000000
0.0000000000
0.0000000000
0.0000000000
0.0000000000
0.0000000000
0.0000000000
0.0000000000
0.0000000000
0.0000000000
0.0000000000
0.0000000000
0.0000000000
0.0000000000
0.0000000000
0.0000000000
0.0000000000
0.0000000000
0.0000000000
0.0000000000
0.0000000000
0.0000000000
0.0000000000
0.0000000000
0.0000000000
0.0000000000
0.0000000000
0.0000000000
0.0000000000
0.0000000000
0.0000000000
0.0000000000
0.0000000000
0.0000000000
0.0000000000
0.0000000000
0.0000000000
0.0000000000
0.0000000000
0.0000000000
0.0000000000
0.0000000000