5000.1080626166
5000.1080626166
5000.1080626166
5000.1080626166
5000.1080626166
5000.1080626166
5000.1080626166
5000.1080626166
5000.1080626166
5000.1080626166
5000.1080626166
5000.1080626166
5000.1080626166
5000.1080626166
5000.1080626166
5000.1080626166
5000.1080626166
5000.1080626166
5000.1080626166
5000.1080626166
5000.1080626166
5000.1080626166
5000.1080626166
5000.1080626166
5000.1080626166
5000.1080626166
5000.1080626166
5000.1080626166
5000.1080626166
5000.1080626166
5000.1080626166
5000.1080626166
5000.1080626166
5000.1080626166
5000.1080626166
5000.1080626166
5000.1080626166
5000.1080626166
5000.1080626166
5000.1080626166
5000.1080626165
5000.1080626145
5000.1080625865
5000.1080621910
5000.1080566310
5000.1079802272
5000.1068668721
5000.0869758711
4999.6694136863
4990.4931928863
4797.5714581567
2713.8680721248
131.4541432896
1.0000000000
0.0000000000
0.0000000000
0.0000000000
0.0000000000
0.0000000000
0.0000000000
0.0000000000
0.0000000000
0.0000000000
0.0000000000
0.0000000000
0.0000000000
0.0000000000
0.0000000000
0.0000000000
0.0000000000
0.0000000000
0.0000000000
0.0000000000
0.0000000000
0.0000000000
0.0000000000
0.0000000000
0.0000000000
0.0000000000
0.0000000000
0.0000000000
0.0000000000
0.0000000000
0.0000000000
0.0000000000
0.0000000000
0.0000000000
0.0000000000
0.0000000000
0.0000000000
0.0000000000
0.0000000000
0.0000000000
0.0000000000
0.0000000000
0.0000000000
0.0000000000
0.0000000000
0.0000000000
0.0000000000