0 0.023300
1 0.023300
2 0.023300
3 0.023300
4 0.023300
5 0.023300
6 0.023300
7 0.023300
8 0.023300
9 0.023300
10 0.023300
11 0.023300
12 0.023300
13 0.023300
14 0.023300
15 0.023300
16 0.023300
17 0.023300
18 0.023300
19 0.023300
20 0.023300
21 0.023300
22 0.023300
23 0.023300
24 0.023300
25 0.023300
26 0.023300
27 0.023300
28 0.023300
29 0.023300
30 0.023300
31 0.023300
32 0.023300
33 0.023300
34 0.023300
35 0.023300
36 0.023300
37 0.023300
38 0.023300
39 0.023300
40 0.023300
41 0.023300
42 0.023300
43 0.023300
44 0.023300
45 0.023300
46 0.023300
47 0.023300
48 0.023300
49 0.023300
50 0.023300
51 0.023300
52 0.023300
53 0.023300
54 0.023300
55 0.023300
56 0.023300
57 0.023300
58 0.023300
59 0.023300
60 0.023300
61 0.023300
62 0.023300
63 0.023300
64 0.023300
65 0.023300
66 0.023300
67 0.023300
68 0.023300
69 0.023300
70 0.023300
71 0.023300
72 0.023300
73 0.023300
74 0.023300
75 0.023300
76 0.023300
77 0.023300
78 0.023300
79 0.023300
80 0.023300
81 0.023300
82 0.023300
83 0.023300
84 0.023300
85 0.023300
86 0.023300
87 0.023300
88 0.023300
89 0.023300
90 0.023300
91 0.023300
92 0.023300
93 0.023300
94 0.023300
95 0.023300
96 0.023300
97 0.023300
98 0.023300
99 0.023300
