4952.0000000000
5022.0000000000
4952.0000000000
5013.0000000000
4977.0000000000
5026.0000000000
5036.0000000000
4979.0000000000
5031.0000000000
4951.0000000000
4992.0000000000
4953.0000000000
5076.0000000000
4996.0000000000
4954.0000000000
5046.0000000000
5053.0000000000
4950.0000000000
4862.0000000000
5004.0000000000
5015.0000000000
5074.0000000000
4943.0000000000
4970.0000000000
5002.0000000000
4953.0000000000
5028.0000000000
4988.0000000000
4888.0000000000
4132.0000000000
580.0000000000
10.0000000000
0.0000000000
0.0000000000
0.0000000000
0.0000000000
0.0000000000
0.0000000000
0.0000000000
0.0000000000
0.0000000000
0.0000000000
0.0000000000
0.0000000000
0.0000000000
0.0000000000
0.0000000000
0.0000000000
0.0000000000
0.0000000000
0.0000000000
0.0000000000
0.0000000000
0.0000000000
0.0000000000
0.0000000000
0.0000000000
0.0000000000
0.0000000000
0.0000000000
0.0000000000
0.0000000000
0.0000000000
0.0000000000
0.0000000000
0.0000000000
0.0000000000
0.0000000000
0.0000000000
0.0000000000
0.0000000000
0.0000000000
0.0000000000
0.0000000000
0.0000000000
0.0000000000
0.0000000000
0.0000000000
0.0000000000
0.0000000000
0.0000000000
0.0000000000
0.0000000000
0.0000000000
0.0000000000
0.0000000000
0.0000000000
0.0000000000
0.0000000000
0.0000000000
0.0000000000
0.0000000000
0.0000000000
0.0000000000
0.0000000000
0.0000000000
0.0000000000
0.0000000000
0.0000000000
0.0000000000