5073.0000000000
4969.0000000000
4982.0000000000
4984.0000000000
5057.0000000000
4895.0000000000
4982.0000000000
5103.0000000000
4998.0000000000
5056.0000000000
5024.0000000000
4978.0000000000
5084.0000000000
4920.0000000000
4948.0000000000
5080.0000000000
5034.0000000000
5085.0000000000
5072.0000000000
5029.0000000000
4958.0000000000
5104.0000000000
5059.0000000000
4938.0000000000
4991.0000000000
5113.0000000000
4875.0000000000
4898.0000000000
5006.0000000000
5032.0000000000
4916.0000000000
4490.0000000000
1618.0000000000
57.0000000000
10.0000000000
0.0000000000
0.0000000000
0.0000000000
0.0000000000
0.0000000000
0.0000000000
0.0000000000
0.0000000000
0.0000000000
0.0000000000
0.0000000000
0.0000000000
0.0000000000
0.0000000000
0.0000000000
0.0000000000
0.0000000000
0.0000000000
0.0000000000
0.0000000000
0.0000000000
0.0000000000
0.0000000000
0.0000000000
0.0000000000
0.0000000000
0.0000000000
0.0000000000
0.0000000000
0.0000000000
0.0000000000
0.0000000000
0.0000000000
0.0000000000
0.0000000000
0.0000000000
0.0000000000
0.0000000000
0.0000000000
0.0000000000
0.0000000000
0.0000000000
0.0000000000
0.0000000000
0.0000000000
0.0000000000
0.0000000000
0.0000000000
0.0000000000
0.0000000000
0.0000000000
0.0000000000
0.0000000000
0.0000000000
0.0000000000
0.0000000000
0.0000000000
0.0000000000
0.0000000000
0.0000000000
0.0000000000
0.0000000000
0.0000000000
0.0000000000
0.0000000000