4935.0000000000
5020.0000000000
5067.0000000000
4991.0000000000
5023.0000000000
5059.0000000000
5007.0000000000
5031.0000000000
4963.0000000000
5007.0000000000
4972.0000000000
4948.0000000000
4977.0000000000
4981.0000000000
4988.0000000000
4909.0000000000
5116.0000000000
5003.0000000000
5007.0000000000
5078.0000000000
5049.0000000000
4876.0000000000
5025.0000000000
5013.0000000000
4911.0000000000
5036.0000000000
5061.0000000000
5020.0000000000
5042.0000000000
5073.0000000000
5119.0000000000
4967.0000000000
4844.0000000000
2296.0000000000
431.0000000000
12.0000000000
0.0000000000
0.0000000000
0.0000000000
0.0000000000
0.0000000000
0.0000000000
0.0000000000
0.0000000000
0.0000000000
0.0000000000
0.0000000000
0.0000000000
0.0000000000
0.0000000000
0.0000000000
0.0000000000
0.0000000000
0.0000000000
0.0000000000
0.0000000000
0.0000000000
0.0000000000
0.0000000000
0.0000000000
0.0000000000
0.0000000000
0.0000000000
0.0000000000
0.0000000000
0.0000000000
0.0000000000
0.0000000000
0.0000000000
0.0000000000
0.0000000000
0.0000000000
0.0000000000
0.0000000000
0.0000000000
0.0000000000
0.0000000000
0.0000000000
0.0000000000
0.0000000000
0.0000000000
0.0000000000
0.0000000000
0.0000000000
0.0000000000
0.0000000000
0.0000000000
0.0000000000
0.0000000000
0.0000000000
0.0000000000
0.0000000000
0.0000000000
0.0000000000
0.0000000000
0.0000000000
0.0000000000
0.0000000000
0.0000000000
0.0000000000