4969.0000000000
5015.0000000000
5073.0000000000
4958.0000000000
4919.0000000000
5113.0000000000
5008.0000000000
4901.0000000000
4997.0000000000
4908.0000000000
4981.0000000000
4886.0000000000
5053.0000000000
5005.0000000000
4942.0000000000
4943.0000000000
4915.0000000000
5008.0000000000
5054.0000000000
5003.0000000000
5015.0000000000
4932.0000000000
5097.0000000000
5028.0000000000
5047.0000000000
4986.0000000000
5013.0000000000
5056.0000000000
4964.0000000000
4919.0000000000
4879.0000000000
4823.0000000000
4981.0000000000
5248.0000000000
5055.0000000000
5043.0000000000
4995.0000000000
4947.0000000000
5077.0000000000
4982.0000000000
5065.0000000000
5119.0000000000
4931.0000000000
4957.0000000000
4354.0000000000
1943.0000000000
49.0000000000
1.0000000000
0.0000000000
0.0000000000
0.0000000000
0.0000000000
0.0000000000
0.0000000000
0.0000000000
0.0000000000
0.0000000000
0.0000000000
0.0000000000
0.0000000000
0.0000000000
0.0000000000
0.0000000000
0.0000000000
0.0000000000
0.0000000000
0.0000000000
0.0000000000
0.0000000000
0.0000000000
0.0000000000
0.0000000000
0.0000000000
0.0000000000
0.0000000000
0.0000000000
0.0000000000
0.0000000000
0.0000000000
0.0000000000
0.0000000000
0.0000000000
0.0000000000
0.0000000000
0.0000000000
0.0000000000
0.0000000000
0.0000000000
0.0000000000
0.0000000000
0.0000000000
0.0000000000
0.0000000000
0.0000000000
0.0000000000
0.0000000000
0.0000000000
0.0000000000
0.0000000000
0.0000000000