5055.0000000000
5037.0000000000
4951.0000000000
5021.0000000000
5043.0000000000
4878.0000000000
5065.0000000000
4927.0000000000
5029.0000000000
5170.0000000000
4904.0000000000
4963.0000000000
5142.0000000000
4918.0000000000
5047.0000000000
5001.0000000000
4942.0000000000
4928.0000000000
4952.0000000000
5069.0000000000
5017.0000000000
5041.0000000000
4956.0000000000
5029.0000000000
5025.0000000000
5001.0000000000
5022.0000000000
5065.0000000000
5115.0000000000
5001.0000000000
4991.0000000000
5007.0000000000
5048.0000000000
5096.0000000000
5021.0000000000
4996.0000000000
4880.0000000000
5091.0000000000
4974.0000000000
4862.0000000000
4880.0000000000
4830.0000000000
5065.0000000000
5042.0000000000
5129.0000000000
5040.0000000000
5089.0000000000
5068.0000000000
5023.0000000000
5077.0000000000
4945.0000000000
5009.0000000000
5128.0000000000
4969.0000000000
4988.0000000000
4519.0000000000
1456.0000000000
210.0000000000
1.0000000000
0.0000000000
0.0000000000
0.0000000000
0.0000000000
0.0000000000
0.0000000000
0.0000000000
0.0000000000
0.0000000000
0.0000000000
0.0000000000
0.0000000000
0.0000000000
0.0000000000
0.0000000000
0.0000000000
0.0000000000
0.0000000000
0.0000000000
0.0000000000
0.0000000000
0.0000000000
0.0000000000
0.0000000000
0.0000000000
0.0000000000
0.0000000000
0.0000000000
0.0000000000
0.0000000000
0.0000000000
0.0000000000
0.0000000000
0.0000000000
0.0000000000
0.0000000000
0.0000000000
0.0000000000
0.0000000000
0.0000000000
0.0000000000