4961.0000000000
5071.0000000000
4951.0000000000
4941.0000000000
4888.0000000000
5097.0000000000
4961.0000000000
4949.0000000000
4899.0000000000
5016.0000000000
4936.0000000000
5039.0000000000
4985.0000000000
4985.0000000000
4882.0000000000
5080.0000000000
4999.0000000000
5011.0000000000
4862.0000000000
5048.0000000000
4905.0000000000
4946.0000000000
5052.0000000000
5035.0000000000
4990.0000000000
5033.0000000000
4970.0000000000
4955.0000000000
4983.0000000000
4965.0000000000
4984.0000000000
5079.0000000000
4939.0000000000
4916.0000000000
4928.0000000000
5096.0000000000
4965.0000000000
4981.0000000000
5021.0000000000
5004.0000000000
4972.0000000000
4912.0000000000
5046.0000000000
4999.0000000000
5090.0000000000
4982.0000000000
4950.0000000000
4872.0000000000
5054.0000000000
4961.0000000000
4809.0000000000
5053.0000000000
4955.0000000000
5009.0000000000
5002.0000000000
4913.0000000000
4860.0000000000
4862.0000000000
1309.0000000000
57.0000000000
0.0000000000
0.0000000000
0.0000000000
0.0000000000
0.0000000000
0.0000000000
0.0000000000
0.0000000000
0.0000000000
0.0000000000
0.0000000000
0.0000000000
0.0000000000
0.0000000000
0.0000000000
0.0000000000
0.0000000000
0.0000000000
0.0000000000
0.0000000000
0.0000000000
0.0000000000
0.0000000000
0.0000000000
0.0000000000
0.0000000000
0.0000000000
0.0000000000
0.0000000000
0.0000000000
0.0000000000
0.0000000000
0.0000000000
0.0000000000
0.0000000000
0.0000000000
0.0000000000
0.0000000000
0.0000000000
0.0000000000