4942.0000000000
4797.0000000000
4907.0000000000
5034.0000000000
4925.0000000000
4936.0000000000
4920.0000000000
5001.0000000000
4984.0000000000
4793.0000000000
4906.0000000000
5050.0000000000
4998.0000000000
5029.0000000000
4723.0000000000
5086.0000000000
4909.0000000000
4978.0000000000
4894.0000000000
4994.0000000000
5022.0000000000
5024.0000000000
4958.0000000000
5085.0000000000
4960.0000000000
4965.0000000000
5064.0000000000
5087.0000000000
5000.0000000000
4886.0000000000
5070.0000000000
4912.0000000000
5016.0000000000
4989.0000000000
4852.0000000000
5039.0000000000
5002.0000000000
4970.0000000000
5024.0000000000
5037.0000000000
5019.0000000000
5084.0000000000
5092.0000000000
4936.0000000000
5065.0000000000
5072.0000000000
5002.0000000000
4992.0000000000
5076.0000000000
4821.0000000000
5004.0000000000
5063.0000000000
5006.0000000000
4993.0000000000
4958.0000000000
5141.0000000000
5075.0000000000
5044.0000000000
4802.0000000000
2160.0000000000
63.0000000000
1.0000000000
0.0000000000
0.0000000000
0.0000000000
0.0000000000
0.0000000000
0.0000000000
0.0000000000
0.0000000000
0.0000000000
0.0000000000
0.0000000000
0.0000000000
0.0000000000
0.0000000000
0.0000000000
0.0000000000
0.0000000000
0.0000000000
0.0000000000
0.0000000000
0.0000000000
0.0000000000
0.0000000000
0.0000000000
0.0000000000
0.0000000000
0.0000000000
0.0000000000
0.0000000000
0.0000000000
0.0000000000
0.0000000000
0.0000000000
0.0000000000
0.0000000000
0.0000000000
0.0000000000
0.0000000000