4882.0000000000
4933.0000000000
5009.0000000000
4962.0000000000
4871.0000000000
4920.0000000000
4928.0000000000
5190.0000000000
5041.0000000000
4999.0000000000
5088.0000000000
4908.0000000000
4991.0000000000
4987.0000000000
4882.0000000000
4973.0000000000
4904.0000000000
4989.0000000000
4978.0000000000
4951.0000000000
4896.0000000000
4995.0000000000
4976.0000000000
4989.0000000000
4947.0000000000
5076.0000000000
4951.0000000000
4951.0000000000
5125.0000000000
5044.0000000000
5060.0000000000
4926.0000000000
5060.0000000000
5047.0000000000
4937.0000000000
5121.0000000000
5041.0000000000
4862.0000000000
4888.0000000000
5041.0000000000
4919.0000000000
4987.0000000000
5061.0000000000
4977.0000000000
5046.0000000000
5088.0000000000
5033.0000000000
5004.0000000000
4935.0000000000
4993.0000000000
4926.0000000000
4939.0000000000
5002.0000000000
4968.0000000000
4958.0000000000
5037.0000000000
4949.0000000000
5008.0000000000
4928.0000000000
4146.0000000000
518.0000000000
31.0000000000
1.0000000000
0.0000000000
0.0000000000
0.0000000000
0.0000000000
0.0000000000
0.0000000000
0.0000000000
0.0000000000
0.0000000000
0.0000000000
0.0000000000
0.0000000000
0.0000000000
0.0000000000
0.0000000000
0.0000000000
0.0000000000
0.0000000000
0.0000000000
0.0000000000
0.0000000000
0.0000000000
0.0000000000
0.0000000000
0.0000000000
0.0000000000
0.0000000000
0.0000000000
0.0000000000
0.0000000000
0.0000000000
0.0000000000
0.0000000000
0.0000000000
0.0000000000
0.0000000000
0.0000000000