0 0.000000
1 0.000000
2 0.000220
3 0.088484
4 24.863456
5 4113.019501
6 4162.848963
7 4163.092673
8 4163.093454
9 4163.093456
10 4163.093456
11 4163.093456
12 4163.093456
13 4163.093456
14 4163.093456
15 4163.093456
16 4163.093456
17 4163.093456
18 4163.093456
19 4163.093456
20 4163.093456
21 4163.093456
22 4163.093456
23 4163.093456
24 4163.093456
25 4163.093456
26 4163.093456
27 4163.093456
28 4163.093456
29 4163.093456
30 4163.093456
31 4163.093456
32 4163.093456
33 4163.093456
34 4163.093456
35 4163.093456
36 4163.093456
37 4163.093456
38 4163.093456
39 4163.093456
40 4163.093456
41 4163.093456
42 4163.093456
43 4163.093456
44 4163.093456
45 4163.093456
46 4163.093456
47 4163.093456
48 4163.093456
49 4163.093456
50 4163.093456
51 4163.093456
52 4163.093456
53 4163.093456
54 4163.093456
55 4163.093456
56 4163.093456
57 4163.093456
58 4163.093456
59 4163.093456
60 4163.093456
61 4163.093456
62 4163.093456
63 4163.093456
64 4163.093456
65 4163.093456
66 4163.093456
67 4163.093456
68 4163.093456
69 4163.093456
70 4163.093456
71 4163.093456
72 4163.093456
73 4163.093456
74 4163.093456
75 4163.093456
76 4163.093456
77 4163.093456
78 4163.093456
79 4163.093456
80 4163.093456
81 4163.093456
82 4163.093456
83 4163.093456
84 4163.093456
85 4163.093456
86 4163.093456
87 4163.093456
88 4163.093456
89 4163.093456
90 4163.093456
91 4163.093456
92 4163.093456
93 4163.093456
94 4163.093456
95 4163.093456
96 4163.093456
97 4163.093456
98 4163.093456
99 4163.093456
