0 0.000000
1 0.000000
2 0.000142
3 0.067037
4 21.928509
5 4124.636672
6 4165.026369
7 4165.201134
8 4165.201660
9 4165.201661
10 4165.201661
11 4165.201661
12 4165.201661
13 4165.201661
14 4165.201661
15 4165.201661
16 4165.201661
17 4165.201661
18 4165.201661
19 4165.201661
20 4165.201661
21 4165.201661
22 4165.201661
23 4165.201661
24 4165.201661
25 4165.201661
26 4165.201661
27 4165.201661
28 4165.201661
29 4165.201661
30 4165.201661
31 4165.201661
32 4165.201661
33 4165.201661
34 4165.201661
35 4165.201661
36 4165.201661
37 4165.201661
38 4165.201661
39 4165.201661
40 4165.201661
41 4165.201661
42 4165.201661
43 4165.201661
44 4165.201661
45 4165.201661
46 4165.201661
47 4165.201661
48 4165.201661
49 4165.201661
50 4165.201661
51 4165.201661
52 4165.201661
53 4165.201661
54 4165.201661
55 4165.201661
56 4165.201661
57 4165.201661
58 4165.201661
59 4165.201661
60 4165.201661
61 4165.201661
62 4165.201661
63 4165.201661
64 4165.201661
65 4165.201661
66 4165.201661
67 4165.201661
68 4165.201661
69 4165.201661
70 4165.201661
71 4165.201661
72 4165.201661
73 4165.201661
74 4165.201661
75 4165.201661
76 4165.201661
77 4165.201661
78 4165.201661
79 4165.201661
80 4165.201661
81 4165.201661
82 4165.201661
83 4165.201661
84 4165.201661
85 4165.201661
86 4165.201661
87 4165.201661
88 4165.201661
89 4165.201661
90 4165.201661
91 4165.201661
92 4165.201661
93 4165.201661
94 4165.201661
95 4165.201661
96 4165.201661
97 4165.201661
98 4165.201661
99 4165.201661
