0 0.000003
1 0.000003
2 0.000802
3 0.197799
4 35.202988
5 4056.300406
6 4159.286946
7 4160.058197
8 4160.061786
9 4160.061797
10 4160.061797
11 4160.061797
12 4160.061797
13 4160.061797
14 4160.061797
15 4160.061797
16 4160.061797
17 4160.061797
18 4160.061797
19 4160.061797
20 4160.061797
21 4160.061797
22 4160.061797
23 4160.061797
24 4160.061797
25 4160.061797
26 4160.061797
27 4160.061797
28 4160.061797
29 4160.061797
30 4160.061797
31 4160.061797
32 4160.061797
33 4160.061797
34 4160.061797
35 4160.061797
36 4160.061797
37 4160.061797
38 4160.061797
39 4160.061797
40 4160.061797
41 4160.061797
42 4160.061797
43 4160.061797
44 4160.061797
45 4160.061797
46 4160.061797
47 4160.061797
48 4160.061797
49 4160.061797
50 4160.061797
51 4160.061797
52 4160.061797
53 4160.061797
54 4160.061797
55 4160.061797
56 4160.061797
57 4160.061797
58 4160.061797
59 4160.061797
60 4160.061797
61 4160.061797
62 4160.061797
63 4160.061797
64 4160.061797
65 4160.061797
66 4160.061797
67 4160.061797
68 4160.061797
69 4160.061797
70 4160.061797
71 4160.061797
72 4160.061797
73 4160.061797
74 4160.061797
75 4160.061797
76 4160.061797
77 4160.061797
78 4160.061797
79 4160.061797
80 4160.061797
81 4160.061797
82 4160.061797
83 4160.061797
84 4160.061797
85 4160.061797
86 4160.061797
87 4160.061797
88 4160.061797
89 4160.061797
90 4160.061797
91 4160.061797
92 4160.061797
93 4160.061797
94 4160.061797
95 4160.061797
96 4160.061797
97 4160.061797
98 4160.061797
99 4160.061797
