0 0.000013
1 0.000013
2 0.002535
3 0.388249
4 45.345127
5 3893.650274
6 4156.392145
7 4159.638061
8 4159.663458
9 4159.663607
10 4159.663608
11 4159.663608
12 4159.663608
13 4159.663608
14 4159.663608
15 4159.663608
16 4159.663608
17 4159.663608
18 4159.663608
19 4159.663608
20 4159.663608
21 4159.663608
22 4159.663608
23 4159.663608
24 4159.663608
25 4159.663608
26 4159.663608
27 4159.663608
28 4159.663608
29 4159.663608
30 4159.663608
31 4159.663608
32 4159.663608
33 4159.663608
34 4159.663608
35 4159.663608
36 4159.663608
37 4159.663608
38 4159.663608
39 4159.663608
40 4159.663608
41 4159.663608
42 4159.663608
43 4159.663608
44 4159.663608
45 4159.663608
46 4159.663608
47 4159.663608
48 4159.663608
49 4159.663608
50 4159.663608
51 4159.663608
52 4159.663608
53 4159.663608
54 4159.663608
55 4159.663608
56 4159.663608
57 4159.663608
58 4159.663608
59 4159.663608
60 4159.663608
61 4159.663608
62 4159.663608
63 4159.663608
64 4159.663608
65 4159.663608
66 4159.663608
67 4159.663608
68 4159.663608
69 4159.663608
70 4159.663608
71 4159.663608
72 4159.663608
73 4159.663608
74 4159.663608
75 4159.663608
76 4159.663608
77 4159.663608
78 4159.663608
79 4159.663608
80 4159.663608
81 4159.663608
82 4159.663608
83 4159.663608
84 4159.663608
85 4159.663608
86 4159.663608
87 4159.663608
88 4159.663608
89 4159.663608
90 4159.663608
91 4159.663608
92 4159.663608
93 4159.663608
94 4159.663608
95 4159.663608
96 4159.663608
97 4159.663608
98 4159.663608
99 4159.663608
