0 0.000008
1 0.000008
2 0.001814
3 0.321193
4 42.507452
5 3967.473355
6 4157.680678
7 4159.679435
8 4159.692646
9 4159.692711
10 4159.692711
11 4159.692711
12 4159.692711
13 4159.692711
14 4159.692711
15 4159.692711
16 4159.692711
17 4159.692711
18 4159.692711
19 4159.692711
20 4159.692711
21 4159.692711
22 4159.692711
23 4159.692711
24 4159.692711
25 4159.692711
26 4159.692711
27 4159.692711
28 4159.692711
29 4159.692711
30 4159.692711
31 4159.692711
32 4159.692711
33 4159.692711
34 4159.692711
35 4159.692711
36 4159.692711
37 4159.692711
38 4159.692711
39 4159.692711
40 4159.692711
41 4159.692711
42 4159.692711
43 4159.692711
44 4159.692711
45 4159.692711
46 4159.692711
47 4159.692711
48 4159.692711
49 4159.692711
50 4159.692711
51 4159.692711
52 4159.692711
53 4159.692711
54 4159.692711
55 4159.692711
56 4159.692711
57 4159.692711
58 4159.692711
59 4159.692711
60 4159.692711
61 4159.692711
62 4159.692711
63 4159.692711
64 4159.692711
65 4159.692711
66 4159.692711
67 4159.692711
68 4159.692711
69 4159.692711
70 4159.692711
71 4159.692711
72 4159.692711
73 4159.692711
74 4159.692711
75 4159.692711
76 4159.692711
77 4159.692711
78 4159.692711
79 4159.692711
80 4159.692711
81 4159.692711
82 4159.692711
83 4159.692711
84 4159.692711
85 4159.692711
86 4159.692711
87 4159.692711
88 4159.692711
89 4159.692711
90 4159.692711
91 4159.692711
92 4159.692711
93 4159.692711
94 4159.692711
95 4159.692711
96 4159.692711
97 4159.692711
98 4159.692711
99 4159.692711
