0 0.000014
1 0.000014
2 0.002660
3 0.398705
4 45.725290
5 3879.448317
6 4156.130016
7 4159.633354
8 4159.661478
9 4159.661647
10 4159.661648
11 4159.661648
12 4159.661648
13 4159.661648
14 4159.661648
15 4159.661648
16 4159.661648
17 4159.661648
18 4159.661648
19 4159.661648
20 4159.661648
21 4159.661648
22 4159.661648
23 4159.661648
24 4159.661648
25 4159.661648
26 4159.661648
27 4159.661648
28 4159.661648
29 4159.661648
30 4159.661648
31 4159.661648
32 4159.661648
33 4159.661648
34 4159.661648
35 4159.661648
36 4159.661648
37 4159.661648
38 4159.661648
39 4159.661648
40 4159.661648
41 4159.661648
42 4159.661648
43 4159.661648
44 4159.661648
45 4159.661648
46 4159.661648
47 4159.661648
48 4159.661648
49 4159.661648
50 4159.661648
51 4159.661648
52 4159.661648
53 4159.661648
54 4159.661648
55 4159.661648
56 4159.661648
57 4159.661648
58 4159.661648
59 4159.661648
60 4159.661648
61 4159.661648
62 4159.661648
63 4159.661648
64 4159.661648
65 4159.661648
66 4159.661648
67 4159.661648
68 4159.661648
69 4159.661648
70 4159.661648
71 4159.661648
72 4159.661648
73 4159.661648
74 4159.661648
75 4159.661648
76 4159.661648
77 4159.661648
78 4159.661648
79 4159.661648
80 4159.661648
81 4159.661648
82 4159.661648
83 4159.661648
84 4159.661648
85 4159.661648
86 4159.661648
87 4159.661648
88 4159.661648
89 4159.661648
90 4159.661648
91 4159.661648
92 4159.661648
93 4159.661648
94 4159.661648
95 4159.661648
96 4159.661648
97 4159.661648
98 4159.661648
99 4159.661648
