0 0.000018
1 0.000018
2 0.003165
3 0.438257
4 47.007713
5 3816.328061
6 4154.912044
7 4159.615279
8 4159.656871
9 4159.657148
10 4159.657150
11 4159.657150
12 4159.657150
13 4159.657150
14 4159.657150
15 4159.657150
16 4159.657150
17 4159.657150
18 4159.657150
19 4159.657150
20 4159.657150
21 4159.657150
22 4159.657150
23 4159.657150
24 4159.657150
25 4159.657150
26 4159.657150
27 4159.657150
28 4159.657150
29 4159.657150
30 4159.657150
31 4159.657150
32 4159.657150
33 4159.657150
34 4159.657150
35 4159.657150
36 4159.657150
37 4159.657150
38 4159.657150
39 4159.657150
40 4159.657150
41 4159.657150
42 4159.657150
43 4159.657150
44 4159.657150
45 4159.657150
46 4159.657150
47 4159.657150
48 4159.657150
49 4159.657150
50 4159.657150
51 4159.657150
52 4159.657150
53 4159.657150
54 4159.657150
55 4159.657150
56 4159.657150
57 4159.657150
58 4159.657150
59 4159.657150
60 4159.657150
61 4159.657150
62 4159.657150
63 4159.657150
64 4159.657150
65 4159.657150
66 4159.657150
67 4159.657150
68 4159.657150
69 4159.657150
70 4159.657150
71 4159.657150
72 4159.657150
73 4159.657150
74 4159.657150
75 4159.657150
76 4159.657150
77 4159.657150
78 4159.657150
79 4159.657150
80 4159.657150
81 4159.657150
82 4159.657150
83 4159.657150
84 4159.657150
85 4159.657150
86 4159.657150
87 4159.657150
88 4159.657150
89 4159.657150
90 4159.657150
91 4159.657150
92 4159.657150
93 4159.657150
94 4159.657150
95 4159.657150
96 4159.657150
97 4159.657150
98 4159.657150
99 4159.657150
