0 0.000017
1 0.000017
2 0.003038
3 0.428718
4 46.721600
5 3833.108444
6 4155.243868
7 4159.619860
8 4159.657665
9 4159.657911
10 4159.657912
11 4159.657912
12 4159.657912
13 4159.657912
14 4159.657912
15 4159.657912
16 4159.657912
17 4159.657912
18 4159.657912
19 4159.657912
20 4159.657912
21 4159.657912
22 4159.657912
23 4159.657912
24 4159.657912
25 4159.657912
26 4159.657912
27 4159.657912
28 4159.657912
29 4159.657912
30 4159.657912
31 4159.657912
32 4159.657912
33 4159.657912
34 4159.657912
35 4159.657912
36 4159.657912
37 4159.657912
38 4159.657912
39 4159.657912
40 4159.657912
41 4159.657912
42 4159.657912
43 4159.657912
44 4159.657912
45 4159.657912
46 4159.657912
47 4159.657912
48 4159.657912
49 4159.657912
50 4159.657912
51 4159.657912
52 4159.657912
53 4159.657912
54 4159.657912
55 4159.657912
56 4159.657912
57 4159.657912
58 4159.657912
59 4159.657912
60 4159.657912
61 4159.657912
62 4159.657912
63 4159.657912
64 4159.657912
65 4159.657912
66 4159.657912
67 4159.657912
68 4159.657912
69 4159.657912
70 4159.657912
71 4159.657912
72 4159.657912
73 4159.657912
74 4159.657912
75 4159.657912
76 4159.657912
77 4159.657912
78 4159.657912
79 4159.657912
80 4159.657912
81 4159.657912
82 4159.657912
83 4159.657912
84 4159.657912
85 4159.657912
86 4159.657912
87 4159.657912
88 4159.657912
89 4159.657912
90 4159.657912
91 4159.657912
92 4159.657912
93 4159.657912
94 4159.657912
95 4159.657912
96 4159.657912
97 4159.657912
98 4159.657912
99 4159.657912
