0 0.000039
1 0.000039
2 0.005136
3 0.557241
4 48.834062
5 3426.383012
6 4146.083125
7 4159.490315
8 4159.652860
9 4159.654340
10 4159.654351
11 4159.654351
12 4159.654351
13 4159.654351
14 4159.654351
15 4159.654351
16 4159.654351
17 4159.654351
18 4159.654351
19 4159.654351
20 4159.654351
21 4159.654351
22 4159.654351
23 4159.654351
24 4159.654351
25 4159.654351
26 4159.654351
27 4159.654351
28 4159.654351
29 4159.654351
30 4159.654351
31 4159.654351
32 4159.654351
33 4159.654351
34 4159.654351
35 4159.654351
36 4159.654351
37 4159.654351
38 4159.654351
39 4159.654351
40 4159.654351
41 4159.654351
42 4159.654351
43 4159.654351
44 4159.654351
45 4159.654351
46 4159.654351
47 4159.654351
48 4159.654351
49 4159.654351
50 4159.654351
51 4159.654351
52 4159.654351
53 4159.654351
54 4159.654351
55 4159.654351
56 4159.654351
57 4159.654351
58 4159.654351
59 4159.654351
60 4159.654351
61 4159.654351
62 4159.654351
63 4159.654351
64 4159.654351
65 4159.654351
66 4159.654351
67 4159.654351
68 4159.654351
69 4159.654351
70 4159.654351
71 4159.654351
72 4159.654351
73 4159.654351
74 4159.654351
75 4159.654351
76 4159.654351
77 4159.654351
78 4159.654351
79 4159.654351
80 4159.654351
81 4159.654351
82 4159.654351
83 4159.654351
84 4159.654351
85 4159.654351
86 4159.654351
87 4159.654351
88 4159.654351
89 4159.654351
90 4159.654351
91 4159.654351
92 4159.654351
93 4159.654351
94 4159.654351
95 4159.654351
96 4159.654351
97 4159.654351
98 4159.654351
99 4159.654351
