4999.8999730646
4999.8999730646
4999.8999730646
4999.8999730646
4999.8999730646
4999.8999730646
4999.8999730646
4999.8999730646
4999.8999730646
4999.8999730646
4999.8999730646
4999.8999730646
4999.8999730646
4999.8999730646
4999.8999730646
4999.8999730645
4999.8999730643
4999.8999730608
4999.8999730010
4999.8999719293
4999.8999521130
4999.8995856507
4999.8932170917
4999.7966344264
4998.4950129341
4982.2828216793
4877.2921519384
3352.7787393925
314.0584370902
6.0000000000
0.0000000000
0.0000000000
0.0000000000
0.0000000000
0.0000000000
0.0000000000
0.0000000000
0.0000000000
0.0000000000
0.0000000000
0.0000000000
0.0000000000
0.0000000000
0.0000000000
0.0000000000
0.0000000000
0.0000000000
0.0000000000
0.0000000000
0.0000000000
0.0000000000
0.0000000000
0.0000000000
0.0000000000
0.0000000000
0.0000000000
0.0000000000
0.0000000000
0.0000000000
0.0000000000
0.0000000000
0.0000000000
0.0000000000
0.0000000000
0.0000000000
0.0000000000
0.0000000000
0.0000000000
0.0000000000
0.0000000000
0.0000000000
0.0000000000
0.0000000000
0.0000000000
0.0000000000
0.0000000000
0.0000000000
0.0000000000
0.0000000000
0.0000000000
0.0000000000
0.0000000000
0.0000000000
0.0000000000
0.0000000000
0.0000000000
0.0000000000
0.0000000000
0.0000000000
0.0000000000
0.0000000000
0.0000000000
0.0000000000
0.0000000000
0.0000000000
0.0000000000
0.0000000000
0.0000000000
0.0000000000
0.0000000000