5000.2523024437
5000.2523024437
5000.2523024437
5000.2523024437
5000.2523024437
5000.2523024437
5000.2523024437
5000.2523024437
5000.2523024437
5000.2523024437
5000.2523024437
5000.2523024437
5000.2523024437
5000.2523024437
5000.2523024437
5000.2523024436
5000.2523024423
5000.2523024227
5000.2523020997
5000.2522963822
5000.2521910982
5000.2502089947
5000.2141032797
4999.6453533973
4991.9515738085
4882.9762873197
4318.0710957172
1083.0319717260
23.0000000000
0.0000000000
0.0000000000
0.0000000000
0.0000000000
0.0000000000
0.0000000000
0.0000000000
0.0000000000
0.0000000000
0.0000000000
0.0000000000
0.0000000000
0.0000000000
0.0000000000
0.0000000000
0.0000000000
0.0000000000
0.0000000000
0.0000000000
0.0000000000
0.0000000000
0.0000000000
0.0000000000
0.0000000000
0.0000000000
0.0000000000
0.0000000000
0.0000000000
0.0000000000
0.0000000000
0.0000000000
0.0000000000
0.0000000000
0.0000000000
0.0000000000
0.0000000000
0.0000000000
0.0000000000
0.0000000000
0.0000000000
0.0000000000
0.0000000000
0.0000000000
0.0000000000
0.0000000000
0.0000000000
0.0000000000
0.0000000000
0.0000000000
0.0000000000
0.0000000000
0.0000000000
0.0000000000
0.0000000000
0.0000000000
0.0000000000
0.0000000000
0.0000000000
0.0000000000
0.0000000000
0.0000000000
0.0000000000
0.0000000000
0.0000000000
0.0000000000
0.0000000000
0.0000000000
0.0000000000
0.0000000000
0.0000000000
0.0000000000