5000.0938714898
5000.0938714898
5000.0938714898
5000.0938714898
5000.0938714898
5000.0938714898
5000.0938714898
5000.0938714898
5000.0938714898
5000.0938714898
5000.0938714898
5000.0938714898
5000.0938714898
5000.0938714898
5000.0938714898
5000.0938714898
5000.0938714898
5000.0938714898
5000.0938714898
5000.0938714898
5000.0938714898
5000.0938714898
5000.0938714898
5000.0938714898
5000.0938714898
5000.0938714895
5000.0938714843
5000.0938713943
5000.0938698152
5000.0938415554
5000.0933443653
5000.0851302275
4999.9508400082
4997.4138096132
4951.2233127723
4672.0542129912
1742.0171067460
89.0000000000
0.0000000000
0.0000000000
0.0000000000
0.0000000000
0.0000000000
0.0000000000
0.0000000000
0.0000000000
0.0000000000
0.0000000000
0.0000000000
0.0000000000
0.0000000000
0.0000000000
0.0000000000
0.0000000000
0.0000000000
0.0000000000
0.0000000000
0.0000000000
0.0000000000
0.0000000000
0.0000000000
0.0000000000
0.0000000000
0.0000000000
0.0000000000
0.0000000000
0.0000000000
0.0000000000
0.0000000000
0.0000000000
0.0000000000
0.0000000000
0.0000000000
0.0000000000
0.0000000000
0.0000000000
0.0000000000
0.0000000000
0.0000000000
0.0000000000
0.0000000000
0.0000000000
0.0000000000
0.0000000000
0.0000000000
0.0000000000
0.0000000000
0.0000000000
0.0000000000
0.0000000000
0.0000000000
0.0000000000
0.0000000000
0.0000000000
0.0000000000
0.0000000000
0.0000000000
0.0000000000
0.0000000000
0.0000000000