5000.0007143782
5000.0007143782
5000.0007143782
5000.0007143782
5000.0007143782
5000.0007143782
5000.0007143782
5000.0007143782
5000.0007143782
5000.0007143782
5000.0007143782
5000.0007143782
5000.0007143782
5000.0007143782
5000.0007143782
5000.0007143782
5000.0007143782
5000.0007143782
5000.0007143782
5000.0007143782
5000.0007143782
5000.0007143782
5000.0007143782
5000.0007143779
5000.0007143746
5000.0007143248
5000.0007134815
5000.0006989237
5000.0004517486
4999.9961297147
4999.9151490345
4998.4267572311
4975.3999864212
4698.5217261090
1101.0199385115
191.0000000000
0.0000000000
0.0000000000
0.0000000000
0.0000000000
0.0000000000
0.0000000000
0.0000000000
0.0000000000
0.0000000000
0.0000000000
0.0000000000
0.0000000000
0.0000000000
0.0000000000
0.0000000000
0.0000000000
0.0000000000
0.0000000000
0.0000000000
0.0000000000
0.0000000000
0.0000000000
0.0000000000
0.0000000000
0.0000000000
0.0000000000
0.0000000000
0.0000000000
0.0000000000
0.0000000000
0.0000000000
0.0000000000
0.0000000000
0.0000000000
0.0000000000
0.0000000000
0.0000000000
0.0000000000
0.0000000000
0.0000000000
0.0000000000
0.0000000000
0.0000000000
0.0000000000
0.0000000000
0.0000000000
0.0000000000
0.0000000000
0.0000000000
0.0000000000
0.0000000000
0.0000000000
0.0000000000
0.0000000000
0.0000000000
0.0000000000
0.0000000000
0.0000000000
0.0000000000
0.0000000000
0.0000000000
0.0000000000
0.0000000000
0.0000000000