5000.0078453455
5000.0078453455
5000.0078453455
5000.0078453455
5000.0078453455
5000.0078453455
5000.0078453455
5000.0078453455
5000.0078453455
5000.0078453455
5000.0078453455
5000.0078453455
5000.0078453455
5000.0078453455
5000.0078453455
5000.0078453455
5000.0078453455
5000.0078453455
5000.0078453455
5000.0078453455
5000.0078453448
5000.0078453335
5000.0078451749
5000.0078431606
5000.0078197115
5000.0075458226
5000.0036398808
4999.9335033724
4998.6310153697
4976.6372879725
4710.7670753054
1395.0186756915
42.0000000000
1.0000000000
0.0000000000
0.0000000000
0.0000000000
0.0000000000
0.0000000000
0.0000000000
0.0000000000
0.0000000000
0.0000000000
0.0000000000
0.0000000000
0.0000000000
0.0000000000
0.0000000000
0.0000000000
0.0000000000
0.0000000000
0.0000000000
0.0000000000
0.0000000000
0.0000000000
0.0000000000
0.0000000000
0.0000000000
0.0000000000
0.0000000000
0.0000000000
0.0000000000
0.0000000000
0.0000000000
0.0000000000
0.0000000000
0.0000000000
0.0000000000
0.0000000000
0.0000000000
0.0000000000
0.0000000000
0.0000000000
0.0000000000
0.0000000000
0.0000000000
0.0000000000
0.0000000000
0.0000000000
0.0000000000
0.0000000000
0.0000000000
0.0000000000
0.0000000000
0.0000000000
0.0000000000
0.0000000000
0.0000000000
0.0000000000
0.0000000000
0.0000000000
0.0000000000
0.0000000000
0.0000000000
0.0000000000
0.0000000000
0.0000000000
0.0000000000
0.0000000000
0.0000000000