5000.1410454767
5000.1410454767
5000.1410454767
5000.1410454767
5000.1410454767
5000.1410454767
5000.1410454767
5000.1410454767
5000.1410454767
5000.1410454767
5000.1410454767
5000.1410454767
5000.1410454767
5000.1410454767
5000.1410454767
5000.1410454767
5000.1410454767
5000.1410454767
5000.1410454767
5000.1410454767
5000.1410454767
5000.1410454767
5000.1410454767
5000.1410454767
5000.1410454767
5000.1410454766
5000.1410454757
5000.1410454591
5000.1410451668
5000.1410399785
5000.1409503191
5000.1394639654
5000.1142271772
4999.6567402446
4992.7428183550
4939.7650101201
3962.4960700460
612.0417827925
11.0000000000
0.0000000000
0.0000000000
0.0000000000
0.0000000000
0.0000000000
0.0000000000
0.0000000000
0.0000000000
0.0000000000
0.0000000000
0.0000000000
0.0000000000
0.0000000000
0.0000000000
0.0000000000
0.0000000000
0.0000000000
0.0000000000
0.0000000000
0.0000000000
0.0000000000
0.0000000000
0.0000000000
0.0000000000
0.0000000000
0.0000000000
0.0000000000
0.0000000000
0.0000000000
0.0000000000
0.0000000000
0.0000000000
0.0000000000
0.0000000000
0.0000000000
0.0000000000
0.0000000000
0.0000000000
0.0000000000
0.0000000000
0.0000000000
0.0000000000
0.0000000000
0.0000000000
0.0000000000
0.0000000000
0.0000000000
0.0000000000
0.0000000000
0.0000000000
0.0000000000
0.0000000000
0.0000000000
0.0000000000
0.0000000000
0.0000000000
0.0000000000
0.0000000000
0.0000000000
0.0000000000
0.0000000000