4999.9573559380
4999.9573559380
4999.9573559380
4999.9573559380
4999.9573559380
4999.9573559380
4999.9573559380
4999.9573559380
4999.9573559380
4999.9573559380
4999.9573559380
4999.9573559380
4999.9573559380
4999.9573559380
4999.9573559380
4999.9573559380
4999.9573559380
4999.9573559380
4999.9573559380
4999.9573559380
4999.9573559380
4999.9573559379
4999.9573559372
4999.9573559282
4999.9573558182
4999.9573542974
4999.9573292795
4999.9568880912
4999.9494140662
4999.8270336496
4997.6112056991
4952.4731169447
4166.5556555944
1136.0013211329
15.0000000000
0.0000000000
0.0000000000
0.0000000000
0.0000000000
0.0000000000
0.0000000000
0.0000000000
0.0000000000
0.0000000000
0.0000000000
0.0000000000
0.0000000000
0.0000000000
0.0000000000
0.0000000000
0.0000000000
0.0000000000
0.0000000000
0.0000000000
0.0000000000
0.0000000000
0.0000000000
0.0000000000
0.0000000000
0.0000000000
0.0000000000
0.0000000000
0.0000000000
0.0000000000
0.0000000000
0.0000000000
0.0000000000
0.0000000000
0.0000000000
0.0000000000
0.0000000000
0.0000000000
0.0000000000
0.0000000000
0.0000000000
0.0000000000
0.0000000000
0.0000000000
0.0000000000
0.0000000000
0.0000000000
0.0000000000
0.0000000000
0.0000000000
0.0000000000
0.0000000000
0.0000000000
0.0000000000
0.0000000000
0.0000000000
0.0000000000
0.0000000000
0.0000000000
0.0000000000
0.0000000000
0.0000000000
0.0000000000
0.0000000000
0.0000000000
0.0000000000