5000.0631540085
5000.0631540085
5000.0631540085
5000.0631540085
5000.0631540085
5000.0631540085
5000.0631540085
5000.0631540085
5000.0631540085
5000.0631540085
5000.0631540085
5000.0631540085
5000.0631540085
5000.0631540085
5000.0631540085
5000.0631540085
5000.0631540085
5000.0631540085
5000.0631540085
5000.0631540085
5000.0631540085
5000.0631540084
5000.0631540083
5000.0631540068
5000.0631539879
5000.0631537137
5000.0631491202
5000.0630691465
5000.0617201817
5000.0388322352
4999.6115281159
4991.2994137043
4853.2268269170
3514.6173501394
182.2188080619
27.0000000000
0.0000000000
0.0000000000
0.0000000000
0.0000000000
0.0000000000
0.0000000000
0.0000000000
0.0000000000
0.0000000000
0.0000000000
0.0000000000
0.0000000000
0.0000000000
0.0000000000
0.0000000000
0.0000000000
0.0000000000
0.0000000000
0.0000000000
0.0000000000
0.0000000000
0.0000000000
0.0000000000
0.0000000000
0.0000000000
0.0000000000
0.0000000000
0.0000000000
0.0000000000
0.0000000000
0.0000000000
0.0000000000
0.0000000000
0.0000000000
0.0000000000
0.0000000000
0.0000000000
0.0000000000
0.0000000000
0.0000000000
0.0000000000
0.0000000000
0.0000000000
0.0000000000
0.0000000000
0.0000000000
0.0000000000
0.0000000000
0.0000000000
0.0000000000
0.0000000000
0.0000000000
0.0000000000
0.0000000000
0.0000000000
0.0000000000
0.0000000000
0.0000000000
0.0000000000
0.0000000000
0.0000000000
0.0000000000
0.0000000000
0.0000000000