5000.0950481385
5000.0950481385
5000.0950481385
5000.0950481385
5000.0950481385
5000.0950481385
5000.0950481385
5000.0950481385
5000.0950481385
5000.0950481385
5000.0950481385
5000.0950481385
5000.0950481385
5000.0950481385
5000.0950481385
5000.0950481385
5000.0950481385
5000.0950481385
5000.0950481385
5000.0950481385
5000.0950481385
5000.0950481385
5000.0950481385
5000.0950481385
5000.0950481385
5000.0950481385
5000.0950481385
5000.0950481385
5000.0950481385
5000.0950481385
5000.0950481385
5000.0950481382
5000.0950481344
5000.0950480818
5000.0950473146
5000.0950352219
5000.0948379096
5000.0915512887
5000.0329883571
4998.9090848224
4975.9442589597
4476.8748931015
1003.0351372128
26.0000000000
0.0000000000
0.0000000000
0.0000000000
0.0000000000
0.0000000000
0.0000000000
0.0000000000
0.0000000000
0.0000000000
0.0000000000
0.0000000000
0.0000000000
0.0000000000
0.0000000000
0.0000000000
0.0000000000
0.0000000000
0.0000000000
0.0000000000
0.0000000000
0.0000000000
0.0000000000
0.0000000000
0.0000000000
0.0000000000
0.0000000000
0.0000000000
0.0000000000
0.0000000000
0.0000000000
0.0000000000
0.0000000000
0.0000000000
0.0000000000
0.0000000000
0.0000000000
0.0000000000
0.0000000000
0.0000000000
0.0000000000
0.0000000000
0.0000000000
0.0000000000
0.0000000000
0.0000000000
0.0000000000
0.0000000000
0.0000000000
0.0000000000
0.0000000000
0.0000000000
0.0000000000
0.0000000000
0.0000000000
0.0000000000
0.0000000000