5000.0747909397
5000.0747909397
5000.0747909397
5000.0747909397
5000.0747909397
5000.0747909397
5000.0747909397
5000.0747909397
5000.0747909397
5000.0747909397
5000.0747909397
5000.0747909397
5000.0747909397
5000.0747909397
5000.0747909397
5000.0747909397
5000.0747909397
5000.0747909397
5000.0747909397
5000.0747909397
5000.0747909397
5000.0747909397
5000.0747909397
5000.0747909397
5000.0747909397
5000.0747909397
5000.0747909397
5000.0747909397
5000.0747909397
5000.0747909395
5000.0747909364
5000.0747908864
5000.0747901336
5000.0747797358
5000.0746404907
5000.0725582291
5000.0382921235
4999.4967832129
4990.7098372332
4835.2053748614
2487.6397632965
85.1911513542
0.0000000000
0.0000000000
0.0000000000
0.0000000000
0.0000000000
0.0000000000
0.0000000000
0.0000000000
0.0000000000
0.0000000000
0.0000000000
0.0000000000
0.0000000000
0.0000000000
0.0000000000
0.0000000000
0.0000000000
0.0000000000
0.0000000000
0.0000000000
0.0000000000
0.0000000000
0.0000000000
0.0000000000
0.0000000000
0.0000000000
0.0000000000
0.0000000000
0.0000000000
0.0000000000
0.0000000000
0.0000000000
0.0000000000
0.0000000000
0.0000000000
0.0000000000
0.0000000000
0.0000000000
0.0000000000
0.0000000000
0.0000000000
0.0000000000
0.0000000000
0.0000000000
0.0000000000
0.0000000000
0.0000000000
0.0000000000
0.0000000000
0.0000000000
0.0000000000
0.0000000000
0.0000000000
0.0000000000
0.0000000000
0.0000000000
0.0000000000
0.0000000000