5000.1243711483
5000.1243711483
5000.1243711483
5000.1243711483
5000.1243711483
5000.1243711483
5000.1243711483
5000.1243711483
5000.1243711483
5000.1243711483
5000.1243711483
5000.1243711483
5000.1243711483
5000.1243711483
5000.1243711483
5000.1243711483
5000.1243711483
5000.1243711483
5000.1243711483
5000.1243711483
5000.1243711483
5000.1243711483
5000.1243711483
5000.1243711483
5000.1243711483
5000.1243711483
5000.1243711483
5000.1243711483
5000.1243711482
5000.1243711472
5000.1243711298
5000.1243708451
5000.1243664367
5000.1243046853
5000.1235025068
5000.1119534744
4999.9186893820
4996.8747959605
4949.7555161578
4118.0862531728
586.1576725967
9.0000000000
0.0000000000
0.0000000000
0.0000000000
0.0000000000
0.0000000000
0.0000000000
0.0000000000
0.0000000000
0.0000000000
0.0000000000
0.0000000000
0.0000000000
0.0000000000
0.0000000000
0.0000000000
0.0000000000
0.0000000000
0.0000000000
0.0000000000
0.0000000000
0.0000000000
0.0000000000
0.0000000000
0.0000000000
0.0000000000
0.0000000000
0.0000000000
0.0000000000
0.0000000000
0.0000000000
0.0000000000
0.0000000000
0.0000000000
0.0000000000
0.0000000000
0.0000000000
0.0000000000
0.0000000000
0.0000000000
0.0000000000
0.0000000000
0.0000000000
0.0000000000
0.0000000000
0.0000000000
0.0000000000
0.0000000000
0.0000000000
0.0000000000
0.0000000000
0.0000000000
0.0000000000
0.0000000000
0.0000000000
0.0000000000
0.0000000000
0.0000000000
0.0000000000