5000.1914532259
5000.1914532259
5000.1914532259
5000.1914532259
5000.1914532259
5000.1914532259
5000.1914532259
5000.1914532259
5000.1914532259
5000.1914532259
5000.1914532259
5000.1914532259
5000.1914532259
5000.1914532259
5000.1914532259
5000.1914532259
5000.1914532259
5000.1914532259
5000.1914532259
5000.1914532259
5000.1914532259
5000.1914532259
5000.1914532259
5000.1914532259
5000.1914532259
5000.1914532259
5000.1914532259
5000.1914532259
5000.1914532259
5000.1914532259
5000.1914532259
5000.1914532259
5000.1914532258
5000.1914532242
5000.1914531997
5000.1914528058
5000.1914462255
5000.1913310444
5000.1891680766
5000.1460574168
4999.2669895513
4981.9661224840
4671.7133935644
1721.0182368532
58.0000000000
0.0000000000
0.0000000000
0.0000000000
0.0000000000
0.0000000000
0.0000000000
0.0000000000
0.0000000000
0.0000000000
0.0000000000
0.0000000000
0.0000000000
0.0000000000
0.0000000000
0.0000000000
0.0000000000
0.0000000000
0.0000000000
0.0000000000
0.0000000000
0.0000000000
0.0000000000
0.0000000000
0.0000000000
0.0000000000
0.0000000000
0.0000000000
0.0000000000
0.0000000000
0.0000000000
0.0000000000
0.0000000000
0.0000000000
0.0000000000
0.0000000000
0.0000000000
0.0000000000
0.0000000000
0.0000000000
0.0000000000
0.0000000000
0.0000000000
0.0000000000
0.0000000000
0.0000000000
0.0000000000
0.0000000000
0.0000000000
0.0000000000
0.0000000000
0.0000000000
0.0000000000
0.0000000000
0.0000000000
0.0000000000