5000.0922438873
5000.0922438873
5000.0922438873
5000.0922438873
5000.0922438873
5000.0922438873
5000.0922438873
5000.0922438873
5000.0922438873
5000.0922438873
5000.0922438873
5000.0922438873
5000.0922438873
5000.0922438873
5000.0922438873
5000.0922438873
5000.0922438873
5000.0922438873
5000.0922438873
5000.0922438873
5000.0922438873
5000.0922438873
5000.0922438873
5000.0922438873
5000.0922438873
5000.0922438873
5000.0922438873
5000.0922438873
5000.0922438873
5000.0922438873
5000.0922438873
5000.0922438873
5000.0922438873
5000.0922438873
5000.0922438873
5000.0922438873
5000.0922438872
5000.0922438870
5000.0922438831
5000.0922438092
5000.0922424670
5000.0922187356
5000.0918101739
5000.0850124142
4999.9765633743
4998.3166980690
4974.9056854439
4723.3607814838
2794.7039519761
169.2641349953
4.0000000000
0.0000000000
0.0000000000
0.0000000000
0.0000000000
0.0000000000
0.0000000000
0.0000000000
0.0000000000
0.0000000000
0.0000000000
0.0000000000
0.0000000000
0.0000000000
0.0000000000
0.0000000000
0.0000000000
0.0000000000
0.0000000000
0.0000000000
0.0000000000
0.0000000000
0.0000000000
0.0000000000
0.0000000000
0.0000000000
0.0000000000
0.0000000000
0.0000000000
0.0000000000
0.0000000000
0.0000000000
0.0000000000
0.0000000000
0.0000000000
0.0000000000
0.0000000000
0.0000000000
0.0000000000
0.0000000000
0.0000000000
0.0000000000
0.0000000000
0.0000000000
0.0000000000
0.0000000000
0.0000000000
0.0000000000
0.0000000000
0.0000000000