4999.9929288696
4999.9929288696
4999.9929288696
4999.9929288696
4999.9929288696
4999.9929288696
4999.9929288696
4999.9929288696
4999.9929288696
4999.9929288696
4999.9929288696
4999.9929288696
4999.9929288696
4999.9929288696
4999.9929288696
4999.9929288696
4999.9929288696
4999.9929288696
4999.9929288696
4999.9929288696
4999.9929288696
4999.9929288696
4999.9929288696
4999.9929288696
4999.9929288696
4999.9929288696
4999.9929288696
4999.9929288696
4999.9929288696
4999.9929288696
4999.9929288696
4999.9929288696
4999.9929288696
4999.9929288696
4999.9929288694
4999.9929288670
4999.9929288244
4999.9929280266
4999.9929124050
4999.9926029311
4999.9866201468
4999.8759849162
4997.8987470290
4962.9931592688
4354.7741756437
1099.0465346761
44.0000000000
1.0000000000
0.0000000000
0.0000000000
0.0000000000
0.0000000000
0.0000000000
0.0000000000
0.0000000000
0.0000000000
0.0000000000
0.0000000000
0.0000000000
0.0000000000
0.0000000000
0.0000000000
0.0000000000
0.0000000000
0.0000000000
0.0000000000
0.0000000000
0.0000000000
0.0000000000
0.0000000000
0.0000000000
0.0000000000
0.0000000000
0.0000000000
0.0000000000
0.0000000000
0.0000000000
0.0000000000
0.0000000000
0.0000000000
0.0000000000
0.0000000000
0.0000000000
0.0000000000
0.0000000000
0.0000000000
0.0000000000
0.0000000000
0.0000000000
0.0000000000
0.0000000000
0.0000000000
0.0000000000
0.0000000000
0.0000000000
0.0000000000
0.0000000000
0.0000000000
0.0000000000
0.0000000000