4999.9248960086
4999.9248960086
4999.9248960086
4999.9248960086
4999.9248960086
4999.9248960086
4999.9248960086
4999.9248960086
4999.9248960086
4999.9248960086
4999.9248960086
4999.9248960086
4999.9248960086
4999.9248960086
4999.9248960086
4999.9248960086
4999.9248960086
4999.9248960086
4999.9248960086
4999.9248960086
4999.9248960086
4999.9248960086
4999.9248960086
4999.9248960086
4999.9248960086
4999.9248960086
4999.9248960086
4999.9248960086
4999.9248960086
4999.9248960086
4999.9248960086
4999.9248960086
4999.9248960086
4999.9248960086
4999.9248960086
4999.9248960086
4999.9248960083
4999.9248960026
4999.9248958925
4999.9248937840
4999.9248546754
4999.9241511742
4999.9117806250
4999.6998479269
4996.2334849924
4942.5681975423
4129.7366520625
1297.0242296860
99.0000000000
0.0000000000
0.0000000000
0.0000000000
0.0000000000
0.0000000000
0.0000000000
0.0000000000
0.0000000000
0.0000000000
0.0000000000
0.0000000000
0.0000000000
0.0000000000
0.0000000000
0.0000000000
0.0000000000
0.0000000000
0.0000000000
0.0000000000
0.0000000000
0.0000000000
0.0000000000
0.0000000000
0.0000000000
0.0000000000
0.0000000000
0.0000000000
0.0000000000
0.0000000000
0.0000000000
0.0000000000
0.0000000000
0.0000000000
0.0000000000
0.0000000000
0.0000000000
0.0000000000
0.0000000000
0.0000000000
0.0000000000
0.0000000000
0.0000000000
0.0000000000
0.0000000000
0.0000000000
0.0000000000
0.0000000000
0.0000000000
0.0000000000
0.0000000000
0.0000000000