5000.1565271635
5000.1565271635
5000.1565271635
5000.1565271635
5000.1565271635
5000.1565271635
5000.1565271635
5000.1565271635
5000.1565271635
5000.1565271635
5000.1565271635
5000.1565271635
5000.1565271635
5000.1565271635
5000.1565271635
5000.1565271635
5000.1565271635
5000.1565271635
5000.1565271635
5000.1565271635
5000.1565271635
5000.1565271635
5000.1565271635
5000.1565271635
5000.1565271635
5000.1565271635
5000.1565271635
5000.1565271635
5000.1565271635
5000.1565271635
5000.1565271635
5000.1565271635
5000.1565271635
5000.1565271635
5000.1565271635
5000.1565271634
5000.1565271619
5000.1565271324
5000.1565265552
5000.1565153749
5000.1563055165
5000.1524999358
5000.0850528125
4998.9121504812
4979.3705826039
4679.5493622277
1988.0073066156
203.0000000000
11.0000000000
0.0000000000
0.0000000000
0.0000000000
0.0000000000
0.0000000000
0.0000000000
0.0000000000
0.0000000000
0.0000000000
0.0000000000
0.0000000000
0.0000000000
0.0000000000
0.0000000000
0.0000000000
0.0000000000
0.0000000000
0.0000000000
0.0000000000
0.0000000000
0.0000000000
0.0000000000
0.0000000000
0.0000000000
0.0000000000
0.0000000000
0.0000000000
0.0000000000
0.0000000000
0.0000000000
0.0000000000
0.0000000000
0.0000000000
0.0000000000
0.0000000000
0.0000000000
0.0000000000
0.0000000000
0.0000000000
0.0000000000
0.0000000000
0.0000000000
0.0000000000
0.0000000000
0.0000000000
0.0000000000
0.0000000000
0.0000000000
0.0000000000
0.0000000000
0.0000000000