5000.0085453234
5000.0085453234
5000.0085453234
5000.0085453234
5000.0085453234
5000.0085453234
5000.0085453234
5000.0085453234
5000.0085453234
5000.0085453234
5000.0085453234
5000.0085453234
5000.0085453234
5000.0085453234
5000.0085453234
5000.0085453234
5000.0085453234
5000.0085453234
5000.0085453234
5000.0085453234
5000.0085453234
5000.0085453234
5000.0085453234
5000.0085453234
5000.0085453234
5000.0085453234
5000.0085453234
5000.0085453234
5000.0085453234
5000.0085453234
5000.0085453234
5000.0085453234
5000.0085453234
5000.0085453234
5000.0085453234
5000.0085453234
5000.0085453234
5000.0085453234
5000.0085453234
5000.0085453234
5000.0085453234
5000.0085453233
5000.0085453210
5000.0085452871
5000.0085448158
5000.0085386403
5000.0084586290
5000.0073332310
4999.9898496754
4999.7173785314
4995.3799322063
4917.7576538972
3720.9271833783
319.3349691831
0.0000000000
0.0000000000
0.0000000000
0.0000000000
0.0000000000
0.0000000000
0.0000000000
0.0000000000
0.0000000000
0.0000000000
0.0000000000
0.0000000000
0.0000000000
0.0000000000
0.0000000000
0.0000000000
0.0000000000
0.0000000000
0.0000000000
0.0000000000
0.0000000000
0.0000000000
0.0000000000
0.0000000000
0.0000000000
0.0000000000
0.0000000000
0.0000000000
0.0000000000
0.0000000000
0.0000000000
0.0000000000
0.0000000000
0.0000000000
0.0000000000
0.0000000000
0.0000000000
0.0000000000
0.0000000000
0.0000000000
0.0000000000
0.0000000000
0.0000000000
0.0000000000
0.0000000000
0.0000000000