5000.0308193392
5000.0308193392
5000.0308193392
5000.0308193392
5000.0308193392
5000.0308193392
5000.0308193392
5000.0308193392
5000.0308193392
5000.0308193392
5000.0308193392
5000.0308193392
5000.0308193392
5000.0308193392
5000.0308193392
5000.0308193392
5000.0308193392
5000.0308193392
5000.0308193392
5000.0308193392
5000.0308193392
5000.0308193392
5000.0308193392
5000.0308193392
5000.0308193392
5000.0308193392
5000.0308193392
5000.0308193392
5000.0308193392
5000.0308193392
5000.0308193392
5000.0308193392
5000.0308193392
5000.0308193392
5000.0308193392
5000.0308193392
5000.0308193392
5000.0308193392
5000.0308193392
5000.0308193392
5000.0308193392
5000.0308193383
5000.0308193251
5000.0308191260
5000.0308163068
5000.0307791272
5000.0303072677
5000.0238929837
4999.9243047507
4998.3708597981
4975.0694857238
4540.4196358682
1413.0293371621
23.0000000000
0.0000000000
0.0000000000
0.0000000000
0.0000000000
0.0000000000
0.0000000000
0.0000000000
0.0000000000
0.0000000000
0.0000000000
0.0000000000
0.0000000000
0.0000000000
0.0000000000
0.0000000000
0.0000000000
0.0000000000
0.0000000000
0.0000000000
0.0000000000
0.0000000000
0.0000000000
0.0000000000
0.0000000000
0.0000000000
0.0000000000
0.0000000000
0.0000000000
0.0000000000
0.0000000000
0.0000000000
0.0000000000
0.0000000000
0.0000000000
0.0000000000
0.0000000000
0.0000000000
0.0000000000
0.0000000000
0.0000000000
0.0000000000
0.0000000000
0.0000000000
0.0000000000
0.0000000000
0.0000000000