4999.9492447013
4999.9492447013
4999.9492447013
4999.9492447013
4999.9492447013
4999.9492447013
4999.9492447013
4999.9492447013
4999.9492447013
4999.9492447013
4999.9492447013
4999.9492447013
4999.9492447013
4999.9492447013
4999.9492447013
4999.9492447013
4999.9492447013
4999.9492447013
4999.9492447013
4999.9492447013
4999.9492447013
4999.9492447013
4999.9492447013
4999.9492447013
4999.9492447013
4999.9492447013
4999.9492447013
4999.9492447013
4999.9492447013
4999.9492447013
4999.9492447013
4999.9492447013
4999.9492447013
4999.9492447013
4999.9492447013
4999.9492447013
4999.9492447013
4999.9492447013
4999.9492447013
4999.9492447013
4999.9492447013
4999.9492447013
4999.9492447012
4999.9492447002
4999.9492446869
4999.9492445104
4999.9492421149
4999.9492068245
4999.9486544991
4999.9398219503
4999.7918939346
4997.2122133243
4952.6026305699
4088.7715326437
394.0625808702
8.0000000000
0.0000000000
0.0000000000
0.0000000000
0.0000000000
0.0000000000
0.0000000000
0.0000000000
0.0000000000
0.0000000000
0.0000000000
0.0000000000
0.0000000000
0.0000000000
0.0000000000
0.0000000000
0.0000000000
0.0000000000
0.0000000000
0.0000000000
0.0000000000
0.0000000000
0.0000000000
0.0000000000
0.0000000000
0.0000000000
0.0000000000
0.0000000000
0.0000000000
0.0000000000
0.0000000000
0.0000000000
0.0000000000
0.0000000000
0.0000000000
0.0000000000
0.0000000000
0.0000000000
0.0000000000
0.0000000000
0.0000000000
0.0000000000
0.0000000000
0.0000000000
0.0000000000