5000.0307265048
5000.0307265048
5000.0307265048
5000.0307265048
5000.0307265048
5000.0307265048
5000.0307265048
5000.0307265048
5000.0307265048
5000.0307265048
5000.0307265048
5000.0307265048
5000.0307265048
5000.0307265048
5000.0307265048
5000.0307265048
5000.0307265048
5000.0307265048
5000.0307265048
5000.0307265048
5000.0307265048
5000.0307265048
5000.0307265048
5000.0307265048
5000.0307265048
5000.0307265048
5000.0307265048
5000.0307265048
5000.0307265048
5000.0307265048
5000.0307265048
5000.0307265048
5000.0307265048
5000.0307265048
5000.0307265048
5000.0307265048
5000.0307265048
5000.0307265048
5000.0307265048
5000.0307265047
5000.0307265045
5000.0307264998
5000.0307264250
5000.0307252744
5000.0307086456
5000.0304863666
5000.0277060037
4999.9915284765
4999.4328772940
4990.4701858425
4869.0942162988
2935.9024391637
217.0637516873
0.0000000000
0.0000000000
0.0000000000
0.0000000000
0.0000000000
0.0000000000
0.0000000000
0.0000000000
0.0000000000
0.0000000000
0.0000000000
0.0000000000
0.0000000000
0.0000000000
0.0000000000
0.0000000000
0.0000000000
0.0000000000
0.0000000000
0.0000000000
0.0000000000
0.0000000000
0.0000000000
0.0000000000
0.0000000000
0.0000000000
0.0000000000
0.0000000000
0.0000000000
0.0000000000
0.0000000000
0.0000000000
0.0000000000
0.0000000000
0.0000000000
0.0000000000
0.0000000000
0.0000000000
0.0000000000
0.0000000000
0.0000000000
0.0000000000
0.0000000000
0.0000000000
0.0000000000
0.0000000000
0.0000000000