4999.9159858285
4999.9159858285
4999.9159858285
4999.9159858285
4999.9159858285
4999.9159858285
4999.9159858285
4999.9159858285
4999.9159858285
4999.9159858285
4999.9159858285
4999.9159858285
4999.9159858285
4999.9159858285
4999.9159858285
4999.9159858285
4999.9159858285
4999.9159858285
4999.9159858285
4999.9159858285
4999.9159858285
4999.9159858285
4999.9159858285
4999.9159858285
4999.9159858285
4999.9159858285
4999.9159858285
4999.9159858285
4999.9159858285
4999.9159858285
4999.9159858285
4999.9159858285
4999.9159858285
4999.9159858285
4999.9159858285
4999.9159858285
4999.9159858285
4999.9159858285
4999.9159858285
4999.9159858285
4999.9159858285
4999.9159858285
4999.9159858285
4999.9159858285
4999.9159858285
4999.9159858285
4999.9159858285
4999.9159858284
4999.9159858283
4999.9159858260
4999.9159857820
4999.9159849194
4999.9159681219
4999.9156526789
4999.9100079224
4999.8113865937
4998.0358800832
4964.2909394661
4304.0209868109
1624.0169354689
68.0000000000
0.0000000000
0.0000000000
0.0000000000
0.0000000000
0.0000000000
0.0000000000
0.0000000000
0.0000000000
0.0000000000
0.0000000000
0.0000000000
0.0000000000
0.0000000000
0.0000000000
0.0000000000
0.0000000000
0.0000000000
0.0000000000
0.0000000000
0.0000000000
0.0000000000
0.0000000000
0.0000000000
0.0000000000
0.0000000000
0.0000000000
0.0000000000
0.0000000000
0.0000000000
0.0000000000
0.0000000000
0.0000000000
0.0000000000
0.0000000000
0.0000000000
0.0000000000
0.0000000000
0.0000000000
0.0000000000