4999.9006126067
4999.9006126067
4999.9006126067
4999.9006126067
4999.9006126067
4999.9006126067
4999.9006126067
4999.9006126067
4999.9006126067
4999.9006126067
4999.9006126067
4999.9006126067
4999.9006126067
4999.9006126067
4999.9006126067
4999.9006126067
4999.9006126067
4999.9006126067
4999.9006126067
4999.9006126067
4999.9006126067
4999.9006126067
4999.9006126067
4999.9006126067
4999.9006126067
4999.9006126067
4999.9006126067
4999.9006126067
4999.9006126067
4999.9006126067
4999.9006126067
4999.9006126067
4999.9006126067
4999.9006126067
4999.9006126067
4999.9006126067
4999.9006126067
4999.9006126067
4999.9006126067
4999.9006126067
4999.9006126067
4999.9006126067
4999.9006126067
4999.9006126067
4999.9006126066
4999.9006126057
4999.9006125928
4999.9006123934
4999.9006091813
4999.9005555694
4999.8996239093
4999.8827685138
4999.5595457176
4992.8673582232
4855.0970686103
2760.4456797842
214.0864105419
0.0000000000
0.0000000000
0.0000000000
0.0000000000
0.0000000000
0.0000000000
0.0000000000
0.0000000000
0.0000000000
0.0000000000
0.0000000000
0.0000000000
0.0000000000
0.0000000000
0.0000000000
0.0000000000
0.0000000000
0.0000000000
0.0000000000
0.0000000000
0.0000000000
0.0000000000
0.0000000000
0.0000000000
0.0000000000
0.0000000000
0.0000000000
0.0000000000
0.0000000000
0.0000000000
0.0000000000
0.0000000000
0.0000000000
0.0000000000
0.0000000000
0.0000000000
0.0000000000
0.0000000000
0.0000000000
0.0000000000
0.0000000000
0.0000000000
0.0000000000