5000.0504704197
5000.0504704197
5000.0504704197
5000.0504704197
5000.0504704197
5000.0504704197
5000.0504704197
5000.0504704197
5000.0504704197
5000.0504704197
5000.0504704197
5000.0504704197
5000.0504704197
5000.0504704197
5000.0504704197
5000.0504704197
5000.0504704197
5000.0504704197
5000.0504704197
5000.0504704197
5000.0504704197
5000.0504704197
5000.0504704197
5000.0504704197
5000.0504704197
5000.0504704197
5000.0504704197
5000.0504704197
5000.0504704197
5000.0504704197
5000.0504704197
5000.0504704197
5000.0504704197
5000.0504704197
5000.0504704197
5000.0504704197
5000.0504704197
5000.0504704197
5000.0504704197
5000.0504704197
5000.0504704197
5000.0504704197
5000.0504704197
5000.0504704197
5000.0504704197
5000.0504704197
5000.0504704197
5000.0504704185
5000.0504703990
5000.0504700581
5000.0504638137
5000.0503435836
5000.0479391013
4999.9999002823
4999.0884021538
4983.1134423784
4723.6297472483
1825.0656986263
71.0000000000
1.0000000000
0.0000000000
0.0000000000
0.0000000000
0.0000000000
0.0000000000
0.0000000000
0.0000000000
0.0000000000
0.0000000000
0.0000000000
0.0000000000
0.0000000000
0.0000000000
0.0000000000
0.0000000000
0.0000000000
0.0000000000
0.0000000000
0.0000000000
0.0000000000
0.0000000000
0.0000000000
0.0000000000
0.0000000000
0.0000000000
0.0000000000
0.0000000000
0.0000000000
0.0000000000
0.0000000000
0.0000000000
0.0000000000
0.0000000000
0.0000000000
0.0000000000
0.0000000000
0.0000000000
0.0000000000
0.0000000000
0.0000000000