5000.0261462278
5000.0261462278
5000.0261462278
5000.0261462278
5000.0261462278
5000.0261462278
5000.0261462278
5000.0261462278
5000.0261462278
5000.0261462278
5000.0261462278
5000.0261462278
5000.0261462278
5000.0261462278
5000.0261462278
5000.0261462278
5000.0261462278
5000.0261462278
5000.0261462278
5000.0261462278
5000.0261462278
5000.0261462278
5000.0261462278
5000.0261462278
5000.0261462278
5000.0261462278
5000.0261462278
5000.0261462278
5000.0261462278
5000.0261462278
5000.0261462278
5000.0261462278
5000.0261462278
5000.0261462278
5000.0261462278
5000.0261462278
5000.0261462278
5000.0261462278
5000.0261462278
5000.0261462278
5000.0261462278
5000.0261462278
5000.0261462278
5000.0261462278
5000.0261462278
5000.0261462278
5000.0261462278
5000.0261462278
5000.0261462271
5000.0261462150
5000.0261459867
5000.0261415137
5000.0260532720
5000.0243639014
4999.9937680223
4999.4639281601
4990.1152970305
4816.4305845486
2315.2810396134
295.1380105241
14.0000000000
0.0000000000
0.0000000000
0.0000000000
0.0000000000
0.0000000000
0.0000000000
0.0000000000
0.0000000000
0.0000000000
0.0000000000
0.0000000000
0.0000000000
0.0000000000
0.0000000000
0.0000000000
0.0000000000
0.0000000000
0.0000000000
0.0000000000
0.0000000000
0.0000000000
0.0000000000
0.0000000000
0.0000000000
0.0000000000
0.0000000000
0.0000000000
0.0000000000
0.0000000000
0.0000000000
0.0000000000
0.0000000000
0.0000000000
0.0000000000
0.0000000000
0.0000000000
0.0000000000
0.0000000000
0.0000000000