5000.0607459802
5000.0607459802
5000.0607459802
5000.0607459802
5000.0607459802
5000.0607459802
5000.0607459802
5000.0607459802
5000.0607459802
5000.0607459802
5000.0607459802
5000.0607459802
5000.0607459802
5000.0607459802
5000.0607459802
5000.0607459802
5000.0607459802
5000.0607459802
5000.0607459802
5000.0607459802
5000.0607459802
5000.0607459802
5000.0607459802
5000.0607459802
5000.0607459802
5000.0607459802
5000.0607459802
5000.0607459802
5000.0607459802
5000.0607459802
5000.0607459802
5000.0607459802
5000.0607459802
5000.0607459802
5000.0607459802
5000.0607459802
5000.0607459802
5000.0607459802
5000.0607459802
5000.0607459802
5000.0607459802
5000.0607459802
5000.0607459802
5000.0607459802
5000.0607459802
5000.0607459802
5000.0607459802
5000.0607459802
5000.0607459802
5000.0607459802
5000.0607459785
5000.0607459475
5000.0607453608
5000.0607346399
5000.0605437781
5000.0571266350
4999.9941898437
4998.8491023265
4981.0270413523
4798.5965420250
2574.1047252642
144.4079882320
3.0000000000
0.0000000000
0.0000000000
0.0000000000
0.0000000000
0.0000000000
0.0000000000
0.0000000000
0.0000000000
0.0000000000
0.0000000000
0.0000000000
0.0000000000
0.0000000000
0.0000000000
0.0000000000
0.0000000000
0.0000000000
0.0000000000
0.0000000000
0.0000000000
0.0000000000
0.0000000000
0.0000000000
0.0000000000
0.0000000000
0.0000000000
0.0000000000
0.0000000000
0.0000000000
0.0000000000
0.0000000000
0.0000000000
0.0000000000
0.0000000000
0.0000000000
0.0000000000
0.0000000000