5000.0032858628
5000.0032858628
5000.0032858628
5000.0032858628
5000.0032858628
5000.0032858628
5000.0032858628
5000.0032858628
5000.0032858628
5000.0032858628
5000.0032858628
5000.0032858628
5000.0032858628
5000.0032858628
5000.0032858628
5000.0032858628
5000.0032858628
5000.0032858628
5000.0032858620
5000.0032858515
5000.0032857161
5000.0032838653
5000.0032545080
5000.0027227093
4999.9926834806
4999.8111469333
4997.0242532957
4963.1858840017
4416.0977573581
1777.0118885967
106.0000000000
0.0000000000
0.0000000000
0.0000000000
0.0000000000
0.0000000000
0.0000000000
0.0000000000
0.0000000000
0.0000000000
0.0000000000
0.0000000000
0.0000000000
0.0000000000
0.0000000000
0.0000000000
0.0000000000
0.0000000000
0.0000000000
0.0000000000
0.0000000000
0.0000000000
0.0000000000
0.0000000000
0.0000000000
0.0000000000
0.0000000000
0.0000000000
0.0000000000
0.0000000000
0.0000000000
0.0000000000
0.0000000000
0.0000000000
0.0000000000
0.0000000000
0.0000000000
0.0000000000
0.0000000000
0.0000000000
0.0000000000
0.0000000000
0.0000000000
0.0000000000
0.0000000000
0.0000000000
0.0000000000
0.0000000000
0.0000000000
0.0000000000
0.0000000000
0.0000000000
0.0000000000
0.0000000000
0.0000000000
0.0000000000
0.0000000000
0.0000000000
0.0000000000
0.0000000000
0.0000000000
0.0000000000
0.0000000000
0.0000000000
0.0000000000
0.0000000000
0.0000000000
0.0000000000
0.0000000000
0.0000000000