4999.9039922901
4999.9039922901
4999.9039922901
4999.9039922901
4999.9039922901
4999.9039922901
4999.9039922901
4999.9039922901
4999.9039922901
4999.9039922901
4999.9039922901
4999.9039922901
4999.9039922901
4999.9039922901
4999.9039922901
4999.9039922901
4999.9039922901
4999.9039922898
4999.9039922852
4999.9039922231
4999.9039914256
4999.9039809811
4999.9038232310
4999.9010238918
4999.8477435364
4998.8328023865
4981.8604785837
4796.5951640140
2574.5053469498
309.0652760256
9.0000000000
0.0000000000
0.0000000000
0.0000000000
0.0000000000
0.0000000000
0.0000000000
0.0000000000
0.0000000000
0.0000000000
0.0000000000
0.0000000000
0.0000000000
0.0000000000
0.0000000000
0.0000000000
0.0000000000
0.0000000000
0.0000000000
0.0000000000
0.0000000000
0.0000000000
0.0000000000
0.0000000000
0.0000000000
0.0000000000
0.0000000000
0.0000000000
0.0000000000
0.0000000000
0.0000000000
0.0000000000
0.0000000000
0.0000000000
0.0000000000
0.0000000000
0.0000000000
0.0000000000
0.0000000000
0.0000000000
0.0000000000
0.0000000000
0.0000000000
0.0000000000
0.0000000000
0.0000000000
0.0000000000
0.0000000000
0.0000000000
0.0000000000
0.0000000000
0.0000000000
0.0000000000
0.0000000000
0.0000000000
0.0000000000
0.0000000000
0.0000000000
0.0000000000
0.0000000000
0.0000000000
0.0000000000
0.0000000000
0.0000000000
0.0000000000
0.0000000000
0.0000000000
0.0000000000
0.0000000000
0.0000000000