5000.0703085300
5000.0703085300
5000.0703085300
5000.0703085300
5000.0703085300
5000.0703085300
5000.0703085300
5000.0703085300
5000.0703085300
5000.0703085300
5000.0703085300
5000.0703085300
5000.0703085300
5000.0703085300
5000.0703085300
5000.0703085300
5000.0703085299
5000.0703085282
5000.0703085018
5000.0703081320
5000.0703033853
5000.0702434824
5000.0693879529
5000.0546467348
4999.7764750567
4994.3104851482
4890.1539089470
3917.5490771963
602.0162321194
26.0000000000
0.0000000000
0.0000000000
0.0000000000
0.0000000000
0.0000000000
0.0000000000
0.0000000000
0.0000000000
0.0000000000
0.0000000000
0.0000000000
0.0000000000
0.0000000000
0.0000000000
0.0000000000
0.0000000000
0.0000000000
0.0000000000
0.0000000000
0.0000000000
0.0000000000
0.0000000000
0.0000000000
0.0000000000
0.0000000000
0.0000000000
0.0000000000
0.0000000000
0.0000000000
0.0000000000
0.0000000000
0.0000000000
0.0000000000
0.0000000000
0.0000000000
0.0000000000
0.0000000000
0.0000000000
0.0000000000
0.0000000000
0.0000000000
0.0000000000
0.0000000000
0.0000000000
0.0000000000
0.0000000000
0.0000000000
0.0000000000
0.0000000000
0.0000000000
0.0000000000
0.0000000000
0.0000000000
0.0000000000
0.0000000000
0.0000000000
0.0000000000
0.0000000000
0.0000000000
0.0000000000
0.0000000000
0.0000000000
0.0000000000
0.0000000000
0.0000000000
0.0000000000
0.0000000000
0.0000000000
0.0000000000
0.0000000000