0 0.000000
1 0.000000
2 0.000000
3 0.001062
4 2.971475
5 4207.996236
6 4227.015998
7 4227.114510
8 4227.115202
9 4227.115207
10 4227.115207
11 4227.115207
12 4227.115207
13 4227.115207
14 4227.115207
15 4227.115207
16 4227.115207
17 4227.115207
18 4227.115207
19 4227.115207
20 4227.115207
21 4227.115207
22 4227.115207
23 4227.115207
24 4227.115207
25 4227.115207
26 4227.115207
27 4227.115207
28 4227.115207
29 4227.115207
30 4227.115207
31 4227.115207
32 4227.115207
33 4227.115207
34 4227.115207
35 4227.115207
36 4227.115207
37 4227.115207
38 4227.115207
39 4227.115207
40 4227.115207
41 4227.115207
42 4227.115207
43 4227.115207
44 4227.115207
45 4227.115207
46 4227.115207
47 4227.115207
48 4227.115207
49 4227.115207
50 4227.115207
51 4227.115207
52 4227.115207
53 4227.115207
54 4227.115207
55 4227.115207
56 4227.115207
57 4227.115207
58 4227.115207
59 4227.115207
60 4227.115207
61 4227.115207
62 4227.115207
63 4227.115207
64 4227.115207
65 4227.115207
66 4227.115207
67 4227.115207
68 4227.115207
69 4227.115207
70 4227.115207
71 4227.115207
72 4227.115207
73 4227.115207
74 4227.115207
75 4227.115207
76 4227.115207
77 4227.115207
78 4227.115207
79 4227.115207
80 4227.115207
81 4227.115207
82 4227.115207
83 4227.115207
84 4227.115207
85 4227.115207
86 4227.115207
87 4227.115207
88 4227.115207
89 4227.115207
90 4227.115207
91 4227.115207
92 4227.115207
93 4227.115207
94 4227.115207
95 4227.115207
96 4227.115207
97 4227.115207
98 4227.115207
99 4227.115207
