0 0.000000
1 0.000000
2 0.000000
3 0.001644
4 3.684556
5 4188.488086
6 4221.230080
7 4221.383985
8 4221.385046
9 4221.385053
10 4221.385053
11 4221.385053
12 4221.385053
13 4221.385053
14 4221.385053
15 4221.385053
16 4221.385053
17 4221.385053
18 4221.385053
19 4221.385053
20 4221.385053
21 4221.385053
22 4221.385053
23 4221.385053
24 4221.385053
25 4221.385053
26 4221.385053
27 4221.385053
28 4221.385053
29 4221.385053
30 4221.385053
31 4221.385053
32 4221.385053
33 4221.385053
34 4221.385053
35 4221.385053
36 4221.385053
37 4221.385053
38 4221.385053
39 4221.385053
40 4221.385053
41 4221.385053
42 4221.385053
43 4221.385053
44 4221.385053
45 4221.385053
46 4221.385053
47 4221.385053
48 4221.385053
49 4221.385053
50 4221.385053
51 4221.385053
52 4221.385053
53 4221.385053
54 4221.385053
55 4221.385053
56 4221.385053
57 4221.385053
58 4221.385053
59 4221.385053
60 4221.385053
61 4221.385053
62 4221.385053
63 4221.385053
64 4221.385053
65 4221.385053
66 4221.385053
67 4221.385053
68 4221.385053
69 4221.385053
70 4221.385053
71 4221.385053
72 4221.385053
73 4221.385053
74 4221.385053
75 4221.385053
76 4221.385053
77 4221.385053
78 4221.385053
79 4221.385053
80 4221.385053
81 4221.385053
82 4221.385053
83 4221.385053
84 4221.385053
85 4221.385053
86 4221.385053
87 4221.385053
88 4221.385053
89 4221.385053
90 4221.385053
91 4221.385053
92 4221.385053
93 4221.385053
94 4221.385053
95 4221.385053
96 4221.385053
97 4221.385053
98 4221.385053
99 4221.385053
