0 0.000000
1 0.000000
2 0.000000
3 0.001242
4 3.210554
5 4202.688605
6 4225.017081
7 4225.131119
8 4225.131914
9 4225.131919
10 4225.131919
11 4225.131919
12 4225.131919
13 4225.131919
14 4225.131919
15 4225.131919
16 4225.131919
17 4225.131919
18 4225.131919
19 4225.131919
20 4225.131919
21 4225.131919
22 4225.131919
23 4225.131919
24 4225.131919
25 4225.131919
26 4225.131919
27 4225.131919
28 4225.131919
29 4225.131919
30 4225.131919
31 4225.131919
32 4225.131919
33 4225.131919
34 4225.131919
35 4225.131919
36 4225.131919
37 4225.131919
38 4225.131919
39 4225.131919
40 4225.131919
41 4225.131919
42 4225.131919
43 4225.131919
44 4225.131919
45 4225.131919
46 4225.131919
47 4225.131919
48 4225.131919
49 4225.131919
50 4225.131919
51 4225.131919
52 4225.131919
53 4225.131919
54 4225.131919
55 4225.131919
56 4225.131919
57 4225.131919
58 4225.131919
59 4225.131919
60 4225.131919
61 4225.131919
62 4225.131919
63 4225.131919
64 4225.131919
65 4225.131919
66 4225.131919
67 4225.131919
68 4225.131919
69 4225.131919
70 4225.131919
71 4225.131919
72 4225.131919
73 4225.131919
74 4225.131919
75 4225.131919
76 4225.131919
77 4225.131919
78 4225.131919
79 4225.131919
80 4225.131919
81 4225.131919
82 4225.131919
83 4225.131919
84 4225.131919
85 4225.131919
86 4225.131919
87 4225.131919
88 4225.131919
89 4225.131919
90 4225.131919
91 4225.131919
92 4225.131919
93 4225.131919
94 4225.131919
95 4225.131919
96 4225.131919
97 4225.131919
98 4225.131919
99 4225.131919
