0 0.000000
1 0.000000
2 0.000001
3 0.002098
4 4.151610
5 4154.363566
6 4217.695616
7 4217.903951
8 4217.905370
9 4217.905380
10 4217.905380
11 4217.905380
12 4217.905380
13 4217.905380
14 4217.905380
15 4217.905380
16 4217.905380
17 4217.905380
18 4217.905380
19 4217.905380
20 4217.905380
21 4217.905380
22 4217.905380
23 4217.905380
24 4217.905380
25 4217.905380
26 4217.905380
27 4217.905380
28 4217.905380
29 4217.905380
30 4217.905380
31 4217.905380
32 4217.905380
33 4217.905380
34 4217.905380
35 4217.905380
36 4217.905380
37 4217.905380
38 4217.905380
39 4217.905380
40 4217.905380
41 4217.905380
42 4217.905380
43 4217.905380
44 4217.905380
45 4217.905380
46 4217.905380
47 4217.905380
48 4217.905380
49 4217.905380
50 4217.905380
51 4217.905380
52 4217.905380
53 4217.905380
54 4217.905380
55 4217.905380
56 4217.905380
57 4217.905380
58 4217.905380
59 4217.905380
60 4217.905380
61 4217.905380
62 4217.905380
63 4217.905380
64 4217.905380
65 4217.905380
66 4217.905380
67 4217.905380
68 4217.905380
69 4217.905380
70 4217.905380
71 4217.905380
72 4217.905380
73 4217.905380
74 4217.905380
75 4217.905380
76 4217.905380
77 4217.905380
78 4217.905380
79 4217.905380
80 4217.905380
81 4217.905380
82 4217.905380
83 4217.905380
84 4217.905380
85 4217.905380
86 4217.905380
87 4217.905380
88 4217.905380
89 4217.905380
90 4217.905380
91 4217.905380
92 4217.905380
93 4217.905380
94 4217.905380
95 4217.905380
96 4217.905380
97 4217.905380
98 4217.905380
99 4217.905380
