0 0.000000
1 0.000000
2 0.000000
3 0.000030
4 0.508446
5 4251.100538
6 4252.333909
7 4252.339550
8 4252.339597
9 4252.339597
10 4252.339597
11 4252.339597
12 4252.339597
13 4252.339597
14 4252.339597
15 4252.339597
16 4252.339597
17 4252.339597
18 4252.339597
19 4252.339597
20 4252.339597
21 4252.339597
22 4252.339597
23 4252.339597
24 4252.339597
25 4252.339597
26 4252.339597
27 4252.339597
28 4252.339597
29 4252.339597
30 4252.339597
31 4252.339597
32 4252.339597
33 4252.339597
34 4252.339597
35 4252.339597
36 4252.339597
37 4252.339597
38 4252.339597
39 4252.339597
40 4252.339597
41 4252.339597
42 4252.339597
43 4252.339597
44 4252.339597
45 4252.339597
46 4252.339597
47 4252.339597
48 4252.339597
49 4252.339597
50 4252.339597
51 4252.339597
52 4252.339597
53 4252.339597
54 4252.339597
55 4252.339597
56 4252.339597
57 4252.339597
58 4252.339597
59 4252.339597
60 4252.339597
61 4252.339597
62 4252.339597
63 4252.339597
64 4252.339597
65 4252.339597
66 4252.339597
67 4252.339597
68 4252.339597
69 4252.339597
70 4252.339597
71 4252.339597
72 4252.339597
73 4252.339597
74 4252.339597
75 4252.339597
76 4252.339597
77 4252.339597
78 4252.339597
79 4252.339597
80 4252.339597
81 4252.339597
82 4252.339597
83 4252.339597
84 4252.339597
85 4252.339597
86 4252.339597
87 4252.339597
88 4252.339597
89 4252.339597
90 4252.339597
91 4252.339597
92 4252.339597
93 4252.339597
94 4252.339597
95 4252.339597
96 4252.339597
97 4252.339597
98 4252.339597
99 4252.339597
