0 0.000000
1 0.000000
2 0.000003
3 0.005478
4 6.576981
5 3965.731036
6 4200.660486
7 4202.506397
8 4202.519667
9 4202.519767
10 4202.519767
11 4202.519767
12 4202.519767
13 4202.519767
14 4202.519767
15 4202.519767
16 4202.519767
17 4202.519767
18 4202.519767
19 4202.519767
20 4202.519767
21 4202.519767
22 4202.519767
23 4202.519767
24 4202.519767
25 4202.519767
26 4202.519767
27 4202.519767
28 4202.519767
29 4202.519767
30 4202.519767
31 4202.519767
32 4202.519767
33 4202.519767
34 4202.519767
35 4202.519767
36 4202.519767
37 4202.519767
38 4202.519767
39 4202.519767
40 4202.519767
41 4202.519767
42 4202.519767
43 4202.519767
44 4202.519767
45 4202.519767
46 4202.519767
47 4202.519767
48 4202.519767
49 4202.519767
50 4202.519767
51 4202.519767
52 4202.519767
53 4202.519767
54 4202.519767
55 4202.519767
56 4202.519767
57 4202.519767
58 4202.519767
59 4202.519767
60 4202.519767
61 4202.519767
62 4202.519767
63 4202.519767
64 4202.519767
65 4202.519767
66 4202.519767
67 4202.519767
68 4202.519767
69 4202.519767
70 4202.519767
71 4202.519767
72 4202.519767
73 4202.519767
74 4202.519767
75 4202.519767
76 4202.519767
77 4202.519767
78 4202.519767
79 4202.519767
80 4202.519767
81 4202.519767
82 4202.519767
83 4202.519767
84 4202.519767
85 4202.519767
86 4202.519767
87 4202.519767
88 4202.519767
89 4202.519767
90 4202.519767
91 4202.519767
92 4202.519767
93 4202.519767
94 4202.519767
95 4202.519767
96 4202.519767
97 4202.519767
98 4202.519767
99 4202.519767
