0 0.000000
1 0.000000
2 0.000002
3 0.004083
4 5.722573
5 4033.298868
6 4206.694159
7 4207.472373
8 4207.477803
9 4207.477843
10 4207.477843
11 4207.477843
12 4207.477843
13 4207.477843
14 4207.477843
15 4207.477843
16 4207.477843
17 4207.477843
18 4207.477843
19 4207.477843
20 4207.477843
21 4207.477843
22 4207.477843
23 4207.477843
24 4207.477843
25 4207.477843
26 4207.477843
27 4207.477843
28 4207.477843
29 4207.477843
30 4207.477843
31 4207.477843
32 4207.477843
33 4207.477843
34 4207.477843
35 4207.477843
36 4207.477843
37 4207.477843
38 4207.477843
39 4207.477843
40 4207.477843
41 4207.477843
42 4207.477843
43 4207.477843
44 4207.477843
45 4207.477843
46 4207.477843
47 4207.477843
48 4207.477843
49 4207.477843
50 4207.477843
51 4207.477843
52 4207.477843
53 4207.477843
54 4207.477843
55 4207.477843
56 4207.477843
57 4207.477843
58 4207.477843
59 4207.477843
60 4207.477843
61 4207.477843
62 4207.477843
63 4207.477843
64 4207.477843
65 4207.477843
66 4207.477843
67 4207.477843
68 4207.477843
69 4207.477843
70 4207.477843
71 4207.477843
72 4207.477843
73 4207.477843
74 4207.477843
75 4207.477843
76 4207.477843
77 4207.477843
78 4207.477843
79 4207.477843
80 4207.477843
81 4207.477843
82 4207.477843
83 4207.477843
84 4207.477843
85 4207.477843
86 4207.477843
87 4207.477843
88 4207.477843
89 4207.477843
90 4207.477843
91 4207.477843
92 4207.477843
93 4207.477843
94 4207.477843
95 4207.477843
96 4207.477843
97 4207.477843
98 4207.477843
99 4207.477843
