0 0.000000
1 0.000000
2 0.000006
3 0.008785
4 8.195185
5 3834.017927
6 4186.358909
7 4194.220195
8 4194.275587
9 4194.275997
10 4194.276000
11 4194.276000
12 4194.276000
13 4194.276000
14 4194.276000
15 4194.276000
16 4194.276000
17 4194.276000
18 4194.276000
19 4194.276000
20 4194.276000
21 4194.276000
22 4194.276000
23 4194.276000
24 4194.276000
25 4194.276000
26 4194.276000
27 4194.276000
28 4194.276000
29 4194.276000
30 4194.276000
31 4194.276000
32 4194.276000
33 4194.276000
34 4194.276000
35 4194.276000
36 4194.276000
37 4194.276000
38 4194.276000
39 4194.276000
40 4194.276000
41 4194.276000
42 4194.276000
43 4194.276000
44 4194.276000
45 4194.276000
46 4194.276000
47 4194.276000
48 4194.276000
49 4194.276000
50 4194.276000
51 4194.276000
52 4194.276000
53 4194.276000
54 4194.276000
55 4194.276000
56 4194.276000
57 4194.276000
58 4194.276000
59 4194.276000
60 4194.276000
61 4194.276000
62 4194.276000
63 4194.276000
64 4194.276000
65 4194.276000
66 4194.276000
67 4194.276000
68 4194.276000
69 4194.276000
70 4194.276000
71 4194.276000
72 4194.276000
73 4194.276000
74 4194.276000
75 4194.276000
76 4194.276000
77 4194.276000
78 4194.276000
79 4194.276000
80 4194.276000
81 4194.276000
82 4194.276000
83 4194.276000
84 4194.276000
85 4194.276000
86 4194.276000
87 4194.276000
88 4194.276000
89 4194.276000
90 4194.276000
91 4194.276000
92 4194.276000
93 4194.276000
94 4194.276000
95 4194.276000
96 4194.276000
97 4194.276000
98 4194.276000
99 4194.276000
