0 0.000000
1 0.000000
2 0.000006
3 0.008336
4 7.999359
5 3850.236450
6 4188.437359
7 4195.153019
8 4195.200655
9 4195.201009
10 4195.201011
11 4195.201011
12 4195.201011
13 4195.201011
14 4195.201011
15 4195.201011
16 4195.201011
17 4195.201011
18 4195.201011
19 4195.201011
20 4195.201011
21 4195.201011
22 4195.201011
23 4195.201011
24 4195.201011
25 4195.201011
26 4195.201011
27 4195.201011
28 4195.201011
29 4195.201011
30 4195.201011
31 4195.201011
32 4195.201011
33 4195.201011
34 4195.201011
35 4195.201011
36 4195.201011
37 4195.201011
38 4195.201011
39 4195.201011
40 4195.201011
41 4195.201011
42 4195.201011
43 4195.201011
44 4195.201011
45 4195.201011
46 4195.201011
47 4195.201011
48 4195.201011
49 4195.201011
50 4195.201011
51 4195.201011
52 4195.201011
53 4195.201011
54 4195.201011
55 4195.201011
56 4195.201011
57 4195.201011
58 4195.201011
59 4195.201011
60 4195.201011
61 4195.201011
62 4195.201011
63 4195.201011
64 4195.201011
65 4195.201011
66 4195.201011
67 4195.201011
68 4195.201011
69 4195.201011
70 4195.201011
71 4195.201011
72 4195.201011
73 4195.201011
74 4195.201011
75 4195.201011
76 4195.201011
77 4195.201011
78 4195.201011
79 4195.201011
80 4195.201011
81 4195.201011
82 4195.201011
83 4195.201011
84 4195.201011
85 4195.201011
86 4195.201011
87 4195.201011
88 4195.201011
89 4195.201011
90 4195.201011
91 4195.201011
92 4195.201011
93 4195.201011
94 4195.201011
95 4195.201011
96 4195.201011
97 4195.201011
98 4195.201011
99 4195.201011
