0 0.000000
1 0.000000
2 0.000004
3 0.006640
4 7.197749
5 3915.809240
6 4195.808502
7 4199.166333
8 4199.190547
9 4199.190729
10 4199.190730
11 4199.190730
12 4199.190730
13 4199.190730
14 4199.190730
15 4199.190730
16 4199.190730
17 4199.190730
18 4199.190730
19 4199.190730
20 4199.190730
21 4199.190730
22 4199.190730
23 4199.190730
24 4199.190730
25 4199.190730
26 4199.190730
27 4199.190730
28 4199.190730
29 4199.190730
30 4199.190730
31 4199.190730
32 4199.190730
33 4199.190730
34 4199.190730
35 4199.190730
36 4199.190730
37 4199.190730
38 4199.190730
39 4199.190730
40 4199.190730
41 4199.190730
42 4199.190730
43 4199.190730
44 4199.190730
45 4199.190730
46 4199.190730
47 4199.190730
48 4199.190730
49 4199.190730
50 4199.190730
51 4199.190730
52 4199.190730
53 4199.190730
54 4199.190730
55 4199.190730
56 4199.190730
57 4199.190730
58 4199.190730
59 4199.190730
60 4199.190730
61 4199.190730
62 4199.190730
63 4199.190730
64 4199.190730
65 4199.190730
66 4199.190730
67 4199.190730
68 4199.190730
69 4199.190730
70 4199.190730
71 4199.190730
72 4199.190730
73 4199.190730
74 4199.190730
75 4199.190730
76 4199.190730
77 4199.190730
78 4199.190730
79 4199.190730
80 4199.190730
81 4199.190730
82 4199.190730
83 4199.190730
84 4199.190730
85 4199.190730
86 4199.190730
87 4199.190730
88 4199.190730
89 4199.190730
90 4199.190730
91 4199.190730
92 4199.190730
93 4199.190730
94 4199.190730
95 4199.190730
96 4199.190730
97 4199.190730
98 4199.190730
99 4199.190730
