0 0.000000
1 0.000000
2 0.000007
3 0.009712
4 8.581428
5 3801.788354
6 4181.761263
7 4192.431206
8 4192.505165
9 4192.505709
10 4192.505713
11 4192.505713
12 4192.505713
13 4192.505713
14 4192.505713
15 4192.505713
16 4192.505713
17 4192.505713
18 4192.505713
19 4192.505713
20 4192.505713
21 4192.505713
22 4192.505713
23 4192.505713
24 4192.505713
25 4192.505713
26 4192.505713
27 4192.505713
28 4192.505713
29 4192.505713
30 4192.505713
31 4192.505713
32 4192.505713
33 4192.505713
34 4192.505713
35 4192.505713
36 4192.505713
37 4192.505713
38 4192.505713
39 4192.505713
40 4192.505713
41 4192.505713
42 4192.505713
43 4192.505713
44 4192.505713
45 4192.505713
46 4192.505713
47 4192.505713
48 4192.505713
49 4192.505713
50 4192.505713
51 4192.505713
52 4192.505713
53 4192.505713
54 4192.505713
55 4192.505713
56 4192.505713
57 4192.505713
58 4192.505713
59 4192.505713
60 4192.505713
61 4192.505713
62 4192.505713
63 4192.505713
64 4192.505713
65 4192.505713
66 4192.505713
67 4192.505713
68 4192.505713
69 4192.505713
70 4192.505713
71 4192.505713
72 4192.505713
73 4192.505713
74 4192.505713
75 4192.505713
76 4192.505713
77 4192.505713
78 4192.505713
79 4192.505713
80 4192.505713
81 4192.505713
82 4192.505713
83 4192.505713
84 4192.505713
85 4192.505713
86 4192.505713
87 4192.505713
88 4192.505713
89 4192.505713
90 4192.505713
91 4192.505713
92 4192.505713
93 4192.505713
94 4192.505713
95 4192.505713
96 4192.505713
97 4192.505713
98 4192.505713
99 4192.505713
