0 0.000000
1 0.000000
2 0.000005
3 0.007896
4 7.801714
5 3866.524538
6 4190.406283
7 4196.112897
8 4196.153609
9 4196.153912
10 4196.153914
11 4196.153914
12 4196.153914
13 4196.153914
14 4196.153914
15 4196.153914
16 4196.153914
17 4196.153914
18 4196.153914
19 4196.153914
20 4196.153914
21 4196.153914
22 4196.153914
23 4196.153914
24 4196.153914
25 4196.153914
26 4196.153914
27 4196.153914
28 4196.153914
29 4196.153914
30 4196.153914
31 4196.153914
32 4196.153914
33 4196.153914
34 4196.153914
35 4196.153914
36 4196.153914
37 4196.153914
38 4196.153914
39 4196.153914
40 4196.153914
41 4196.153914
42 4196.153914
43 4196.153914
44 4196.153914
45 4196.153914
46 4196.153914
47 4196.153914
48 4196.153914
49 4196.153914
50 4196.153914
51 4196.153914
52 4196.153914
53 4196.153914
54 4196.153914
55 4196.153914
56 4196.153914
57 4196.153914
58 4196.153914
59 4196.153914
60 4196.153914
61 4196.153914
62 4196.153914
63 4196.153914
64 4196.153914
65 4196.153914
66 4196.153914
67 4196.153914
68 4196.153914
69 4196.153914
70 4196.153914
71 4196.153914
72 4196.153914
73 4196.153914
74 4196.153914
75 4196.153914
76 4196.153914
77 4196.153914
78 4196.153914
79 4196.153914
80 4196.153914
81 4196.153914
82 4196.153914
83 4196.153914
84 4196.153914
85 4196.153914
86 4196.153914
87 4196.153914
88 4196.153914
89 4196.153914
90 4196.153914
91 4196.153914
92 4196.153914
93 4196.153914
94 4196.153914
95 4196.153914
96 4196.153914
97 4196.153914
98 4196.153914
99 4196.153914
