0 0.000000
1 0.000000
2 0.000015
3 0.015457
4 10.580767
5 3629.356688
6 4070.351023
7 4183.978079
8 4184.388776
9 4184.391741
10 4184.391763
11 4184.391763
12 4184.391763
13 4184.391763
14 4184.391763
15 4184.391763
16 4184.391763
17 4184.391763
18 4184.391763
19 4184.391763
20 4184.391763
21 4184.391763
22 4184.391763
23 4184.391763
24 4184.391763
25 4184.391763
26 4184.391763
27 4184.391763
28 4184.391763
29 4184.391763
30 4184.391763
31 4184.391763
32 4184.391763
33 4184.391763
34 4184.391763
35 4184.391763
36 4184.391763
37 4184.391763
38 4184.391763
39 4184.391763
40 4184.391763
41 4184.391763
42 4184.391763
43 4184.391763
44 4184.391763
45 4184.391763
46 4184.391763
47 4184.391763
48 4184.391763
49 4184.391763
50 4184.391763
51 4184.391763
52 4184.391763
53 4184.391763
54 4184.391763
55 4184.391763
56 4184.391763
57 4184.391763
58 4184.391763
59 4184.391763
60 4184.391763
61 4184.391763
62 4184.391763
63 4184.391763
64 4184.391763
65 4184.391763
66 4184.391763
67 4184.391763
68 4184.391763
69 4184.391763
70 4184.391763
71 4184.391763
72 4184.391763
73 4184.391763
74 4184.391763
75 4184.391763
76 4184.391763
77 4184.391763
78 4184.391763
79 4184.391763
80 4184.391763
81 4184.391763
82 4184.391763
83 4184.391763
84 4184.391763
85 4184.391763
86 4184.391763
87 4184.391763
88 4184.391763
89 4184.391763
90 4184.391763
91 4184.391763
92 4184.391763
93 4184.391763
94 4184.391763
95 4184.391763
96 4184.391763
97 4184.391763
98 4184.391763
99 4184.391763
