0 0.000000
1 0.000000
2 0.000000
3 0.000121
4 1.011574
5 4242.777099
6 4246.305792
7 4246.324141
8 4246.324286
9 4246.324288
10 4246.324288
11 4246.324288
12 4246.324288
13 4246.324288
14 4246.324288
15 4246.324288
16 4246.324288
17 4246.324288
18 4246.324288
19 4246.324288
20 4246.324288
21 4246.324288
22 4246.324288
23 4246.324288
24 4246.324288
25 4246.324288
26 4246.324288
27 4246.324288
28 4246.324288
29 4246.324288
30 4246.324288
31 4246.324288
32 4246.324288
33 4246.324288
34 4246.324288
35 4246.324288
36 4246.324288
37 4246.324288
38 4246.324288
39 4246.324288
40 4246.324288
41 4246.324288
42 4246.324288
43 4246.324288
44 4246.324288
45 4246.324288
46 4246.324288
47 4246.324288
48 4246.324288
49 4246.324288
50 4246.324288
51 4246.324288
52 4246.324288
53 4246.324288
54 4246.324288
55 4246.324288
56 4246.324288
57 4246.324288
58 4246.324288
59 4246.324288
60 4246.324288
61 4246.324288
62 4246.324288
63 4246.324288
64 4246.324288
65 4246.324288
66 4246.324288
67 4246.324288
68 4246.324288
69 4246.324288
70 4246.324288
71 4246.324288
72 4246.324288
73 4246.324288
74 4246.324288
75 4246.324288
76 4246.324288
77 4246.324288
78 4246.324288
79 4246.324288
80 4246.324288
81 4246.324288
82 4246.324288
83 4246.324288
84 4246.324288
85 4246.324288
86 4246.324288
87 4246.324288
88 4246.324288
89 4246.324288
90 4246.324288
91 4246.324288
92 4246.324288
93 4246.324288
94 4246.324288
95 4246.324288
96 4246.324288
97 4246.324288
98 4246.324288
99 4246.324288
