0 0.000000
1 0.000000
2 0.000013
3 0.013788
4 10.056014
5 3675.588747
6 4121.615049
7 4186.115880
8 4186.359962
9 4186.361733
10 4186.361746
11 4186.361746
12 4186.361746
13 4186.361746
14 4186.361746
15 4186.361746
16 4186.361746
17 4186.361746
18 4186.361746
19 4186.361746
20 4186.361746
21 4186.361746
22 4186.361746
23 4186.361746
24 4186.361746
25 4186.361746
26 4186.361746
27 4186.361746
28 4186.361746
29 4186.361746
30 4186.361746
31 4186.361746
32 4186.361746
33 4186.361746
34 4186.361746
35 4186.361746
36 4186.361746
37 4186.361746
38 4186.361746
39 4186.361746
40 4186.361746
41 4186.361746
42 4186.361746
43 4186.361746
44 4186.361746
45 4186.361746
46 4186.361746
47 4186.361746
48 4186.361746
49 4186.361746
50 4186.361746
51 4186.361746
52 4186.361746
53 4186.361746
54 4186.361746
55 4186.361746
56 4186.361746
57 4186.361746
58 4186.361746
59 4186.361746
60 4186.361746
61 4186.361746
62 4186.361746
63 4186.361746
64 4186.361746
65 4186.361746
66 4186.361746
67 4186.361746
68 4186.361746
69 4186.361746
70 4186.361746
71 4186.361746
72 4186.361746
73 4186.361746
74 4186.361746
75 4186.361746
76 4186.361746
77 4186.361746
78 4186.361746
79 4186.361746
80 4186.361746
81 4186.361746
82 4186.361746
83 4186.361746
84 4186.361746
85 4186.361746
86 4186.361746
87 4186.361746
88 4186.361746
89 4186.361746
90 4186.361746
91 4186.361746
92 4186.361746
93 4186.361746
94 4186.361746
95 4186.361746
96 4186.361746
97 4186.361746
98 4186.361746
99 4186.361746
