0 0.000000
1 0.000000
2 0.000011
3 0.012716
4 9.697741
5 3706.736962
6 4156.114065
7 4187.590165
8 4187.768249
9 4187.769548
10 4187.769558
11 4187.769558
12 4187.769558
13 4187.769558
14 4187.769558
15 4187.769558
16 4187.769558
17 4187.769558
18 4187.769558
19 4187.769558
20 4187.769558
21 4187.769558
22 4187.769558
23 4187.769558
24 4187.769558
25 4187.769558
26 4187.769558
27 4187.769558
28 4187.769558
29 4187.769558
30 4187.769558
31 4187.769558
32 4187.769558
33 4187.769558
34 4187.769558
35 4187.769558
36 4187.769558
37 4187.769558
38 4187.769558
39 4187.769558
40 4187.769558
41 4187.769558
42 4187.769558
43 4187.769558
44 4187.769558
45 4187.769558
46 4187.769558
47 4187.769558
48 4187.769558
49 4187.769558
50 4187.769558
51 4187.769558
52 4187.769558
53 4187.769558
54 4187.769558
55 4187.769558
56 4187.769558
57 4187.769558
58 4187.769558
59 4187.769558
60 4187.769558
61 4187.769558
62 4187.769558
63 4187.769558
64 4187.769558
65 4187.769558
66 4187.769558
67 4187.769558
68 4187.769558
69 4187.769558
70 4187.769558
71 4187.769558
72 4187.769558
73 4187.769558
74 4187.769558
75 4187.769558
76 4187.769558
77 4187.769558
78 4187.769558
79 4187.769558
80 4187.769558
81 4187.769558
82 4187.769558
83 4187.769558
84 4187.769558
85 4187.769558
86 4187.769558
87 4187.769558
88 4187.769558
89 4187.769558
90 4187.769558
91 4187.769558
92 4187.769558
93 4187.769558
94 4187.769558
95 4187.769558
96 4187.769558
97 4187.769558
98 4187.769558
99 4187.769558
