0 0.000000
1 0.000000
2 0.000010
3 0.012193
4 9.516040
5 3722.410225
6 4163.802183
7 4188.350113
8 4188.502599
9 4188.503711
10 4188.503719
11 4188.503719
12 4188.503719
13 4188.503719
14 4188.503719
15 4188.503719
16 4188.503719
17 4188.503719
18 4188.503719
19 4188.503719
20 4188.503719
21 4188.503719
22 4188.503719
23 4188.503719
24 4188.503719
25 4188.503719
26 4188.503719
27 4188.503719
28 4188.503719
29 4188.503719
30 4188.503719
31 4188.503719
32 4188.503719
33 4188.503719
34 4188.503719
35 4188.503719
36 4188.503719
37 4188.503719
38 4188.503719
39 4188.503719
40 4188.503719
41 4188.503719
42 4188.503719
43 4188.503719
44 4188.503719
45 4188.503719
46 4188.503719
47 4188.503719
48 4188.503719
49 4188.503719
50 4188.503719
51 4188.503719
52 4188.503719
53 4188.503719
54 4188.503719
55 4188.503719
56 4188.503719
57 4188.503719
58 4188.503719
59 4188.503719
60 4188.503719
61 4188.503719
62 4188.503719
63 4188.503719
64 4188.503719
65 4188.503719
66 4188.503719
67 4188.503719
68 4188.503719
69 4188.503719
70 4188.503719
71 4188.503719
72 4188.503719
73 4188.503719
74 4188.503719
75 4188.503719
76 4188.503719
77 4188.503719
78 4188.503719
79 4188.503719
80 4188.503719
81 4188.503719
82 4188.503719
83 4188.503719
84 4188.503719
85 4188.503719
86 4188.503719
87 4188.503719
88 4188.503719
89 4188.503719
90 4188.503719
91 4188.503719
92 4188.503719
93 4188.503719
94 4188.503719
95 4188.503719
96 4188.503719
97 4188.503719
98 4188.503719
99 4188.503719
