0 0.000000
1 0.000000
2 0.000010
3 0.011679
4 9.332614
5 3738.150465
6 4168.880251
7 4189.126833
8 4189.258000
9 4189.258957
10 4189.258963
11 4189.258964
12 4189.258964
13 4189.258964
14 4189.258964
15 4189.258964
16 4189.258964
17 4189.258964
18 4189.258964
19 4189.258964
20 4189.258964
21 4189.258964
22 4189.258964
23 4189.258964
24 4189.258964
25 4189.258964
26 4189.258964
27 4189.258964
28 4189.258964
29 4189.258964
30 4189.258964
31 4189.258964
32 4189.258964
33 4189.258964
34 4189.258964
35 4189.258964
36 4189.258964
37 4189.258964
38 4189.258964
39 4189.258964
40 4189.258964
41 4189.258964
42 4189.258964
43 4189.258964
44 4189.258964
45 4189.258964
46 4189.258964
47 4189.258964
48 4189.258964
49 4189.258964
50 4189.258964
51 4189.258964
52 4189.258964
53 4189.258964
54 4189.258964
55 4189.258964
56 4189.258964
57 4189.258964
58 4189.258964
59 4189.258964
60 4189.258964
61 4189.258964
62 4189.258964
63 4189.258964
64 4189.258964
65 4189.258964
66 4189.258964
67 4189.258964
68 4189.258964
69 4189.258964
70 4189.258964
71 4189.258964
72 4189.258964
73 4189.258964
74 4189.258964
75 4189.258964
76 4189.258964
77 4189.258964
78 4189.258964
79 4189.258964
80 4189.258964
81 4189.258964
82 4189.258964
83 4189.258964
84 4189.258964
85 4189.258964
86 4189.258964
87 4189.258964
88 4189.258964
89 4189.258964
90 4189.258964
91 4189.258964
92 4189.258964
93 4189.258964
94 4189.258964
95 4189.258964
96 4189.258964
97 4189.258964
98 4189.258964
99 4189.258964
