0 0.000000
1 0.000000
2 0.000000
3 0.000188
4 1.261149
5 4238.574932
6 4243.506611
7 4243.532661
8 4243.532864
9 4243.532865
10 4243.532866
11 4243.532866
12 4243.532866
13 4243.532866
14 4243.532866
15 4243.532866
16 4243.532866
17 4243.532866
18 4243.532866
19 4243.532866
20 4243.532866
21 4243.532866
22 4243.532866
23 4243.532866
24 4243.532866
25 4243.532866
26 4243.532866
27 4243.532866
28 4243.532866
29 4243.532866
30 4243.532866
31 4243.532866
32 4243.532866
33 4243.532866
34 4243.532866
35 4243.532866
36 4243.532866
37 4243.532866
38 4243.532866
39 4243.532866
40 4243.532866
41 4243.532866
42 4243.532866
43 4243.532866
44 4243.532866
45 4243.532866
46 4243.532866
47 4243.532866
48 4243.532866
49 4243.532866
50 4243.532866
51 4243.532866
52 4243.532866
53 4243.532866
54 4243.532866
55 4243.532866
56 4243.532866
57 4243.532866
58 4243.532866
59 4243.532866
60 4243.532866
61 4243.532866
62 4243.532866
63 4243.532866
64 4243.532866
65 4243.532866
66 4243.532866
67 4243.532866
68 4243.532866
69 4243.532866
70 4243.532866
71 4243.532866
72 4243.532866
73 4243.532866
74 4243.532866
75 4243.532866
76 4243.532866
77 4243.532866
78 4243.532866
79 4243.532866
80 4243.532866
81 4243.532866
82 4243.532866
83 4243.532866
84 4243.532866
85 4243.532866
86 4243.532866
87 4243.532866
88 4243.532866
89 4243.532866
90 4243.532866
91 4243.532866
92 4243.532866
93 4243.532866
94 4243.532866
95 4243.532866
96 4243.532866
97 4243.532866
98 4243.532866
99 4243.532866
