0 0.000000
1 0.000000
2 0.000016
3 0.016030
4 10.752355
5 3614.075639
6 4053.407075
7 4183.269492
8 4183.766904
9 4183.770504
10 4183.770531
11 4183.770531
12 4183.770531
13 4183.770531
14 4183.770531
15 4183.770531
16 4183.770531
17 4183.770531
18 4183.770531
19 4183.770531
20 4183.770531
21 4183.770531
22 4183.770531
23 4183.770531
24 4183.770531
25 4183.770531
26 4183.770531
27 4183.770531
28 4183.770531
29 4183.770531
30 4183.770531
31 4183.770531
32 4183.770531
33 4183.770531
34 4183.770531
35 4183.770531
36 4183.770531
37 4183.770531
38 4183.770531
39 4183.770531
40 4183.770531
41 4183.770531
42 4183.770531
43 4183.770531
44 4183.770531
45 4183.770531
46 4183.770531
47 4183.770531
48 4183.770531
49 4183.770531
50 4183.770531
51 4183.770531
52 4183.770531
53 4183.770531
54 4183.770531
55 4183.770531
56 4183.770531
57 4183.770531
58 4183.770531
59 4183.770531
60 4183.770531
61 4183.770531
62 4183.770531
63 4183.770531
64 4183.770531
65 4183.770531
66 4183.770531
67 4183.770531
68 4183.770531
69 4183.770531
70 4183.770531
71 4183.770531
72 4183.770531
73 4183.770531
74 4183.770531
75 4183.770531
76 4183.770531
77 4183.770531
78 4183.770531
79 4183.770531
80 4183.770531
81 4183.770531
82 4183.770531
83 4183.770531
84 4183.770531
85 4183.770531
86 4183.770531
87 4183.770531
88 4183.770531
89 4183.770531
90 4183.770531
91 4183.770531
92 4183.770531
93 4183.770531
94 4183.770531
95 4183.770531
96 4183.770531
97 4183.770531
98 4183.770531
99 4183.770531
