0 0.000000
1 0.000000
2 0.000020
3 0.018396
4 11.422343
5 3553.592375
6 3986.343498
7 4180.305026
8 4181.440000
9 4181.448394
10 4181.448458
11 4181.448459
12 4181.448459
13 4181.448459
14 4181.448459
15 4181.448459
16 4181.448459
17 4181.448459
18 4181.448459
19 4181.448459
20 4181.448459
21 4181.448459
22 4181.448459
23 4181.448459
24 4181.448459
25 4181.448459
26 4181.448459
27 4181.448459
28 4181.448459
29 4181.448459
30 4181.448459
31 4181.448459
32 4181.448459
33 4181.448459
34 4181.448459
35 4181.448459
36 4181.448459
37 4181.448459
38 4181.448459
39 4181.448459
40 4181.448459
41 4181.448459
42 4181.448459
43 4181.448459
44 4181.448459
45 4181.448459
46 4181.448459
47 4181.448459
48 4181.448459
49 4181.448459
50 4181.448459
51 4181.448459
52 4181.448459
53 4181.448459
54 4181.448459
55 4181.448459
56 4181.448459
57 4181.448459
58 4181.448459
59 4181.448459
60 4181.448459
61 4181.448459
62 4181.448459
63 4181.448459
64 4181.448459
65 4181.448459
66 4181.448459
67 4181.448459
68 4181.448459
69 4181.448459
70 4181.448459
71 4181.448459
72 4181.448459
73 4181.448459
74 4181.448459
75 4181.448459
76 4181.448459
77 4181.448459
78 4181.448459
79 4181.448459
80 4181.448459
81 4181.448459
82 4181.448459
83 4181.448459
84 4181.448459
85 4181.448459
86 4181.448459
87 4181.448459
88 4181.448459
89 4181.448459
90 4181.448459
91 4181.448459
92 4181.448459
93 4181.448459
94 4181.448459
95 4181.448459
96 4181.448459
97 4181.448459
98 4181.448459
99 4181.448459
