0 0.000000
1 0.000000
2 0.000024
3 0.020879
4 12.066669
5 3494.121713
6 3920.405025
7 4176.764794
8 4179.344598
9 4179.363901
10 4179.364049
11 4179.364050
12 4179.364050
13 4179.364050
14 4179.364050
15 4179.364050
16 4179.364050
17 4179.364050
18 4179.364050
19 4179.364050
20 4179.364050
21 4179.364050
22 4179.364050
23 4179.364050
24 4179.364050
25 4179.364050
26 4179.364050
27 4179.364050
28 4179.364050
29 4179.364050
30 4179.364050
31 4179.364050
32 4179.364050
33 4179.364050
34 4179.364050
35 4179.364050
36 4179.364050
37 4179.364050
38 4179.364050
39 4179.364050
40 4179.364050
41 4179.364050
42 4179.364050
43 4179.364050
44 4179.364050
45 4179.364050
46 4179.364050
47 4179.364050
48 4179.364050
49 4179.364050
50 4179.364050
51 4179.364050
52 4179.364050
53 4179.364050
54 4179.364050
55 4179.364050
56 4179.364050
57 4179.364050
58 4179.364050
59 4179.364050
60 4179.364050
61 4179.364050
62 4179.364050
63 4179.364050
64 4179.364050
65 4179.364050
66 4179.364050
67 4179.364050
68 4179.364050
69 4179.364050
70 4179.364050
71 4179.364050
72 4179.364050
73 4179.364050
74 4179.364050
75 4179.364050
76 4179.364050
77 4179.364050
78 4179.364050
79 4179.364050
80 4179.364050
81 4179.364050
82 4179.364050
83 4179.364050
84 4179.364050
85 4179.364050
86 4179.364050
87 4179.364050
88 4179.364050
89 4179.364050
90 4179.364050
91 4179.364050
92 4179.364050
93 4179.364050
94 4179.364050
95 4179.364050
96 4179.364050
97 4179.364050
98 4179.364050
99 4179.364050
