0 0.000000
1 0.000000
2 0.000019
3 0.017793
4 11.257278
5 3568.617591
6 4003.003164
7 4181.079572
8 4181.998737
9 4182.005496
10 4182.005548
11 4182.005548
12 4182.005548
13 4182.005548
14 4182.005548
15 4182.005548
16 4182.005548
17 4182.005548
18 4182.005548
19 4182.005548
20 4182.005548
21 4182.005548
22 4182.005548
23 4182.005548
24 4182.005548
25 4182.005548
26 4182.005548
27 4182.005548
28 4182.005548
29 4182.005548
30 4182.005548
31 4182.005548
32 4182.005548
33 4182.005548
34 4182.005548
35 4182.005548
36 4182.005548
37 4182.005548
38 4182.005548
39 4182.005548
40 4182.005548
41 4182.005548
42 4182.005548
43 4182.005548
44 4182.005548
45 4182.005548
46 4182.005548
47 4182.005548
48 4182.005548
49 4182.005548
50 4182.005548
51 4182.005548
52 4182.005548
53 4182.005548
54 4182.005548
55 4182.005548
56 4182.005548
57 4182.005548
58 4182.005548
59 4182.005548
60 4182.005548
61 4182.005548
62 4182.005548
63 4182.005548
64 4182.005548
65 4182.005548
66 4182.005548
67 4182.005548
68 4182.005548
69 4182.005548
70 4182.005548
71 4182.005548
72 4182.005548
73 4182.005548
74 4182.005548
75 4182.005548
76 4182.005548
77 4182.005548
78 4182.005548
79 4182.005548
80 4182.005548
81 4182.005548
82 4182.005548
83 4182.005548
84 4182.005548
85 4182.005548
86 4182.005548
87 4182.005548
88 4182.005548
89 4182.005548
90 4182.005548
91 4182.005548
92 4182.005548
93 4182.005548
94 4182.005548
95 4182.005548
96 4182.005548
97 4182.005548
98 4182.005548
99 4182.005548
