0 0.000000
1 0.000000
2 0.000022
3 0.019623
4 11.747671
5 3523.731535
6 3953.234821
7 4178.640692
8 4180.365369
9 4180.378233
10 4180.378332
11 4180.378333
12 4180.378333
13 4180.378333
14 4180.378333
15 4180.378333
16 4180.378333
17 4180.378333
18 4180.378333
19 4180.378333
20 4180.378333
21 4180.378333
22 4180.378333
23 4180.378333
24 4180.378333
25 4180.378333
26 4180.378333
27 4180.378333
28 4180.378333
29 4180.378333
30 4180.378333
31 4180.378333
32 4180.378333
33 4180.378333
34 4180.378333
35 4180.378333
36 4180.378333
37 4180.378333
38 4180.378333
39 4180.378333
40 4180.378333
41 4180.378333
42 4180.378333
43 4180.378333
44 4180.378333
45 4180.378333
46 4180.378333
47 4180.378333
48 4180.378333
49 4180.378333
50 4180.378333
51 4180.378333
52 4180.378333
53 4180.378333
54 4180.378333
55 4180.378333
56 4180.378333
57 4180.378333
58 4180.378333
59 4180.378333
60 4180.378333
61 4180.378333
62 4180.378333
63 4180.378333
64 4180.378333
65 4180.378333
66 4180.378333
67 4180.378333
68 4180.378333
69 4180.378333
70 4180.378333
71 4180.378333
72 4180.378333
73 4180.378333
74 4180.378333
75 4180.378333
76 4180.378333
77 4180.378333
78 4180.378333
79 4180.378333
80 4180.378333
81 4180.378333
82 4180.378333
83 4180.378333
84 4180.378333
85 4180.378333
86 4180.378333
87 4180.378333
88 4180.378333
89 4180.378333
90 4180.378333
91 4180.378333
92 4180.378333
93 4180.378333
94 4180.378333
95 4180.378333
96 4180.378333
97 4180.378333
98 4180.378333
99 4180.378333
