0 0.000000
1 0.000000
2 0.000000
3 0.000270
4 1.509406
5 4234.372767
6 4240.835438
7 4240.869767
8 4240.870031
9 4240.870033
10 4240.870033
11 4240.870033
12 4240.870033
13 4240.870033
14 4240.870033
15 4240.870033
16 4240.870033
17 4240.870033
18 4240.870033
19 4240.870033
20 4240.870033
21 4240.870033
22 4240.870033
23 4240.870033
24 4240.870033
25 4240.870033
26 4240.870033
27 4240.870033
28 4240.870033
29 4240.870033
30 4240.870033
31 4240.870033
32 4240.870033
33 4240.870033
34 4240.870033
35 4240.870033
36 4240.870033
37 4240.870033
38 4240.870033
39 4240.870033
40 4240.870033
41 4240.870033
42 4240.870033
43 4240.870033
44 4240.870033
45 4240.870033
46 4240.870033
47 4240.870033
48 4240.870033
49 4240.870033
50 4240.870033
51 4240.870033
52 4240.870033
53 4240.870033
54 4240.870033
55 4240.870033
56 4240.870033
57 4240.870033
58 4240.870033
59 4240.870033
60 4240.870033
61 4240.870033
62 4240.870033
63 4240.870033
64 4240.870033
65 4240.870033
66 4240.870033
67 4240.870033
68 4240.870033
69 4240.870033
70 4240.870033
71 4240.870033
72 4240.870033
73 4240.870033
74 4240.870033
75 4240.870033
76 4240.870033
77 4240.870033
78 4240.870033
79 4240.870033
80 4240.870033
81 4240.870033
82 4240.870033
83 4240.870033
84 4240.870033
85 4240.870033
86 4240.870033
87 4240.870033
88 4240.870033
89 4240.870033
90 4240.870033
91 4240.870033
92 4240.870033
93 4240.870033
94 4240.870033
95 4240.870033
96 4240.870033
97 4240.870033
98 4240.870033
99 4240.870033
