0 0.000000
1 0.000000
2 0.000030
3 0.024133
4 12.837018
5 3421.181550
6 3839.535046
7 4170.679841
8 4177.004830
9 4177.051493
10 4177.051849
11 4177.051852
12 4177.051852
13 4177.051852
14 4177.051852
15 4177.051852
16 4177.051852
17 4177.051852
18 4177.051852
19 4177.051852
20 4177.051852
21 4177.051852
22 4177.051852
23 4177.051852
24 4177.051852
25 4177.051852
26 4177.051852
27 4177.051852
28 4177.051852
29 4177.051852
30 4177.051852
31 4177.051852
32 4177.051852
33 4177.051852
34 4177.051852
35 4177.051852
36 4177.051852
37 4177.051852
38 4177.051852
39 4177.051852
40 4177.051852
41 4177.051852
42 4177.051852
43 4177.051852
44 4177.051852
45 4177.051852
46 4177.051852
47 4177.051852
48 4177.051852
49 4177.051852
50 4177.051852
51 4177.051852
52 4177.051852
53 4177.051852
54 4177.051852
55 4177.051852
56 4177.051852
57 4177.051852
58 4177.051852
59 4177.051852
60 4177.051852
61 4177.051852
62 4177.051852
63 4177.051852
64 4177.051852
65 4177.051852
66 4177.051852
67 4177.051852
68 4177.051852
69 4177.051852
70 4177.051852
71 4177.051852
72 4177.051852
73 4177.051852
74 4177.051852
75 4177.051852
76 4177.051852
77 4177.051852
78 4177.051852
79 4177.051852
80 4177.051852
81 4177.051852
82 4177.051852
83 4177.051852
84 4177.051852
85 4177.051852
86 4177.051852
87 4177.051852
88 4177.051852
89 4177.051852
90 4177.051852
91 4177.051852
92 4177.051852
93 4177.051852
94 4177.051852
95 4177.051852
96 4177.051852
97 4177.051852
98 4177.051852
99 4177.051852
