0 0.000000
1 0.000000
2 0.000000
3 0.000357
4 1.731713
5 4230.592052
6 4238.532687
7 4238.574895
8 4238.575214
9 4238.575216
10 4238.575216
11 4238.575216
12 4238.575216
13 4238.575216
14 4238.575216
15 4238.575216
16 4238.575216
17 4238.575216
18 4238.575216
19 4238.575216
20 4238.575216
21 4238.575216
22 4238.575216
23 4238.575216
24 4238.575216
25 4238.575216
26 4238.575216
27 4238.575216
28 4238.575216
29 4238.575216
30 4238.575216
31 4238.575216
32 4238.575216
33 4238.575216
34 4238.575216
35 4238.575216
36 4238.575216
37 4238.575216
38 4238.575216
39 4238.575216
40 4238.575216
41 4238.575216
42 4238.575216
43 4238.575216
44 4238.575216
45 4238.575216
46 4238.575216
47 4238.575216
48 4238.575216
49 4238.575216
50 4238.575216
51 4238.575216
52 4238.575216
53 4238.575216
54 4238.575216
55 4238.575216
56 4238.575216
57 4238.575216
58 4238.575216
59 4238.575216
60 4238.575216
61 4238.575216
62 4238.575216
63 4238.575216
64 4238.575216
65 4238.575216
66 4238.575216
67 4238.575216
68 4238.575216
69 4238.575216
70 4238.575216
71 4238.575216
72 4238.575216
73 4238.575216
74 4238.575216
75 4238.575216
76 4238.575216
77 4238.575216
78 4238.575216
79 4238.575216
80 4238.575216
81 4238.575216
82 4238.575216
83 4238.575216
84 4238.575216
85 4238.575216
86 4238.575216
87 4238.575216
88 4238.575216
89 4238.575216
90 4238.575216
91 4238.575216
92 4238.575216
93 4238.575216
94 4238.575216
95 4238.575216
96 4238.575216
97 4238.575216
98 4238.575216
99 4238.575216
