0 0.000000
1 0.000000
2 0.000000
3 0.000346
4 1.707065
5 4231.012295
6 4238.784028
7 4238.825341
8 4238.825653
9 4238.825656
10 4238.825656
11 4238.825656
12 4238.825656
13 4238.825656
14 4238.825656
15 4238.825656
16 4238.825656
17 4238.825656
18 4238.825656
19 4238.825656
20 4238.825656
21 4238.825656
22 4238.825656
23 4238.825656
24 4238.825656
25 4238.825656
26 4238.825656
27 4238.825656
28 4238.825656
29 4238.825656
30 4238.825656
31 4238.825656
32 4238.825656
33 4238.825656
34 4238.825656
35 4238.825656
36 4238.825656
37 4238.825656
38 4238.825656
39 4238.825656
40 4238.825656
41 4238.825656
42 4238.825656
43 4238.825656
44 4238.825656
45 4238.825656
46 4238.825656
47 4238.825656
48 4238.825656
49 4238.825656
50 4238.825656
51 4238.825656
52 4238.825656
53 4238.825656
54 4238.825656
55 4238.825656
56 4238.825656
57 4238.825656
58 4238.825656
59 4238.825656
60 4238.825656
61 4238.825656
62 4238.825656
63 4238.825656
64 4238.825656
65 4238.825656
66 4238.825656
67 4238.825656
68 4238.825656
69 4238.825656
70 4238.825656
71 4238.825656
72 4238.825656
73 4238.825656
74 4238.825656
75 4238.825656
76 4238.825656
77 4238.825656
78 4238.825656
79 4238.825656
80 4238.825656
81 4238.825656
82 4238.825656
83 4238.825656
84 4238.825656
85 4238.825656
86 4238.825656
87 4238.825656
88 4238.825656
89 4238.825656
90 4238.825656
91 4238.825656
92 4238.825656
93 4238.825656
94 4238.825656
95 4238.825656
96 4238.825656
97 4238.825656
98 4238.825656
99 4238.825656
