0 0.000000
1 0.000000
2 0.000000
3 0.000443
4 1.928430
5 4227.224553
6 4236.561003
7 4236.610561
8 4236.610930
9 4236.610933
10 4236.610933
11 4236.610933
12 4236.610933
13 4236.610933
14 4236.610933
15 4236.610933
16 4236.610933
17 4236.610933
18 4236.610933
19 4236.610933
20 4236.610933
21 4236.610933
22 4236.610933
23 4236.610933
24 4236.610933
25 4236.610933
26 4236.610933
27 4236.610933
28 4236.610933
29 4236.610933
30 4236.610933
31 4236.610933
32 4236.610933
33 4236.610933
34 4236.610933
35 4236.610933
36 4236.610933
37 4236.610933
38 4236.610933
39 4236.610933
40 4236.610933
41 4236.610933
42 4236.610933
43 4236.610933
44 4236.610933
45 4236.610933
46 4236.610933
47 4236.610933
48 4236.610933
49 4236.610933
50 4236.610933
51 4236.610933
52 4236.610933
53 4236.610933
54 4236.610933
55 4236.610933
56 4236.610933
57 4236.610933
58 4236.610933
59 4236.610933
60 4236.610933
61 4236.610933
62 4236.610933
63 4236.610933
64 4236.610933
65 4236.610933
66 4236.610933
67 4236.610933
68 4236.610933
69 4236.610933
70 4236.610933
71 4236.610933
72 4236.610933
73 4236.610933
74 4236.610933
75 4236.610933
76 4236.610933
77 4236.610933
78 4236.610933
79 4236.610933
80 4236.610933
81 4236.610933
82 4236.610933
83 4236.610933
84 4236.610933
85 4236.610933
86 4236.610933
87 4236.610933
88 4236.610933
89 4236.610933
90 4236.610933
91 4236.610933
92 4236.610933
93 4236.610933
94 4236.610933
95 4236.610933
96 4236.610933
97 4236.610933
98 4236.610933
99 4236.610933
