0 0.000000
1 0.000000
2 0.000000
3 0.000432
4 1.903886
5 4227.646278
6 4236.803742
7 4236.852362
8 4236.852724
9 4236.852727
10 4236.852727
11 4236.852727
12 4236.852727
13 4236.852727
14 4236.852727
15 4236.852727
16 4236.852727
17 4236.852727
18 4236.852727
19 4236.852727
20 4236.852727
21 4236.852727
22 4236.852727
23 4236.852727
24 4236.852727
25 4236.852727
26 4236.852727
27 4236.852727
28 4236.852727
29 4236.852727
30 4236.852727
31 4236.852727
32 4236.852727
33 4236.852727
34 4236.852727
35 4236.852727
36 4236.852727
37 4236.852727
38 4236.852727
39 4236.852727
40 4236.852727
41 4236.852727
42 4236.852727
43 4236.852727
44 4236.852727
45 4236.852727
46 4236.852727
47 4236.852727
48 4236.852727
49 4236.852727
50 4236.852727
51 4236.852727
52 4236.852727
53 4236.852727
54 4236.852727
55 4236.852727
56 4236.852727
57 4236.852727
58 4236.852727
59 4236.852727
60 4236.852727
61 4236.852727
62 4236.852727
63 4236.852727
64 4236.852727
65 4236.852727
66 4236.852727
67 4236.852727
68 4236.852727
69 4236.852727
70 4236.852727
71 4236.852727
72 4236.852727
73 4236.852727
74 4236.852727
75 4236.852727
76 4236.852727
77 4236.852727
78 4236.852727
79 4236.852727
80 4236.852727
81 4236.852727
82 4236.852727
83 4236.852727
84 4236.852727
85 4236.852727
86 4236.852727
87 4236.852727
88 4236.852727
89 4236.852727
90 4236.852727
91 4236.852727
92 4236.852727
93 4236.852727
94 4236.852727
95 4236.852727
96 4236.852727
97 4236.852727
98 4236.852727
99 4236.852727
