0 0.000000
1 0.000000
2 0.000000
3 0.000388
4 1.805580
5 4229.330646
6 4237.785252
7 4237.830176
8 4237.830514
9 4237.830516
10 4237.830516
11 4237.830516
12 4237.830516
13 4237.830516
14 4237.830516
15 4237.830516
16 4237.830516
17 4237.830516
18 4237.830516
19 4237.830516
20 4237.830516
21 4237.830516
22 4237.830516
23 4237.830516
24 4237.830516
25 4237.830516
26 4237.830516
27 4237.830516
28 4237.830516
29 4237.830516
30 4237.830516
31 4237.830516
32 4237.830516
33 4237.830516
34 4237.830516
35 4237.830516
36 4237.830516
37 4237.830516
38 4237.830516
39 4237.830516
40 4237.830516
41 4237.830516
42 4237.830516
43 4237.830516
44 4237.830516
45 4237.830516
46 4237.830516
47 4237.830516
48 4237.830516
49 4237.830516
50 4237.830516
51 4237.830516
52 4237.830516
53 4237.830516
54 4237.830516
55 4237.830516
56 4237.830516
57 4237.830516
58 4237.830516
59 4237.830516
60 4237.830516
61 4237.830516
62 4237.830516
63 4237.830516
64 4237.830516
65 4237.830516
66 4237.830516
67 4237.830516
68 4237.830516
69 4237.830516
70 4237.830516
71 4237.830516
72 4237.830516
73 4237.830516
74 4237.830516
75 4237.830516
76 4237.830516
77 4237.830516
78 4237.830516
79 4237.830516
80 4237.830516
81 4237.830516
82 4237.830516
83 4237.830516
84 4237.830516
85 4237.830516
86 4237.830516
87 4237.830516
88 4237.830516
89 4237.830516
90 4237.830516
91 4237.830516
92 4237.830516
93 4237.830516
94 4237.830516
95 4237.830516
96 4237.830516
97 4237.830516
98 4237.830516
99 4237.830516
