0 0.000000
1 0.000000
2 0.000000
3 0.000367
4 1.756348
5 4230.171711
6 4238.282450
7 4238.325558
8 4238.325883
9 4238.325886
10 4238.325886
11 4238.325886
12 4238.325886
13 4238.325886
14 4238.325886
15 4238.325886
16 4238.325886
17 4238.325886
18 4238.325886
19 4238.325886
20 4238.325886
21 4238.325886
22 4238.325886
23 4238.325886
24 4238.325886
25 4238.325886
26 4238.325886
27 4238.325886
28 4238.325886
29 4238.325886
30 4238.325886
31 4238.325886
32 4238.325886
33 4238.325886
34 4238.325886
35 4238.325886
36 4238.325886
37 4238.325886
38 4238.325886
39 4238.325886
40 4238.325886
41 4238.325886
42 4238.325886
43 4238.325886
44 4238.325886
45 4238.325886
46 4238.325886
47 4238.325886
48 4238.325886
49 4238.325886
50 4238.325886
51 4238.325886
52 4238.325886
53 4238.325886
54 4238.325886
55 4238.325886
56 4238.325886
57 4238.325886
58 4238.325886
59 4238.325886
60 4238.325886
61 4238.325886
62 4238.325886
63 4238.325886
64 4238.325886
65 4238.325886
66 4238.325886
67 4238.325886
68 4238.325886
69 4238.325886
70 4238.325886
71 4238.325886
72 4238.325886
73 4238.325886
74 4238.325886
75 4238.325886
76 4238.325886
77 4238.325886
78 4238.325886
79 4238.325886
80 4238.325886
81 4238.325886
82 4238.325886
83 4238.325886
84 4238.325886
85 4238.325886
86 4238.325886
87 4238.325886
88 4238.325886
89 4238.325886
90 4238.325886
91 4238.325886
92 4238.325886
93 4238.325886
94 4238.325886
95 4238.325886
96 4238.325886
97 4238.325886
98 4238.325886
99 4238.325886
