0 0.000000
1 0.000000
2 0.000000
3 0.000466
4 1.977478
5 4226.380117
6 4236.078637
7 4236.130089
8 4236.130471
9 4236.130474
10 4236.130474
11 4236.130474
12 4236.130474
13 4236.130474
14 4236.130474
15 4236.130474
16 4236.130474
17 4236.130474
18 4236.130474
19 4236.130474
20 4236.130474
21 4236.130474
22 4236.130474
23 4236.130474
24 4236.130474
25 4236.130474
26 4236.130474
27 4236.130474
28 4236.130474
29 4236.130474
30 4236.130474
31 4236.130474
32 4236.130474
33 4236.130474
34 4236.130474
35 4236.130474
36 4236.130474
37 4236.130474
38 4236.130474
39 4236.130474
40 4236.130474
41 4236.130474
42 4236.130474
43 4236.130474
44 4236.130474
45 4236.130474
46 4236.130474
47 4236.130474
48 4236.130474
49 4236.130474
50 4236.130474
51 4236.130474
52 4236.130474
53 4236.130474
54 4236.130474
55 4236.130474
56 4236.130474
57 4236.130474
58 4236.130474
59 4236.130474
60 4236.130474
61 4236.130474
62 4236.130474
63 4236.130474
64 4236.130474
65 4236.130474
66 4236.130474
67 4236.130474
68 4236.130474
69 4236.130474
70 4236.130474
71 4236.130474
72 4236.130474
73 4236.130474
74 4236.130474
75 4236.130474
76 4236.130474
77 4236.130474
78 4236.130474
79 4236.130474
80 4236.130474
81 4236.130474
82 4236.130474
83 4236.130474
84 4236.130474
85 4236.130474
86 4236.130474
87 4236.130474
88 4236.130474
89 4236.130474
90 4236.130474
91 4236.130474
92 4236.130474
93 4236.130474
94 4236.130474
95 4236.130474
96 4236.130474
97 4236.130474
98 4236.130474
99 4236.130474
