0 0.000000
1 0.000000
2 0.000000
3 0.000410
4 1.854759
5 4228.488908
6 4237.292371
7 4237.339132
8 4237.339482
9 4237.339484
10 4237.339484
11 4237.339484
12 4237.339484
13 4237.339484
14 4237.339484
15 4237.339484
16 4237.339484
17 4237.339484
18 4237.339484
19 4237.339484
20 4237.339484
21 4237.339484
22 4237.339484
23 4237.339484
24 4237.339484
25 4237.339484
26 4237.339484
27 4237.339484
28 4237.339484
29 4237.339484
30 4237.339484
31 4237.339484
32 4237.339484
33 4237.339484
34 4237.339484
35 4237.339484
36 4237.339484
37 4237.339484
38 4237.339484
39 4237.339484
40 4237.339484
41 4237.339484
42 4237.339484
43 4237.339484
44 4237.339484
45 4237.339484
46 4237.339484
47 4237.339484
48 4237.339484
49 4237.339484
50 4237.339484
51 4237.339484
52 4237.339484
53 4237.339484
54 4237.339484
55 4237.339484
56 4237.339484
57 4237.339484
58 4237.339484
59 4237.339484
60 4237.339484
61 4237.339484
62 4237.339484
63 4237.339484
64 4237.339484
65 4237.339484
66 4237.339484
67 4237.339484
68 4237.339484
69 4237.339484
70 4237.339484
71 4237.339484
72 4237.339484
73 4237.339484
74 4237.339484
75 4237.339484
76 4237.339484
77 4237.339484
78 4237.339484
79 4237.339484
80 4237.339484
81 4237.339484
82 4237.339484
83 4237.339484
84 4237.339484
85 4237.339484
86 4237.339484
87 4237.339484
88 4237.339484
89 4237.339484
90 4237.339484
91 4237.339484
92 4237.339484
93 4237.339484
94 4237.339484
95 4237.339484
96 4237.339484
97 4237.339484
98 4237.339484
99 4237.339484
