0 0.000000
1 0.000000
2 0.000000
3 0.000399
4 1.830176
5 4228.909874
6 4237.538276
7 4237.584116
8 4237.584460
9 4237.584462
10 4237.584462
11 4237.584462
12 4237.584462
13 4237.584462
14 4237.584462
15 4237.584462
16 4237.584462
17 4237.584462
18 4237.584462
19 4237.584462
20 4237.584462
21 4237.584462
22 4237.584462
23 4237.584462
24 4237.584462
25 4237.584462
26 4237.584462
27 4237.584462
28 4237.584462
29 4237.584462
30 4237.584462
31 4237.584462
32 4237.584462
33 4237.584462
34 4237.584462
35 4237.584462
36 4237.584462
37 4237.584462
38 4237.584462
39 4237.584462
40 4237.584462
41 4237.584462
42 4237.584462
43 4237.584462
44 4237.584462
45 4237.584462
46 4237.584462
47 4237.584462
48 4237.584462
49 4237.584462
50 4237.584462
51 4237.584462
52 4237.584462
53 4237.584462
54 4237.584462
55 4237.584462
56 4237.584462
57 4237.584462
58 4237.584462
59 4237.584462
60 4237.584462
61 4237.584462
62 4237.584462
63 4237.584462
64 4237.584462
65 4237.584462
66 4237.584462
67 4237.584462
68 4237.584462
69 4237.584462
70 4237.584462
71 4237.584462
72 4237.584462
73 4237.584462
74 4237.584462
75 4237.584462
76 4237.584462
77 4237.584462
78 4237.584462
79 4237.584462
80 4237.584462
81 4237.584462
82 4237.584462
83 4237.584462
84 4237.584462
85 4237.584462
86 4237.584462
87 4237.584462
88 4237.584462
89 4237.584462
90 4237.584462
91 4237.584462
92 4237.584462
93 4237.584462
94 4237.584462
95 4237.584462
96 4237.584462
97 4237.584462
98 4237.584462
99 4237.584462
