0 0.000000
1 0.000000
2 0.000000
3 0.000539
4 2.124311
5 4223.836154
6 4234.655886
7 4234.713171
8 4234.713593
9 4234.713596
10 4234.713596
11 4234.713596
12 4234.713596
13 4234.713596
14 4234.713596
15 4234.713596
16 4234.713596
17 4234.713596
18 4234.713596
19 4234.713596
20 4234.713596
21 4234.713596
22 4234.713596
23 4234.713596
24 4234.713596
25 4234.713596
26 4234.713596
27 4234.713596
28 4234.713596
29 4234.713596
30 4234.713596
31 4234.713596
32 4234.713596
33 4234.713596
34 4234.713596
35 4234.713596
36 4234.713596
37 4234.713596
38 4234.713596
39 4234.713596
40 4234.713596
41 4234.713596
42 4234.713596
43 4234.713596
44 4234.713596
45 4234.713596
46 4234.713596
47 4234.713596
48 4234.713596
49 4234.713596
50 4234.713596
51 4234.713596
52 4234.713596
53 4234.713596
54 4234.713596
55 4234.713596
56 4234.713596
57 4234.713596
58 4234.713596
59 4234.713596
60 4234.713596
61 4234.713596
62 4234.713596
63 4234.713596
64 4234.713596
65 4234.713596
66 4234.713596
67 4234.713596
68 4234.713596
69 4234.713596
70 4234.713596
71 4234.713596
72 4234.713596
73 4234.713596
74 4234.713596
75 4234.713596
76 4234.713596
77 4234.713596
78 4234.713596
79 4234.713596
80 4234.713596
81 4234.713596
82 4234.713596
83 4234.713596
84 4234.713596
85 4234.713596
86 4234.713596
87 4234.713596
88 4234.713596
89 4234.713596
90 4234.713596
91 4234.713596
92 4234.713596
93 4234.713596
94 4234.713596
95 4234.713596
96 4234.713596
97 4234.713596
98 4234.713596
99 4234.713596
