0 0.000000
1 0.000000
2 0.000000
3 0.000590
4 2.221939
5 4222.127691
6 4233.727110
7 4233.788426
8 4233.788875
9 4233.788878
10 4233.788878
11 4233.788878
12 4233.788878
13 4233.788878
14 4233.788878
15 4233.788878
16 4233.788878
17 4233.788878
18 4233.788878
19 4233.788878
20 4233.788878
21 4233.788878
22 4233.788878
23 4233.788878
24 4233.788878
25 4233.788878
26 4233.788878
27 4233.788878
28 4233.788878
29 4233.788878
30 4233.788878
31 4233.788878
32 4233.788878
33 4233.788878
34 4233.788878
35 4233.788878
36 4233.788878
37 4233.788878
38 4233.788878
39 4233.788878
40 4233.788878
41 4233.788878
42 4233.788878
43 4233.788878
44 4233.788878
45 4233.788878
46 4233.788878
47 4233.788878
48 4233.788878
49 4233.788878
50 4233.788878
51 4233.788878
52 4233.788878
53 4233.788878
54 4233.788878
55 4233.788878
56 4233.788878
57 4233.788878
58 4233.788878
59 4233.788878
60 4233.788878
61 4233.788878
62 4233.788878
63 4233.788878
64 4233.788878
65 4233.788878
66 4233.788878
67 4233.788878
68 4233.788878
69 4233.788878
70 4233.788878
71 4233.788878
72 4233.788878
73 4233.788878
74 4233.788878
75 4233.788878
76 4233.788878
77 4233.788878
78 4233.788878
79 4233.788878
80 4233.788878
81 4233.788878
82 4233.788878
83 4233.788878
84 4233.788878
85 4233.788878
86 4233.788878
87 4233.788878
88 4233.788878
89 4233.788878
90 4233.788878
91 4233.788878
92 4233.788878
93 4233.788878
94 4233.788878
95 4233.788878
96 4233.788878
97 4233.788878
98 4233.788878
99 4233.788878
