0 0.000000
1 0.000000
2 0.000000
3 0.000699
4 2.416570
5 4218.664594
6 4231.914939
7 4231.984724
8 4231.985229
9 4231.985232
10 4231.985232
11 4231.985232
12 4231.985232
13 4231.985232
14 4231.985232
15 4231.985232
16 4231.985232
17 4231.985232
18 4231.985232
19 4231.985232
20 4231.985232
21 4231.985232
22 4231.985232
23 4231.985232
24 4231.985232
25 4231.985232
26 4231.985232
27 4231.985232
28 4231.985232
29 4231.985232
30 4231.985232
31 4231.985232
32 4231.985232
33 4231.985232
34 4231.985232
35 4231.985232
36 4231.985232
37 4231.985232
38 4231.985232
39 4231.985232
40 4231.985232
41 4231.985232
42 4231.985232
43 4231.985232
44 4231.985232
45 4231.985232
46 4231.985232
47 4231.985232
48 4231.985232
49 4231.985232
50 4231.985232
51 4231.985232
52 4231.985232
53 4231.985232
54 4231.985232
55 4231.985232
56 4231.985232
57 4231.985232
58 4231.985232
59 4231.985232
60 4231.985232
61 4231.985232
62 4231.985232
63 4231.985232
64 4231.985232
65 4231.985232
66 4231.985232
67 4231.985232
68 4231.985232
69 4231.985232
70 4231.985232
71 4231.985232
72 4231.985232
73 4231.985232
74 4231.985232
75 4231.985232
76 4231.985232
77 4231.985232
78 4231.985232
79 4231.985232
80 4231.985232
81 4231.985232
82 4231.985232
83 4231.985232
84 4231.985232
85 4231.985232
86 4231.985232
87 4231.985232
88 4231.985232
89 4231.985232
90 4231.985232
91 4231.985232
92 4231.985232
93 4231.985232
94 4231.985232
95 4231.985232
96 4231.985232
97 4231.985232
98 4231.985232
99 4231.985232
