0 0.000000
1 0.000000
2 0.000000
3 0.000685
4 2.392287
5 4219.101706
6 4232.138237
7 4232.206931
8 4232.207428
9 4232.207431
10 4232.207431
11 4232.207431
12 4232.207431
13 4232.207431
14 4232.207431
15 4232.207431
16 4232.207431
17 4232.207431
18 4232.207431
19 4232.207431
20 4232.207431
21 4232.207431
22 4232.207431
23 4232.207431
24 4232.207431
25 4232.207431
26 4232.207431
27 4232.207431
28 4232.207431
29 4232.207431
30 4232.207431
31 4232.207431
32 4232.207431
33 4232.207431
34 4232.207431
35 4232.207431
36 4232.207431
37 4232.207431
38 4232.207431
39 4232.207431
40 4232.207431
41 4232.207431
42 4232.207431
43 4232.207431
44 4232.207431
45 4232.207431
46 4232.207431
47 4232.207431
48 4232.207431
49 4232.207431
50 4232.207431
51 4232.207431
52 4232.207431
53 4232.207431
54 4232.207431
55 4232.207431
56 4232.207431
57 4232.207431
58 4232.207431
59 4232.207431
60 4232.207431
61 4232.207431
62 4232.207431
63 4232.207431
64 4232.207431
65 4232.207431
66 4232.207431
67 4232.207431
68 4232.207431
69 4232.207431
70 4232.207431
71 4232.207431
72 4232.207431
73 4232.207431
74 4232.207431
75 4232.207431
76 4232.207431
77 4232.207431
78 4232.207431
79 4232.207431
80 4232.207431
81 4232.207431
82 4232.207431
83 4232.207431
84 4232.207431
85 4232.207431
86 4232.207431
87 4232.207431
88 4232.207431
89 4232.207431
90 4232.207431
91 4232.207431
92 4232.207431
93 4232.207431
94 4232.207431
95 4232.207431
96 4232.207431
97 4232.207431
98 4232.207431
99 4232.207431
