0 0.000000
1 0.000000
2 0.000000
3 0.000630
4 2.295024
5 4220.837365
6 4233.040574
7 4233.104998
8 4233.105467
9 4233.105470
10 4233.105470
11 4233.105470
12 4233.105470
13 4233.105470
14 4233.105470
15 4233.105470
16 4233.105470
17 4233.105470
18 4233.105470
19 4233.105470
20 4233.105470
21 4233.105470
22 4233.105470
23 4233.105470
24 4233.105470
25 4233.105470
26 4233.105470
27 4233.105470
28 4233.105470
29 4233.105470
30 4233.105470
31 4233.105470
32 4233.105470
33 4233.105470
34 4233.105470
35 4233.105470
36 4233.105470
37 4233.105470
38 4233.105470
39 4233.105470
40 4233.105470
41 4233.105470
42 4233.105470
43 4233.105470
44 4233.105470
45 4233.105470
46 4233.105470
47 4233.105470
48 4233.105470
49 4233.105470
50 4233.105470
51 4233.105470
52 4233.105470
53 4233.105470
54 4233.105470
55 4233.105470
56 4233.105470
57 4233.105470
58 4233.105470
59 4233.105470
60 4233.105470
61 4233.105470
62 4233.105470
63 4233.105470
64 4233.105470
65 4233.105470
66 4233.105470
67 4233.105470
68 4233.105470
69 4233.105470
70 4233.105470
71 4233.105470
72 4233.105470
73 4233.105470
74 4233.105470
75 4233.105470
76 4233.105470
77 4233.105470
78 4233.105470
79 4233.105470
80 4233.105470
81 4233.105470
82 4233.105470
83 4233.105470
84 4233.105470
85 4233.105470
86 4233.105470
87 4233.105470
88 4233.105470
89 4233.105470
90 4233.105470
91 4233.105470
92 4233.105470
93 4233.105470
94 4233.105470
95 4233.105470
96 4233.105470
97 4233.105470
98 4233.105470
99 4233.105470
