0 0.000000
1 0.000000
2 0.000000
3 0.000713
4 2.440840
5 4218.226045
6 4231.692544
7 4231.763431
8 4231.763942
9 4231.763946
10 4231.763946
11 4231.763946
12 4231.763946
13 4231.763946
14 4231.763946
15 4231.763946
16 4231.763946
17 4231.763946
18 4231.763946
19 4231.763946
20 4231.763946
21 4231.763946
22 4231.763946
23 4231.763946
24 4231.763946
25 4231.763946
26 4231.763946
27 4231.763946
28 4231.763946
29 4231.763946
30 4231.763946
31 4231.763946
32 4231.763946
33 4231.763946
34 4231.763946
35 4231.763946
36 4231.763946
37 4231.763946
38 4231.763946
39 4231.763946
40 4231.763946
41 4231.763946
42 4231.763946
43 4231.763946
44 4231.763946
45 4231.763946
46 4231.763946
47 4231.763946
48 4231.763946
49 4231.763946
50 4231.763946
51 4231.763946
52 4231.763946
53 4231.763946
54 4231.763946
55 4231.763946
56 4231.763946
57 4231.763946
58 4231.763946
59 4231.763946
60 4231.763946
61 4231.763946
62 4231.763946
63 4231.763946
64 4231.763946
65 4231.763946
66 4231.763946
67 4231.763946
68 4231.763946
69 4231.763946
70 4231.763946
71 4231.763946
72 4231.763946
73 4231.763946
74 4231.763946
75 4231.763946
76 4231.763946
77 4231.763946
78 4231.763946
79 4231.763946
80 4231.763946
81 4231.763946
82 4231.763946
83 4231.763946
84 4231.763946
85 4231.763946
86 4231.763946
87 4231.763946
88 4231.763946
89 4231.763946
90 4231.763946
91 4231.763946
92 4231.763946
93 4231.763946
94 4231.763946
95 4231.763946
96 4231.763946
97 4231.763946
98 4231.763946
99 4231.763946
