0 0.000000
1 0.000000
2 0.000000
3 0.000671
4 2.367991
5 4219.537462
6 4232.362443
7 4232.430056
8 4232.430546
9 4232.430549
10 4232.430549
11 4232.430549
12 4232.430549
13 4232.430549
14 4232.430549
15 4232.430549
16 4232.430549
17 4232.430549
18 4232.430549
19 4232.430549
20 4232.430549
21 4232.430549
22 4232.430549
23 4232.430549
24 4232.430549
25 4232.430549
26 4232.430549
27 4232.430549
28 4232.430549
29 4232.430549
30 4232.430549
31 4232.430549
32 4232.430549
33 4232.430549
34 4232.430549
35 4232.430549
36 4232.430549
37 4232.430549
38 4232.430549
39 4232.430549
40 4232.430549
41 4232.430549
42 4232.430549
43 4232.430549
44 4232.430549
45 4232.430549
46 4232.430549
47 4232.430549
48 4232.430549
49 4232.430549
50 4232.430549
51 4232.430549
52 4232.430549
53 4232.430549
54 4232.430549
55 4232.430549
56 4232.430549
57 4232.430549
58 4232.430549
59 4232.430549
60 4232.430549
61 4232.430549
62 4232.430549
63 4232.430549
64 4232.430549
65 4232.430549
66 4232.430549
67 4232.430549
68 4232.430549
69 4232.430549
70 4232.430549
71 4232.430549
72 4232.430549
73 4232.430549
74 4232.430549
75 4232.430549
76 4232.430549
77 4232.430549
78 4232.430549
79 4232.430549
80 4232.430549
81 4232.430549
82 4232.430549
83 4232.430549
84 4232.430549
85 4232.430549
86 4232.430549
87 4232.430549
88 4232.430549
89 4232.430549
90 4232.430549
91 4232.430549
92 4232.430549
93 4232.430549
94 4232.430549
95 4232.430549
96 4232.430549
97 4232.430549
98 4232.430549
99 4232.430549
