0 0.000000
1 0.000000
2 0.000000
3 0.000616
4 2.270675
5 4221.268449
6 4233.268476
7 4233.331856
8 4233.332318
9 4233.332321
10 4233.332321
11 4233.332321
12 4233.332321
13 4233.332321
14 4233.332321
15 4233.332321
16 4233.332321
17 4233.332321
18 4233.332321
19 4233.332321
20 4233.332321
21 4233.332321
22 4233.332321
23 4233.332321
24 4233.332321
25 4233.332321
26 4233.332321
27 4233.332321
28 4233.332321
29 4233.332321
30 4233.332321
31 4233.332321
32 4233.332321
33 4233.332321
34 4233.332321
35 4233.332321
36 4233.332321
37 4233.332321
38 4233.332321
39 4233.332321
40 4233.332321
41 4233.332321
42 4233.332321
43 4233.332321
44 4233.332321
45 4233.332321
46 4233.332321
47 4233.332321
48 4233.332321
49 4233.332321
50 4233.332321
51 4233.332321
52 4233.332321
53 4233.332321
54 4233.332321
55 4233.332321
56 4233.332321
57 4233.332321
58 4233.332321
59 4233.332321
60 4233.332321
61 4233.332321
62 4233.332321
63 4233.332321
64 4233.332321
65 4233.332321
66 4233.332321
67 4233.332321
68 4233.332321
69 4233.332321
70 4233.332321
71 4233.332321
72 4233.332321
73 4233.332321
74 4233.332321
75 4233.332321
76 4233.332321
77 4233.332321
78 4233.332321
79 4233.332321
80 4233.332321
81 4233.332321
82 4233.332321
83 4233.332321
84 4233.332321
85 4233.332321
86 4233.332321
87 4233.332321
88 4233.332321
89 4233.332321
90 4233.332321
91 4233.332321
92 4233.332321
93 4233.332321
94 4233.332321
95 4233.332321
96 4233.332321
97 4233.332321
98 4233.332321
99 4233.332321
