4999.8539314465
4999.8539314465
4999.8539314465
4999.8539314465
4999.8539314465
4999.8539314465
4999.8539314465
4999.8539314465
4999.8539314465
4999.8539314465
4999.8539314465
4999.8539314465
4999.8539314465
4999.8539314465
4999.8539314465
4999.8539314464
4999.8539314448
4999.8539314147
4999.8539308992
4999.8539226911
4999.8538096141
4999.8526003133
4999.8442166880
4999.8143142734
4999.5474302856
4995.3812067154
4939.1840767096
4434.6979955560
1062.0625298154
193.0000000000
0.0000000000
0.0000000000
0.0000000000
0.0000000000
0.0000000000
0.0000000000
0.0000000000
0.0000000000
0.0000000000
0.0000000000
0.0000000000
0.0000000000
0.0000000000
0.0000000000
0.0000000000
0.0000000000
0.0000000000
0.0000000000
0.0000000000
0.0000000000
0.0000000000
0.0000000000
0.0000000000
0.0000000000
0.0000000000
0.0000000000
0.0000000000
0.0000000000
0.0000000000
0.0000000000
0.0000000000
0.0000000000
0.0000000000
0.0000000000
0.0000000000
0.0000000000
0.0000000000
0.0000000000
0.0000000000
0.0000000000
0.0000000000
0.0000000000
0.0000000000
0.0000000000
0.0000000000
0.0000000000
0.0000000000
0.0000000000
0.0000000000
0.0000000000
0.0000000000
0.0000000000
0.0000000000
0.0000000000
0.0000000000
0.0000000000
0.0000000000
0.0000000000
0.0000000000
0.0000000000
0.0000000000
0.0000000000
0.0000000000
0.0000000000
0.0000000000
0.0000000000
0.0000000000
0.0000000000
0.0000000000
0.0000000000