4999.9749152218
4999.9749152218
4999.9749152218
4999.9749152218
4999.9749152218
4999.9749152218
4999.9749152218
4999.9749152218
4999.9749152218
4999.9749152218
4999.9749152218
4999.9749152218
4999.9749152218
4999.9749152218
4999.9749152218
4999.9749152218
4999.9749152218
4999.9749152218
4999.9749152218
4999.9749152218
4999.9749152218
4999.9749152218
4999.9749152217
4999.9749152213
4999.9749152158
4999.9749151461
4999.9749142897
4999.9749039384
4999.9747738549
4999.9728834908
4999.9419321469
4999.4252658324
4990.3468007671
4839.8303707553
3492.9984687638
681.0981614900
21.0000000000
0.0000000000
0.0000000000
0.0000000000
0.0000000000
0.0000000000
0.0000000000
0.0000000000
0.0000000000
0.0000000000
0.0000000000
0.0000000000
0.0000000000
0.0000000000
0.0000000000
0.0000000000
0.0000000000
0.0000000000
0.0000000000
0.0000000000
0.0000000000
0.0000000000
0.0000000000
0.0000000000
0.0000000000
0.0000000000
0.0000000000
0.0000000000
0.0000000000
0.0000000000
0.0000000000
0.0000000000
0.0000000000
0.0000000000
0.0000000000
0.0000000000
0.0000000000
0.0000000000
0.0000000000
0.0000000000
0.0000000000
0.0000000000
0.0000000000
0.0000000000
0.0000000000
0.0000000000
0.0000000000
0.0000000000
0.0000000000
0.0000000000
0.0000000000
0.0000000000
0.0000000000
0.0000000000
0.0000000000
0.0000000000
0.0000000000
0.0000000000
0.0000000000
0.0000000000
0.0000000000
0.0000000000
0.0000000000
0.0000000000