5000.0707456605
5000.0707456605
5000.0707456605
5000.0707456605
5000.0707456605
5000.0707456605
5000.0707456605
5000.0707456605
5000.0707456605
5000.0707456605
5000.0707456605
5000.0707456605
5000.0707456605
5000.0707456605
5000.0707456605
5000.0707456605
5000.0707456605
5000.0707456605
5000.0707456605
5000.0707456605
5000.0707456605
5000.0707456605
5000.0707456605
5000.0707456605
5000.0707456605
5000.0707456605
5000.0707456605
5000.0707456605
5000.0707456605
5000.0707456605
5000.0707456595
5000.0707456459
5000.0707454698
5000.0707432709
5000.0707149298
5000.0703237120
5000.0647565604
4999.9871937713
4998.9423686940
4985.8920714838
4876.5461719164
3792.2632773660
324.1196306972
22.0000000000
0.0000000000
0.0000000000
0.0000000000
0.0000000000
0.0000000000
0.0000000000
0.0000000000
0.0000000000
0.0000000000
0.0000000000
0.0000000000
0.0000000000
0.0000000000
0.0000000000
0.0000000000
0.0000000000
0.0000000000
0.0000000000
0.0000000000
0.0000000000
0.0000000000
0.0000000000
0.0000000000
0.0000000000
0.0000000000
0.0000000000
0.0000000000
0.0000000000
0.0000000000
0.0000000000
0.0000000000
0.0000000000
0.0000000000
0.0000000000
0.0000000000
0.0000000000
0.0000000000
0.0000000000
0.0000000000
0.0000000000
0.0000000000
0.0000000000
0.0000000000
0.0000000000
0.0000000000
0.0000000000
0.0000000000
0.0000000000
0.0000000000
0.0000000000
0.0000000000
0.0000000000
0.0000000000
0.0000000000
0.0000000000
0.0000000000