5000.0002233879
5000.0002233879
5000.0002233879
5000.0002233879
5000.0002233879
5000.0002233879
5000.0002233879
5000.0002233879
5000.0002233879
5000.0002233879
5000.0002233879
5000.0002233879
5000.0002233879
5000.0002233879
5000.0002233879
5000.0002233879
5000.0002233879
5000.0002233879
5000.0002233879
5000.0002233879
5000.0002233879
5000.0002233879
5000.0002233879
5000.0002233879
5000.0002233879
5000.0002233879
5000.0002233879
5000.0002233878
5000.0002233871
5000.0002233753
5000.0002231877
5000.0002203739
5000.0001819820
4999.9997060368
4999.9939390687
4999.9180533329
4998.8272035985
4982.9431557419
4780.4826482917
2635.6054936274
520.0327741406
31.0000000000
0.0000000000
0.0000000000
0.0000000000
0.0000000000
0.0000000000
0.0000000000
0.0000000000
0.0000000000
0.0000000000
0.0000000000
0.0000000000
0.0000000000
0.0000000000
0.0000000000
0.0000000000
0.0000000000
0.0000000000
0.0000000000
0.0000000000
0.0000000000
0.0000000000
0.0000000000
0.0000000000
0.0000000000
0.0000000000
0.0000000000
0.0000000000
0.0000000000
0.0000000000
0.0000000000
0.0000000000
0.0000000000
0.0000000000
0.0000000000
0.0000000000
0.0000000000
0.0000000000
0.0000000000
0.0000000000
0.0000000000
0.0000000000
0.0000000000
0.0000000000
0.0000000000
0.0000000000
0.0000000000
0.0000000000
0.0000000000
0.0000000000
0.0000000000
0.0000000000
0.0000000000
0.0000000000
0.0000000000
0.0000000000
0.0000000000
0.0000000000
0.0000000000