4999.8761134119
4999.8761134119
4999.8761134119
4999.8761134119
4999.8761134119
4999.8761134119
4999.8761134119
4999.8761134119
4999.8761134119
4999.8761134119
4999.8761134119
4999.8761134119
4999.8761134119
4999.8761134119
4999.8761134119
4999.8761134119
4999.8761134119
4999.8761134119
4999.8761134119
4999.8761134119
4999.8761134119
4999.8761134119
4999.8761134119
4999.8761134119
4999.8761134119
4999.8761134119
4999.8761134119
4999.8761134119
4999.8761134119
4999.8761134119
4999.8761134119
4999.8761134119
4999.8761134119
4999.8761134119
4999.8761134118
4999.8761134101
4999.8761133882
4999.8761131167
4999.8761099115
4999.8760713086
4999.8755386854
4999.8674454263
4999.7506240446
4997.9572028842
4963.2789902721
4347.9580874514
1006.0075554928
13.0000000000
0.0000000000
0.0000000000
0.0000000000
0.0000000000
0.0000000000
0.0000000000
0.0000000000
0.0000000000
0.0000000000
0.0000000000
0.0000000000
0.0000000000
0.0000000000
0.0000000000
0.0000000000
0.0000000000
0.0000000000
0.0000000000
0.0000000000
0.0000000000
0.0000000000
0.0000000000
0.0000000000
0.0000000000
0.0000000000
0.0000000000
0.0000000000
0.0000000000
0.0000000000
0.0000000000
0.0000000000
0.0000000000
0.0000000000
0.0000000000
0.0000000000
0.0000000000
0.0000000000
0.0000000000
0.0000000000
0.0000000000
0.0000000000
0.0000000000
0.0000000000
0.0000000000
0.0000000000
0.0000000000
0.0000000000
0.0000000000
0.0000000000
0.0000000000
0.0000000000
0.0000000000