5000.0863064488
5000.0863064488
5000.0863064488
5000.0863064488
5000.0863064488
5000.0863064488
5000.0863064488
5000.0863064488
5000.0863064488
5000.0863064488
5000.0863064488
5000.0863064488
5000.0863064488
5000.0863064488
5000.0863064488
5000.0863064488
5000.0863064488
5000.0863064488
5000.0863064488
5000.0863064488
5000.0863064488
5000.0863064488
5000.0863064488
5000.0863064488
5000.0863064488
5000.0863064488
5000.0863064488
5000.0863064488
5000.0863064488
5000.0863064488
5000.0863064488
5000.0863064488
5000.0863064488
5000.0863064488
5000.0863064488
5000.0863064488
5000.0863064488
5000.0863064488
5000.0863064487
5000.0863064485
5000.0863064457
5000.0863063990
5000.0863056026
5000.0862917230
5000.0860531609
5000.0820075996
5000.0113121085
4998.6957180716
4974.4081763919
4596.2467802301
2363.2052296720
136.2300059747
2.0000000000
0.0000000000
0.0000000000
0.0000000000
0.0000000000
0.0000000000
0.0000000000
0.0000000000
0.0000000000
0.0000000000
0.0000000000
0.0000000000
0.0000000000
0.0000000000
0.0000000000
0.0000000000
0.0000000000
0.0000000000
0.0000000000
0.0000000000
0.0000000000
0.0000000000
0.0000000000
0.0000000000
0.0000000000
0.0000000000
0.0000000000
0.0000000000
0.0000000000
0.0000000000
0.0000000000
0.0000000000
0.0000000000
0.0000000000
0.0000000000
0.0000000000
0.0000000000
0.0000000000
0.0000000000
0.0000000000
0.0000000000
0.0000000000
0.0000000000
0.0000000000
0.0000000000
0.0000000000
0.0000000000
0.0000000000