4999.9915896347
4999.9915896347
4999.9915896347
4999.9915896347
4999.9915896347
4999.9915896347
4999.9915896347
4999.9915896347
4999.9915896347
4999.9915896347
4999.9915896347
4999.9915896347
4999.9915896347
4999.9915896347
4999.9915896347
4999.9915896347
4999.9915896347
4999.9915896347
4999.9915896347
4999.9915896347
4999.9915896347
4999.9915896347
4999.9915896347
4999.9915896347
4999.9915896347
4999.9915896347
4999.9915896347
4999.9915896347
4999.9915896347
4999.9915896347
4999.9915896347
4999.9915896347
4999.9915896347
4999.9915896347
4999.9915896347
4999.9915896347
4999.9915896347
4999.9915896347
4999.9915896346
4999.9915896336
4999.9915896176
4999.9915893621
4999.9915850454
4999.9915094610
4999.9902010491
4999.9681769646
4999.5933347294
4992.6749034723
4858.1941664570
3093.4386014920
562.0530767105
9.0000000000
0.0000000000
0.0000000000
0.0000000000
0.0000000000
0.0000000000
0.0000000000
0.0000000000
0.0000000000
0.0000000000
0.0000000000
0.0000000000
0.0000000000
0.0000000000
0.0000000000
0.0000000000
0.0000000000
0.0000000000
0.0000000000
0.0000000000
0.0000000000
0.0000000000
0.0000000000
0.0000000000
0.0000000000
0.0000000000
0.0000000000
0.0000000000
0.0000000000
0.0000000000
0.0000000000
0.0000000000
0.0000000000
0.0000000000
0.0000000000
0.0000000000
0.0000000000
0.0000000000
0.0000000000
0.0000000000
0.0000000000
0.0000000000
0.0000000000
0.0000000000
0.0000000000
0.0000000000
0.0000000000
0.0000000000
0.0000000000