5000.0369808203
5000.0369808203
5000.0369808203
5000.0369808203
5000.0369808203
5000.0369808203
5000.0369808203
5000.0369808203
5000.0369808203
5000.0369808203
5000.0369808203
5000.0369808203
5000.0369808203
5000.0369808203
5000.0369808203
5000.0369808203
5000.0369808203
5000.0369808203
5000.0369808203
5000.0369808203
5000.0369808203
5000.0369808203
5000.0369808203
5000.0369808203
5000.0369808203
5000.0369808203
5000.0369808203
5000.0369808203
5000.0369808203
5000.0369808203
5000.0369808203
5000.0369808203
5000.0369808203
5000.0369808203
5000.0369808203
5000.0369808203
5000.0369808203
5000.0369808203
5000.0369808203
5000.0369808203
5000.0369808202
5000.0369808186
5000.0369807918
5000.0369803283
5000.0369723629
5000.0368340107
5000.0343557749
4999.9897979051
4999.2525794303
4989.1201691678
4876.4131975204
3186.2741154152
352.0427465482
7.0000000000
0.0000000000
0.0000000000
0.0000000000
0.0000000000
0.0000000000
0.0000000000
0.0000000000
0.0000000000
0.0000000000
0.0000000000
0.0000000000
0.0000000000
0.0000000000
0.0000000000
0.0000000000
0.0000000000
0.0000000000
0.0000000000
0.0000000000
0.0000000000
0.0000000000
0.0000000000
0.0000000000
0.0000000000
0.0000000000
0.0000000000
0.0000000000
0.0000000000
0.0000000000
0.0000000000
0.0000000000
0.0000000000
0.0000000000
0.0000000000
0.0000000000
0.0000000000
0.0000000000
0.0000000000
0.0000000000
0.0000000000
0.0000000000
0.0000000000
0.0000000000
0.0000000000
0.0000000000
0.0000000000