5000.0184100855
5000.0184100855
5000.0184100855
5000.0184100855
5000.0184100855
5000.0184100855
5000.0184100855
5000.0184100855
5000.0184100855
5000.0184100855
5000.0184100855
5000.0184100855
5000.0184100855
5000.0184100855
5000.0184100855
5000.0184100855
5000.0184100855
5000.0184100855
5000.0184100855
5000.0184100855
5000.0184100855
5000.0184100855
5000.0184100855
5000.0184100855
5000.0184100855
5000.0184100855
5000.0184100855
5000.0184100855
5000.0184100855
5000.0184100855
5000.0184100854
5000.0184100831
5000.0184100463
5000.0184094663
5000.0184008984
5000.0182775581
5000.0164299541
4999.9862311895
4999.4352178660
4988.7699455255
4796.3230587749
1867.0274990258
929.0000000000
73.0000000000
0.0000000000
0.0000000000
0.0000000000
0.0000000000
0.0000000000
0.0000000000
0.0000000000
0.0000000000
0.0000000000
0.0000000000
0.0000000000
0.0000000000
0.0000000000
0.0000000000
0.0000000000
0.0000000000
0.0000000000
0.0000000000
0.0000000000
0.0000000000
0.0000000000
0.0000000000
0.0000000000
0.0000000000
0.0000000000
0.0000000000
0.0000000000
0.0000000000
0.0000000000
0.0000000000
0.0000000000
0.0000000000
0.0000000000
0.0000000000
0.0000000000
0.0000000000
0.0000000000
0.0000000000
0.0000000000
0.0000000000
0.0000000000
0.0000000000
0.0000000000
0.0000000000
0.0000000000
0.0000000000
0.0000000000
0.0000000000
0.0000000000
0.0000000000
0.0000000000
0.0000000000
0.0000000000
0.0000000000
0.0000000000
0.0000000000