4999.9759966275
4999.9759966275
4999.9759966275
4999.9759966275
4999.9759966275
4999.9759966275
4999.9759966275
4999.9759966275
4999.9759966275
4999.9759966275
4999.9759966275
4999.9759966275
4999.9759966275
4999.9759966275
4999.9759966275
4999.9759966275
4999.9759966275
4999.9759966275
4999.9759966275
4999.9759966275
4999.9759966275
4999.9759966275
4999.9759966275
4999.9759966275
4999.9759966275
4999.9759966274
4999.9759966266
4999.9759966135
4999.9759964037
4999.9759934348
4999.9759577590
4999.9755672138
4999.9702323302
4999.8712707647
4998.0602630833
4968.7338203914
4644.1878749430
1841.0314590390
114.0000000000
0.0000000000
0.0000000000
0.0000000000
0.0000000000
0.0000000000
0.0000000000
0.0000000000
0.0000000000
0.0000000000
0.0000000000
0.0000000000
0.0000000000
0.0000000000
0.0000000000
0.0000000000
0.0000000000
0.0000000000
0.0000000000
0.0000000000
0.0000000000
0.0000000000
0.0000000000
0.0000000000
0.0000000000
0.0000000000
0.0000000000
0.0000000000
0.0000000000
0.0000000000
0.0000000000
0.0000000000
0.0000000000
0.0000000000
0.0000000000
0.0000000000
0.0000000000
0.0000000000
0.0000000000
0.0000000000
0.0000000000
0.0000000000
0.0000000000
0.0000000000
0.0000000000
0.0000000000
0.0000000000
0.0000000000
0.0000000000
0.0000000000
0.0000000000
0.0000000000
0.0000000000
0.0000000000
0.0000000000
0.0000000000
0.0000000000
0.0000000000
0.0000000000
0.0000000000
0.0000000000
0.0000000000