4999.8576852049
4999.8576852049
4999.8576852049
4999.8576852049
4999.8576852049
4999.8576852049
4999.8576852049
4999.8576852049
4999.8576852049
4999.8576852049
4999.8576852049
4999.8576852049
4999.8576852049
4999.8576852049
4999.8576852049
4999.8576852049
4999.8576852049
4999.8576852049
4999.8576852049
4999.8576852049
4999.8576852049
4999.8576852049
4999.8576852049
4999.8576852049
4999.8576852049
4999.8576852049
4999.8576852049
4999.8576852049
4999.8576852048
4999.8576852026
4999.8576851752
4999.8576847919
4999.8576784640
4999.8575711956
4999.8559056548
4999.8322928132
4999.4992055148
4994.5209690710
4921.7568033820
3416.6550460633
271.0171392040
5.0000000000
1.0000000000
0.0000000000
0.0000000000
0.0000000000
0.0000000000
0.0000000000
0.0000000000
0.0000000000
0.0000000000
0.0000000000
0.0000000000
0.0000000000
0.0000000000
0.0000000000
0.0000000000
0.0000000000
0.0000000000
0.0000000000
0.0000000000
0.0000000000
0.0000000000
0.0000000000
0.0000000000
0.0000000000
0.0000000000
0.0000000000
0.0000000000
0.0000000000
0.0000000000
0.0000000000
0.0000000000
0.0000000000
0.0000000000
0.0000000000
0.0000000000
0.0000000000
0.0000000000
0.0000000000
0.0000000000
0.0000000000
0.0000000000
0.0000000000
0.0000000000
0.0000000000
0.0000000000
0.0000000000
0.0000000000
0.0000000000
0.0000000000
0.0000000000
0.0000000000
0.0000000000
0.0000000000
0.0000000000
0.0000000000
0.0000000000
0.0000000000
0.0000000000