4999.8907791625
4999.8907791625
4999.8907791625
4999.8907791625
4999.8907791625
4999.8907791625
4999.8907791625
4999.8907791625
4999.8907791625
4999.8907791625
4999.8907791625
4999.8907791625
4999.8907791625
4999.8907791625
4999.8907791625
4999.8907791625
4999.8907791625
4999.8907791625
4999.8907791625
4999.8907791625
4999.8907791625
4999.8907791625
4999.8907791625
4999.8907791625
4999.8907791625
4999.8907791625
4999.8907791625
4999.8907791625
4999.8907791625
4999.8907791625
4999.8907791625
4999.8907791625
4999.8907791625
4999.8907791625
4999.8907791625
4999.8907791624
4999.8907791598
4999.8907791124
4999.8907783057
4999.8907663493
4999.8906275654
4999.8894992691
4999.8810956171
4999.7350825828
4997.2450029531
4958.5392775711
4392.7083551802
2613.2639544480
397.0694169565
6.0000000000
0.0000000000
0.0000000000
0.0000000000
0.0000000000
0.0000000000
0.0000000000
0.0000000000
0.0000000000
0.0000000000
0.0000000000
0.0000000000
0.0000000000
0.0000000000
0.0000000000
0.0000000000
0.0000000000
0.0000000000
0.0000000000
0.0000000000
0.0000000000
0.0000000000
0.0000000000
0.0000000000
0.0000000000
0.0000000000
0.0000000000
0.0000000000
0.0000000000
0.0000000000
0.0000000000
0.0000000000
0.0000000000
0.0000000000
0.0000000000
0.0000000000
0.0000000000
0.0000000000
0.0000000000
0.0000000000
0.0000000000
0.0000000000
0.0000000000
0.0000000000
0.0000000000
0.0000000000
0.0000000000
0.0000000000
0.0000000000
0.0000000000
0.0000000000