4999.9967458817
4999.9967458817
4999.9967458817
4999.9967458817
4999.9967458817
4999.9967458817
4999.9967458817
4999.9967458817
4999.9967458817
4999.9967458817
4999.9967458817
4999.9967458817
4999.9967458817
4999.9967458817
4999.9967458817
4999.9967458817
4999.9967458817
4999.9967458817
4999.9967458817
4999.9967458817
4999.9967458817
4999.9967458817
4999.9967458817
4999.9967458817
4999.9967458817
4999.9967458817
4999.9967458817
4999.9967458817
4999.9967458817
4999.9967458817
4999.9967458817
4999.9967458817
4999.9967458817
4999.9967458817
4999.9967458817
4999.9967458817
4999.9967458817
4999.9967458817
4999.9967458817
4999.9967458817
4999.9967458817
4999.9967458817
4999.9967458817
4999.9967458817
4999.9967458817
4999.9967458817
4999.9967458817
4999.9967458817
4999.9967458817
4999.9967458817
4999.9967458817
4999.9967458809
4999.9967458689
4999.9967456773
4999.9967428543
4999.9967039130
4999.9961722038
4999.9883598268
4999.8618331793
4997.6741472113
4958.9034672824
4324.0787567378
1125.0298419087
85.0000000000
0.0000000000
0.0000000000
0.0000000000
0.0000000000
0.0000000000
0.0000000000
0.0000000000
0.0000000000
0.0000000000
0.0000000000
0.0000000000
0.0000000000
0.0000000000
0.0000000000
0.0000000000
0.0000000000
0.0000000000
0.0000000000
0.0000000000
0.0000000000
0.0000000000
0.0000000000
0.0000000000
0.0000000000
0.0000000000
0.0000000000
0.0000000000
0.0000000000
0.0000000000
0.0000000000
0.0000000000
0.0000000000
0.0000000000
0.0000000000
0.0000000000
0.0000000000