5000.0107625524
5000.0107625524
5000.0107625524
5000.0107625524
5000.0107625524
5000.0107625524
5000.0107625524
5000.0107625524
5000.0107625524
5000.0107625524
5000.0107625524
5000.0107625524
5000.0107625524
5000.0107625524
5000.0107625524
5000.0107625524
5000.0107625524
5000.0107625524
5000.0107625522
5000.0107625490
5000.0107624951
5000.0107616268
5000.0107477282
5000.0105254727
5000.0069994597
4999.9530913955
4999.1915690883
4988.5833922685
4805.2940029001
2497.0422003462
89.3100264836
42.0000000000
0.0000000000
0.0000000000
0.0000000000
0.0000000000
0.0000000000
0.0000000000
0.0000000000
0.0000000000
0.0000000000
0.0000000000
0.0000000000
0.0000000000
0.0000000000
0.0000000000
0.0000000000
0.0000000000
0.0000000000
0.0000000000
0.0000000000
0.0000000000
0.0000000000
0.0000000000
0.0000000000
0.0000000000
0.0000000000
0.0000000000
0.0000000000
0.0000000000
0.0000000000
0.0000000000
0.0000000000
0.0000000000
0.0000000000
0.0000000000
0.0000000000
0.0000000000
0.0000000000
0.0000000000
0.0000000000
0.0000000000
0.0000000000
0.0000000000
0.0000000000
0.0000000000
0.0000000000
0.0000000000
0.0000000000
0.0000000000
0.0000000000
0.0000000000
0.0000000000
0.0000000000
0.0000000000
0.0000000000
0.0000000000
0.0000000000
0.0000000000
0.0000000000
0.0000000000
0.0000000000
0.0000000000
0.0000000000
0.0000000000
0.0000000000
0.0000000000
0.0000000000
0.0000000000
0.0000000000