4999.9299547791
4999.9299547791
4999.9299547791
4999.9299547791
4999.9299547791
4999.9299547791
4999.9299547791
4999.9299547791
4999.9299547791
4999.9299547791
4999.9299547791
4999.9299547791
4999.9299547791
4999.9299547791
4999.9299547791
4999.9299547791
4999.9299547791
4999.9299547791
4999.9299547791
4999.9299547791
4999.9299547788
4999.9299547738
4999.9299546943
4999.9299534472
4999.9299343943
4999.9296530495
4999.9254927913
4999.8587061386
4998.6791082388
4976.8984141356
4557.7574418828
3696.7451466292
339.1066482534
4.0000000000
0.0000000000
0.0000000000
0.0000000000
0.0000000000
0.0000000000
0.0000000000
0.0000000000
0.0000000000
0.0000000000
0.0000000000
0.0000000000
0.0000000000
0.0000000000
0.0000000000
0.0000000000
0.0000000000
0.0000000000
0.0000000000
0.0000000000
0.0000000000
0.0000000000
0.0000000000
0.0000000000
0.0000000000
0.0000000000
0.0000000000
0.0000000000
0.0000000000
0.0000000000
0.0000000000
0.0000000000
0.0000000000
0.0000000000
0.0000000000
0.0000000000
0.0000000000
0.0000000000
0.0000000000
0.0000000000
0.0000000000
0.0000000000
0.0000000000
0.0000000000
0.0000000000
0.0000000000
0.0000000000
0.0000000000
0.0000000000
0.0000000000
0.0000000000
0.0000000000
0.0000000000
0.0000000000
0.0000000000
0.0000000000
0.0000000000
0.0000000000
0.0000000000
0.0000000000
0.0000000000
0.0000000000
0.0000000000
0.0000000000
0.0000000000
0.0000000000
0.0000000000