5000.0063546528
5000.0063546528
5000.0063546528
5000.0063546528
5000.0063546528
5000.0063546528
5000.0063546528
5000.0063546528
5000.0063546528
5000.0063546528
5000.0063546528
5000.0063546528
5000.0063546528
5000.0063546528
5000.0063546528
5000.0063546528
5000.0063546528
5000.0063546528
5000.0063546528
5000.0063546528
5000.0063546528
5000.0063546528
5000.0063546527
5000.0063546515
5000.0063546336
5000.0063543562
5000.0063498372
5000.0062727677
5000.0049938547
4999.9867310801
4999.7966139275
4998.2741008948
4969.3736202238
4512.2543229733
1036.0220451783
68.0000000000
4.0000000000
0.0000000000
0.0000000000
0.0000000000
0.0000000000
0.0000000000
0.0000000000
0.0000000000
0.0000000000
0.0000000000
0.0000000000
0.0000000000
0.0000000000
0.0000000000
0.0000000000
0.0000000000
0.0000000000
0.0000000000
0.0000000000
0.0000000000
0.0000000000
0.0000000000
0.0000000000
0.0000000000
0.0000000000
0.0000000000
0.0000000000
0.0000000000
0.0000000000
0.0000000000
0.0000000000
0.0000000000
0.0000000000
0.0000000000
0.0000000000
0.0000000000
0.0000000000
0.0000000000
0.0000000000
0.0000000000
0.0000000000
0.0000000000
0.0000000000
0.0000000000
0.0000000000
0.0000000000
0.0000000000
0.0000000000
0.0000000000
0.0000000000
0.0000000000
0.0000000000
0.0000000000
0.0000000000
0.0000000000
0.0000000000
0.0000000000
0.0000000000
0.0000000000
0.0000000000
0.0000000000
0.0000000000
0.0000000000
0.0000000000