4999.8634632683
4999.8634632683
4999.8634632683
4999.8634632683
4999.8634632683
4999.8634632683
4999.8634632683
4999.8634632683
4999.8634632683
4999.8634632683
4999.8634632683
4999.8634632683
4999.8634632683
4999.8634632683
4999.8634632683
4999.8634632683
4999.8634632683
4999.8634632683
4999.8634632683
4999.8634632683
4999.8634632683
4999.8634632682
4999.8634632678
4999.8634632610
4999.8634631592
4999.8634616127
4999.8634368834
4999.8630139674
4999.8556960196
4999.7421900879
4998.4719818460
4990.5718486665
4830.2844134672
2855.3319586843
152.1491263647
2.0000000000
0.0000000000
0.0000000000
0.0000000000
0.0000000000
0.0000000000
0.0000000000
0.0000000000
0.0000000000
0.0000000000
0.0000000000
0.0000000000
0.0000000000
0.0000000000
0.0000000000
0.0000000000
0.0000000000
0.0000000000
0.0000000000
0.0000000000
0.0000000000
0.0000000000
0.0000000000
0.0000000000
0.0000000000
0.0000000000
0.0000000000
0.0000000000
0.0000000000
0.0000000000
0.0000000000
0.0000000000
0.0000000000
0.0000000000
0.0000000000
0.0000000000
0.0000000000
0.0000000000
0.0000000000
0.0000000000
0.0000000000
0.0000000000
0.0000000000
0.0000000000
0.0000000000
0.0000000000
0.0000000000
0.0000000000
0.0000000000
0.0000000000
0.0000000000
0.0000000000
0.0000000000
0.0000000000
0.0000000000
0.0000000000
0.0000000000
0.0000000000
0.0000000000
0.0000000000
0.0000000000
0.0000000000
0.0000000000
0.0000000000
0.0000000000