4999.9563970362
4999.9563970362
4999.9563970362
4999.9563970362
4999.9563970362
4999.9563970362
4999.9563970362
4999.9563970362
4999.9563970362
4999.9563970362
4999.9563970362
4999.9563970362
4999.9563970362
4999.9563970362
4999.9563970362
4999.9563970362
4999.9563970362
4999.9563970362
4999.9563970362
4999.9563970362
4999.9563970362
4999.9563970362
4999.9563970362
4999.9563970362
4999.9563970362
4999.9563970362
4999.9563970362
4999.9563970361
4999.9563970354
4999.9563970262
4999.9563968996
4999.9563948946
4999.9563629614
4999.9559070527
4999.9503001584
4999.8879583771
4999.1186503701
4988.2160211263
4828.6241141430
2032.0235043160
79.0000000000
0.0000000000
0.0000000000
0.0000000000
0.0000000000
0.0000000000
0.0000000000
0.0000000000
0.0000000000
0.0000000000
0.0000000000
0.0000000000
0.0000000000
0.0000000000
0.0000000000
0.0000000000
0.0000000000
0.0000000000
0.0000000000
0.0000000000
0.0000000000
0.0000000000
0.0000000000
0.0000000000
0.0000000000
0.0000000000
0.0000000000
0.0000000000
0.0000000000
0.0000000000
0.0000000000
0.0000000000
0.0000000000
0.0000000000
0.0000000000
0.0000000000
0.0000000000
0.0000000000
0.0000000000
0.0000000000
0.0000000000
0.0000000000
0.0000000000
0.0000000000
0.0000000000
0.0000000000
0.0000000000
0.0000000000
0.0000000000
0.0000000000
0.0000000000
0.0000000000
0.0000000000
0.0000000000
0.0000000000
0.0000000000
0.0000000000
0.0000000000
0.0000000000
0.0000000000