5000.0230331899
5000.0230331899
5000.0230331899
5000.0230331899
5000.0230331899
5000.0230331899
5000.0230331899
5000.0230331899
5000.0230331899
5000.0230331899
5000.0230331899
5000.0230331899
5000.0230331899
5000.0230331899
5000.0230331899
5000.0230331899
5000.0230331899
5000.0230331899
5000.0230331899
5000.0230331899
5000.0230331899
5000.0230331899
5000.0230331899
5000.0230331899
5000.0230331899
5000.0230331899
5000.0230331899
5000.0230331899
5000.0230331899
5000.0230331899
5000.0230331899
5000.0230331899
5000.0230331899
5000.0230331899
5000.0230331899
5000.0230331899
5000.0230331899
5000.0230331899
5000.0230331894
5000.0230331785
5000.0230329664
5000.0230289972
5000.0229616425
5000.0219826940
5000.0100289047
4999.8715643974
4997.8908579469
4962.8689200997
4200.3743672673
797.0966169254
16.0000000000
0.0000000000
0.0000000000
0.0000000000
0.0000000000
0.0000000000
0.0000000000
0.0000000000
0.0000000000
0.0000000000
0.0000000000
0.0000000000
0.0000000000
0.0000000000
0.0000000000
0.0000000000
0.0000000000
0.0000000000
0.0000000000
0.0000000000
0.0000000000
0.0000000000
0.0000000000
0.0000000000
0.0000000000
0.0000000000
0.0000000000
0.0000000000
0.0000000000
0.0000000000
0.0000000000
0.0000000000
0.0000000000
0.0000000000
0.0000000000
0.0000000000
0.0000000000
0.0000000000
0.0000000000
0.0000000000
0.0000000000
0.0000000000
0.0000000000
0.0000000000
0.0000000000
0.0000000000
0.0000000000
0.0000000000
0.0000000000
0.0000000000