4999.9691971705
4999.9691971705
4999.9691971705
4999.9691971705
4999.9691971705
4999.9691971705
4999.9691971705
4999.9691971705
4999.9691971705
4999.9691971705
4999.9691971705
4999.9691971705
4999.9691971705
4999.9691971705
4999.9691971705
4999.9691971705
4999.9691971705
4999.9691971705
4999.9691971705
4999.9691971705
4999.9691971705
4999.9691971705
4999.9691971705
4999.9691971705
4999.9691971705
4999.9691971705
4999.9691971705
4999.9691971705
4999.9691971705
4999.9691971705
4999.9691971705
4999.9691971705
4999.9691971705
4999.9691971705
4999.9691971705
4999.9691971701
4999.9691971638
4999.9691970447
4999.9691948051
4999.9691528779
4999.9683549694
4999.9524100469
4999.6182088439
4992.8612949496
4878.2358272572
3947.0137817320
927.0627293986
38.0000000000
0.0000000000
0.0000000000
0.0000000000
0.0000000000
0.0000000000
0.0000000000
0.0000000000
0.0000000000
0.0000000000
0.0000000000
0.0000000000
0.0000000000
0.0000000000
0.0000000000
0.0000000000
0.0000000000
0.0000000000
0.0000000000
0.0000000000
0.0000000000
0.0000000000
0.0000000000
0.0000000000
0.0000000000
0.0000000000
0.0000000000
0.0000000000
0.0000000000
0.0000000000
0.0000000000
0.0000000000
0.0000000000
0.0000000000
0.0000000000
0.0000000000
0.0000000000
0.0000000000
0.0000000000
0.0000000000
0.0000000000
0.0000000000
0.0000000000
0.0000000000
0.0000000000
0.0000000000
0.0000000000
0.0000000000
0.0000000000
0.0000000000
0.0000000000
0.0000000000
0.0000000000