4999.9820562729
4999.9820562729
4999.9820562729
4999.9820562729
4999.9820562729
4999.9820562729
4999.9820562729
4999.9820562729
4999.9820562729
4999.9820562729
4999.9820562729
4999.9820562729
4999.9820562729
4999.9820562729
4999.9820562729
4999.9820562729
4999.9820562729
4999.9820562729
4999.9820562729
4999.9820562729
4999.9820562729
4999.9820562729
4999.9820562729
4999.9820562729
4999.9820562729
4999.9820562729
4999.9820562729
4999.9820562729
4999.9820562729
4999.9820562729
4999.9820562729
4999.9820562729
4999.9820562729
4999.9820562729
4999.9820562729
4999.9820562729
4999.9820562729
4999.9820562729
4999.9820562728
4999.9820562707
4999.9820562311
4999.9820555160
4999.9820439409
4999.9818825119
4999.9799206128
4999.9558264418
4999.5859473399
4992.6494806702
4854.5060279810
3035.6555953421
171.3245342382
1.0000000000
0.0000000000
0.0000000000
0.0000000000
0.0000000000
0.0000000000
0.0000000000
0.0000000000
0.0000000000
0.0000000000
0.0000000000
0.0000000000
0.0000000000
0.0000000000
0.0000000000
0.0000000000
0.0000000000
0.0000000000
0.0000000000
0.0000000000
0.0000000000
0.0000000000
0.0000000000
0.0000000000
0.0000000000
0.0000000000
0.0000000000
0.0000000000
0.0000000000
0.0000000000
0.0000000000
0.0000000000
0.0000000000
0.0000000000
0.0000000000
0.0000000000
0.0000000000
0.0000000000
0.0000000000
0.0000000000
0.0000000000
0.0000000000
0.0000000000
0.0000000000
0.0000000000
0.0000000000
0.0000000000
0.0000000000
0.0000000000