4999.9705418896
4999.9705418896
4999.9705418896
4999.9705418896
4999.9705418896
4999.9705418896
4999.9705418896
4999.9705418896
4999.9705418896
4999.9705418896
4999.9705418896
4999.9705418896
4999.9705418896
4999.9705418896
4999.9705418896
4999.9705418896
4999.9705418896
4999.9705418896
4999.9705418896
4999.9705418896
4999.9705418896
4999.9705418896
4999.9705418896
4999.9705418896
4999.9705418896
4999.9705418896
4999.9705418896
4999.9705418896
4999.9705418896
4999.9705418896
4999.9705418896
4999.9705418896
4999.9705418896
4999.9705418896
4999.9705418896
4999.9705418896
4999.9705418896
4999.9705418896
4999.9705418896
4999.9705418896
4999.9705418896
4999.9705418896
4999.9705418896
4999.9705418896
4999.9705418896
4999.9705418896
4999.9705418896
4999.9705418893
4999.9705418848
4999.9705418198
4999.9705408188
4999.9705235710
4999.9702044078
4999.9643441834
4999.8619671755
4998.2199249861
4975.5492309273
4724.8645919845
2308.3206248418
138.9019347669
0.0000000000
0.0000000000
0.0000000000
0.0000000000
0.0000000000
0.0000000000
0.0000000000
0.0000000000
0.0000000000
0.0000000000
0.0000000000
0.0000000000
0.0000000000
0.0000000000
0.0000000000
0.0000000000
0.0000000000
0.0000000000
0.0000000000
0.0000000000
0.0000000000
0.0000000000
0.0000000000
0.0000000000
0.0000000000
0.0000000000
0.0000000000
0.0000000000
0.0000000000
0.0000000000
0.0000000000
0.0000000000
0.0000000000
0.0000000000
0.0000000000
0.0000000000
0.0000000000
0.0000000000
0.0000000000
0.0000000000