5000.1045417184
5000.1045417184
5000.1045417184
5000.1045417184
5000.1045417184
5000.1045417184
5000.1045417184
5000.1045417184
5000.1045417184
5000.1045417184
5000.1045417184
5000.1045417184
5000.1045417184
5000.1045417184
5000.1045417184
5000.1045417184
5000.1045417184
5000.1045417184
5000.1045417184
5000.1045417184
5000.1045417184
5000.1045417184
5000.1045417184
5000.1045417184
5000.1045417184
5000.1045417184
5000.1045417184
5000.1045417184
5000.1045417184
5000.1045417184
5000.1045417184
5000.1045417184
5000.1045417184
5000.1045417184
5000.1045417184
5000.1045417184
5000.1045417184
5000.1045417184
5000.1045417184
5000.1045417184
5000.1045417184
5000.1045417184
5000.1045417184
5000.1045417184
5000.1045417184
5000.1045417184
5000.1045417184
5000.1045417184
5000.1045417184
5000.1045417183
5000.1045417171
5000.1045416961
5000.1045413244
5000.1045351047
5000.1044390561
5000.1030882036
5000.0852562348
4999.8393317857
4996.0308384293
4934.2163881009
3815.3236359077
552.0572987471
16.0000000000
0.0000000000
0.0000000000
0.0000000000
0.0000000000
0.0000000000
0.0000000000
0.0000000000
0.0000000000
0.0000000000
0.0000000000
0.0000000000
0.0000000000
0.0000000000
0.0000000000
0.0000000000
0.0000000000
0.0000000000
0.0000000000
0.0000000000
0.0000000000
0.0000000000
0.0000000000
0.0000000000
0.0000000000
0.0000000000
0.0000000000
0.0000000000
0.0000000000
0.0000000000
0.0000000000
0.0000000000
0.0000000000
0.0000000000
0.0000000000
0.0000000000
0.0000000000
0.0000000000