4999.9932245738
4999.9932245738
4999.9932245738
4999.9932245738
4999.9932245738
4999.9932245738
4999.9932245738
4999.9932245738
4999.9932245738
4999.9932245738
4999.9932245738
4999.9932245738
4999.9932245738
4999.9932245738
4999.9932245738
4999.9932245738
4999.9932245738
4999.9932245738
4999.9932245738
4999.9932245738
4999.9932245738
4999.9932245738
4999.9932245738
4999.9932245738
4999.9932245738
4999.9932245738
4999.9932245738
4999.9932245738
4999.9932245738
4999.9932245738
4999.9932245738
4999.9932245738
4999.9932245738
4999.9932245738
4999.9932245738
4999.9932245738
4999.9932245738
4999.9932245738
4999.9932245738
4999.9932245738
4999.9932245738
4999.9932245738
4999.9932245738
4999.9932245738
4999.9932245738
4999.9932245727
4999.9932245540
4999.9932242374
4999.9932192205
4999.9931462943
4999.9921598911
4999.9780611890
4999.7297578200
4994.8948260720
4906.9647377345
3397.7058752450
364.2431798445
16.0000000000
0.0000000000
0.0000000000
0.0000000000
0.0000000000
0.0000000000
0.0000000000
0.0000000000
0.0000000000
0.0000000000
0.0000000000
0.0000000000
0.0000000000
0.0000000000
0.0000000000
0.0000000000
0.0000000000
0.0000000000
0.0000000000
0.0000000000
0.0000000000
0.0000000000
0.0000000000
0.0000000000
0.0000000000
0.0000000000
0.0000000000
0.0000000000
0.0000000000
0.0000000000
0.0000000000
0.0000000000
0.0000000000
0.0000000000
0.0000000000
0.0000000000
0.0000000000
0.0000000000
0.0000000000
0.0000000000
0.0000000000
0.0000000000
0.0000000000