4999.9741650722
4999.9741650722
4999.9741650722
4999.9741650722
4999.9741650722
4999.9741650722
4999.9741650722
4999.9741650722
4999.9741650722
4999.9741650722
4999.9741650722
4999.9741650722
4999.9741650722
4999.9741650722
4999.9741650722
4999.9741650722
4999.9741650722
4999.9741650722
4999.9741650722
4999.9741650722
4999.9741650722
4999.9741650722
4999.9741650722
4999.9741650722
4999.9741650722
4999.9741650722
4999.9741650722
4999.9741650722
4999.9741650722
4999.9741650722
4999.9741650722
4999.9741650722
4999.9741650722
4999.9741650722
4999.9741650722
4999.9741650722
4999.9741650722
4999.9741650722
4999.9741650722
4999.9741650722
4999.9741650722
4999.9741650722
4999.9741650722
4999.9741650722
4999.9741650722
4999.9741650722
4999.9741650722
4999.9741650722
4999.9741650722
4999.9741650722
4999.9741650720
4999.9741650682
4999.9741650012
4999.9741639091
4999.9741474716
4999.9739193527
4999.9708634232
4999.9273232745
4999.2384406783
4987.5152345609
4775.3710305380
2368.4588653277
178.1273245436
7.0000000000
0.0000000000
0.0000000000
0.0000000000
0.0000000000
0.0000000000
0.0000000000
0.0000000000
0.0000000000
0.0000000000
0.0000000000
0.0000000000
0.0000000000
0.0000000000
0.0000000000
0.0000000000
0.0000000000
0.0000000000
0.0000000000
0.0000000000
0.0000000000
0.0000000000
0.0000000000
0.0000000000
0.0000000000
0.0000000000
0.0000000000
0.0000000000
0.0000000000
0.0000000000
0.0000000000
0.0000000000
0.0000000000
0.0000000000
0.0000000000
0.0000000000
0.0000000000