4999.8527574190
4999.8527574190
4999.8527574190
4999.8527574190
4999.8527574190
4999.8527574190
4999.8527574190
4999.8527574190
4999.8527574190
4999.8527574190
4999.8527574190
4999.8527574190
4999.8527574190
4999.8527574190
4999.8527574190
4999.8527574190
4999.8527574190
4999.8527574190
4999.8527574190
4999.8527574190
4999.8527574190
4999.8527574190
4999.8527574190
4999.8527574190
4999.8527574190
4999.8527574190
4999.8527574190
4999.8527574190
4999.8527574190
4999.8527574190
4999.8527574190
4999.8527574190
4999.8527574190
4999.8527574190
4999.8527574190
4999.8527574190
4999.8527574190
4999.8527574190
4999.8527574190
4999.8527574190
4999.8527574190
4999.8527574190
4999.8527574190
4999.8527574190
4999.8527574190
4999.8527574190
4999.8527574190
4999.8527574189
4999.8527574181
4999.8527574065
4999.8527572209
4999.8527539568
4999.8526938867
4999.8516122006
4999.8332775837
4999.5515015637
4995.7984043763
4950.9004182853
4292.2047521618
1067.0399901544
21.0000000000
0.0000000000
0.0000000000
0.0000000000
0.0000000000
0.0000000000
0.0000000000
0.0000000000
0.0000000000
0.0000000000
0.0000000000
0.0000000000
0.0000000000
0.0000000000
0.0000000000
0.0000000000
0.0000000000
0.0000000000
0.0000000000
0.0000000000
0.0000000000
0.0000000000
0.0000000000
0.0000000000
0.0000000000
0.0000000000
0.0000000000
0.0000000000
0.0000000000
0.0000000000
0.0000000000
0.0000000000
0.0000000000
0.0000000000
0.0000000000
0.0000000000
0.0000000000
0.0000000000
0.0000000000
0.0000000000