0 0.000001
1 0.000001
2 0.000498
3 0.147641
4 31.132424
5 4083.245050
6 4160.215448
7 4160.701809
8 4160.703725
9 4160.703730
10 4160.703730
11 4160.703730
12 4160.703730
13 4160.703730
14 4160.703730
15 4160.703730
16 4160.703730
17 4160.703730
18 4160.703730
19 4160.703730
20 4160.703730
21 4160.703730
22 4160.703730
23 4160.703730
24 4160.703730
25 4160.703730
26 4160.703730
27 4160.703730
28 4160.703730
29 4160.703730
30 4160.703730
31 4160.703730
32 4160.703730
33 4160.703730
34 4160.703730
35 4160.703730
36 4160.703730
37 4160.703730
38 4160.703730
39 4160.703730
40 4160.703730
41 4160.703730
42 4160.703730
43 4160.703730
44 4160.703730
45 4160.703730
46 4160.703730
47 4160.703730
48 4160.703730
49 4160.703730
50 4160.703730
51 4160.703730
52 4160.703730
53 4160.703730
54 4160.703730
55 4160.703730
56 4160.703730
57 4160.703730
58 4160.703730
59 4160.703730
60 4160.703730
61 4160.703730
62 4160.703730
63 4160.703730
64 4160.703730
65 4160.703730
66 4160.703730
67 4160.703730
68 4160.703730
69 4160.703730
70 4160.703730
71 4160.703730
72 4160.703730
73 4160.703730
74 4160.703730
75 4160.703730
76 4160.703730
77 4160.703730
78 4160.703730
79 4160.703730
80 4160.703730
81 4160.703730
82 4160.703730
83 4160.703730
84 4160.703730
85 4160.703730
86 4160.703730
87 4160.703730
88 4160.703730
89 4160.703730
90 4160.703730
91 4160.703730
92 4160.703730
93 4160.703730
94 4160.703730
95 4160.703730
96 4160.703730
97 4160.703730
98 4160.703730
99 4160.703730
