0 0.000002
1 0.000002
2 0.000567
3 0.160056
4 32.222466
5 4076.847799
6 4159.931218
7 4160.480307
8 4160.482564
9 4160.482570
10 4160.482570
11 4160.482570
12 4160.482570
13 4160.482570
14 4160.482570
15 4160.482570
16 4160.482570
17 4160.482570
18 4160.482570
19 4160.482570
20 4160.482570
21 4160.482570
22 4160.482570
23 4160.482570
24 4160.482570
25 4160.482570
26 4160.482570
27 4160.482570
28 4160.482570
29 4160.482570
30 4160.482570
31 4160.482570
32 4160.482570
33 4160.482570
34 4160.482570
35 4160.482570
36 4160.482570
37 4160.482570
38 4160.482570
39 4160.482570
40 4160.482570
41 4160.482570
42 4160.482570
43 4160.482570
44 4160.482570
45 4160.482570
46 4160.482570
47 4160.482570
48 4160.482570
49 4160.482570
50 4160.482570
51 4160.482570
52 4160.482570
53 4160.482570
54 4160.482570
55 4160.482570
56 4160.482570
57 4160.482570
58 4160.482570
59 4160.482570
60 4160.482570
61 4160.482570
62 4160.482570
63 4160.482570
64 4160.482570
65 4160.482570
66 4160.482570
67 4160.482570
68 4160.482570
69 4160.482570
70 4160.482570
71 4160.482570
72 4160.482570
73 4160.482570
74 4160.482570
75 4160.482570
76 4160.482570
77 4160.482570
78 4160.482570
79 4160.482570
80 4160.482570
81 4160.482570
82 4160.482570
83 4160.482570
84 4160.482570
85 4160.482570
86 4160.482570
87 4160.482570
88 4160.482570
89 4160.482570
90 4160.482570
91 4160.482570
92 4160.482570
93 4160.482570
94 4160.482570
95 4160.482570
96 4160.482570
97 4160.482570
98 4160.482570
99 4160.482570
