0 0.000001
1 0.000001
2 0.000266
3 0.099783
4 26.234177
5 4107.245668
6 4162.080092
7 4162.363799
8 4162.364744
9 4162.364746
10 4162.364746
11 4162.364746
12 4162.364746
13 4162.364746
14 4162.364746
15 4162.364746
16 4162.364746
17 4162.364746
18 4162.364746
19 4162.364746
20 4162.364746
21 4162.364746
22 4162.364746
23 4162.364746
24 4162.364746
25 4162.364746
26 4162.364746
27 4162.364746
28 4162.364746
29 4162.364746
30 4162.364746
31 4162.364746
32 4162.364746
33 4162.364746
34 4162.364746
35 4162.364746
36 4162.364746
37 4162.364746
38 4162.364746
39 4162.364746
40 4162.364746
41 4162.364746
42 4162.364746
43 4162.364746
44 4162.364746
45 4162.364746
46 4162.364746
47 4162.364746
48 4162.364746
49 4162.364746
50 4162.364746
51 4162.364746
52 4162.364746
53 4162.364746
54 4162.364746
55 4162.364746
56 4162.364746
57 4162.364746
58 4162.364746
59 4162.364746
60 4162.364746
61 4162.364746
62 4162.364746
63 4162.364746
64 4162.364746
65 4162.364746
66 4162.364746
67 4162.364746
68 4162.364746
69 4162.364746
70 4162.364746
71 4162.364746
72 4162.364746
73 4162.364746
74 4162.364746
75 4162.364746
76 4162.364746
77 4162.364746
78 4162.364746
79 4162.364746
80 4162.364746
81 4162.364746
82 4162.364746
83 4162.364746
84 4162.364746
85 4162.364746
86 4162.364746
87 4162.364746
88 4162.364746
89 4162.364746
90 4162.364746
91 4162.364746
92 4162.364746
93 4162.364746
94 4162.364746
95 4162.364746
96 4162.364746
97 4162.364746
98 4162.364746
99 4162.364746
