0 0.000000
1 0.000000
2 0.000220
3 0.088484
4 24.863456
5 4113.019501
6 4162.848963
7 4163.092674
8 4163.093455
9 4163.093457
10 4163.093457
11 4163.093457
12 4163.093457
13 4163.093457
14 4163.093457
15 4163.093457
16 4163.093457
17 4163.093457
18 4163.093457
19 4163.093457
20 4163.093457
21 4163.093457
22 4163.093457
23 4163.093457
24 4163.093457
25 4163.093457
26 4163.093457
27 4163.093457
28 4163.093457
29 4163.093457
30 4163.093457
31 4163.093457
32 4163.093457
33 4163.093457
34 4163.093457
35 4163.093457
36 4163.093457
37 4163.093457
38 4163.093457
39 4163.093457
40 4163.093457
41 4163.093457
42 4163.093457
43 4163.093457
44 4163.093457
45 4163.093457
46 4163.093457
47 4163.093457
48 4163.093457
49 4163.093457
50 4163.093457
51 4163.093457
52 4163.093457
53 4163.093457
54 4163.093457
55 4163.093457
56 4163.093457
57 4163.093457
58 4163.093457
59 4163.093457
60 4163.093457
61 4163.093457
62 4163.093457
63 4163.093457
64 4163.093457
65 4163.093457
66 4163.093457
67 4163.093457
68 4163.093457
69 4163.093457
70 4163.093457
71 4163.093457
72 4163.093457
73 4163.093457
74 4163.093457
75 4163.093457
76 4163.093457
77 4163.093457
78 4163.093457
79 4163.093457
80 4163.093457
81 4163.093457
82 4163.093457
83 4163.093457
84 4163.093457
85 4163.093457
86 4163.093457
87 4163.093457
88 4163.093457
89 4163.093457
90 4163.093457
91 4163.093457
92 4163.093457
93 4163.093457
94 4163.093457
95 4163.093457
96 4163.093457
97 4163.093457
98 4163.093457
99 4163.093457
