0 0.000003
1 0.000003
2 0.000888
3 0.210444
4 36.106147
5 4048.932268
6 4159.114078
7 4159.971876
8 4159.976028
9 4159.976043
10 4159.976043
11 4159.976043
12 4159.976043
13 4159.976043
14 4159.976043
15 4159.976043
16 4159.976043
17 4159.976043
18 4159.976043
19 4159.976043
20 4159.976043
21 4159.976043
22 4159.976043
23 4159.976043
24 4159.976043
25 4159.976043
26 4159.976043
27 4159.976043
28 4159.976043
29 4159.976043
30 4159.976043
31 4159.976043
32 4159.976043
33 4159.976043
34 4159.976043
35 4159.976043
36 4159.976043
37 4159.976043
38 4159.976043
39 4159.976043
40 4159.976043
41 4159.976043
42 4159.976043
43 4159.976043
44 4159.976043
45 4159.976043
46 4159.976043
47 4159.976043
48 4159.976043
49 4159.976043
50 4159.976043
51 4159.976043
52 4159.976043
53 4159.976043
54 4159.976043
55 4159.976043
56 4159.976043
57 4159.976043
58 4159.976043
59 4159.976043
60 4159.976043
61 4159.976043
62 4159.976043
63 4159.976043
64 4159.976043
65 4159.976043
66 4159.976043
67 4159.976043
68 4159.976043
69 4159.976043
70 4159.976043
71 4159.976043
72 4159.976043
73 4159.976043
74 4159.976043
75 4159.976043
76 4159.976043
77 4159.976043
78 4159.976043
79 4159.976043
80 4159.976043
81 4159.976043
82 4159.976043
83 4159.976043
84 4159.976043
85 4159.976043
86 4159.976043
87 4159.976043
88 4159.976043
89 4159.976043
90 4159.976043
91 4159.976043
92 4159.976043
93 4159.976043
94 4159.976043
95 4159.976043
96 4159.976043
97 4159.976043
98 4159.976043
99 4159.976043
