0 0.000000
1 0.000000
2 0.000001
3 0.002888
4 4.868613
5 4207.261117
6 4213.136037
7 4213.144962
8 4213.145002
9 4213.145002
10 4213.145002
11 4213.145002
12 4213.145002
13 4213.145002
14 4213.145002
15 4213.145002
16 4213.145002
17 4213.145002
18 4213.145002
19 4213.145002
20 4213.145002
21 4213.145002
22 4213.145002
23 4213.145002
24 4213.145002
25 4213.145002
26 4213.145002
27 4213.145002
28 4213.145002
29 4213.145002
30 4213.145002
31 4213.145002
32 4213.145002
33 4213.145002
34 4213.145002
35 4213.145002
36 4213.145002
37 4213.145002
38 4213.145002
39 4213.145002
40 4213.145002
41 4213.145002
42 4213.145002
43 4213.145002
44 4213.145002
45 4213.145002
46 4213.145002
47 4213.145002
48 4213.145002
49 4213.145002
50 4213.145002
51 4213.145002
52 4213.145002
53 4213.145002
54 4213.145002
55 4213.145002
56 4213.145002
57 4213.145002
58 4213.145002
59 4213.145002
60 4213.145002
61 4213.145002
62 4213.145002
63 4213.145002
64 4213.145002
65 4213.145002
66 4213.145002
67 4213.145002
68 4213.145002
69 4213.145002
70 4213.145002
71 4213.145002
72 4213.145002
73 4213.145002
74 4213.145002
75 4213.145002
76 4213.145002
77 4213.145002
78 4213.145002
79 4213.145002
80 4213.145002
81 4213.145002
82 4213.145002
83 4213.145002
84 4213.145002
85 4213.145002
86 4213.145002
87 4213.145002
88 4213.145002
89 4213.145002
90 4213.145002
91 4213.145002
92 4213.145002
93 4213.145002
94 4213.145002
95 4213.145002
96 4213.145002
97 4213.145002
98 4213.145002
99 4213.145002
