0 0.000004
1 0.000004
2 0.001169
3 0.248210
4 38.568129
5 4025.016606
6 4158.646077
7 4159.806394
8 4159.812680
9 4159.812705
10 4159.812705
11 4159.812705
12 4159.812705
13 4159.812705
14 4159.812705
15 4159.812705
16 4159.812705
17 4159.812705
18 4159.812705
19 4159.812705
20 4159.812705
21 4159.812705
22 4159.812705
23 4159.812705
24 4159.812705
25 4159.812705
26 4159.812705
27 4159.812705
28 4159.812705
29 4159.812705
30 4159.812705
31 4159.812705
32 4159.812705
33 4159.812705
34 4159.812705
35 4159.812705
36 4159.812705
37 4159.812705
38 4159.812705
39 4159.812705
40 4159.812705
41 4159.812705
42 4159.812705
43 4159.812705
44 4159.812705
45 4159.812705
46 4159.812705
47 4159.812705
48 4159.812705
49 4159.812705
50 4159.812705
51 4159.812705
52 4159.812705
53 4159.812705
54 4159.812705
55 4159.812705
56 4159.812705
57 4159.812705
58 4159.812705
59 4159.812705
60 4159.812705
61 4159.812705
62 4159.812705
63 4159.812705
64 4159.812705
65 4159.812705
66 4159.812705
67 4159.812705
68 4159.812705
69 4159.812705
70 4159.812705
71 4159.812705
72 4159.812705
73 4159.812705
74 4159.812705
75 4159.812705
76 4159.812705
77 4159.812705
78 4159.812705
79 4159.812705
80 4159.812705
81 4159.812705
82 4159.812705
83 4159.812705
84 4159.812705
85 4159.812705
86 4159.812705
87 4159.812705
88 4159.812705
89 4159.812705
90 4159.812705
91 4159.812705
92 4159.812705
93 4159.812705
94 4159.812705
95 4159.812705
96 4159.812705
97 4159.812705
98 4159.812705
99 4159.812705
