0 0.000000
1 0.000000
2 0.000004
3 0.006300
4 7.130375
5 4191.137685
6 4200.263502
7 4200.281043
8 4200.281111
9 4200.281111
10 4200.281111
11 4200.281111
12 4200.281111
13 4200.281111
14 4200.281111
15 4200.281111
16 4200.281111
17 4200.281111
18 4200.281111
19 4200.281111
20 4200.281111
21 4200.281111
22 4200.281111
23 4200.281111
24 4200.281111
25 4200.281111
26 4200.281111
27 4200.281111
28 4200.281111
29 4200.281111
30 4200.281111
31 4200.281111
32 4200.281111
33 4200.281111
34 4200.281111
35 4200.281111
36 4200.281111
37 4200.281111
38 4200.281111
39 4200.281111
40 4200.281111
41 4200.281111
42 4200.281111
43 4200.281111
44 4200.281111
45 4200.281111
46 4200.281111
47 4200.281111
48 4200.281111
49 4200.281111
50 4200.281111
51 4200.281111
52 4200.281111
53 4200.281111
54 4200.281111
55 4200.281111
56 4200.281111
57 4200.281111
58 4200.281111
59 4200.281111
60 4200.281111
61 4200.281111
62 4200.281111
63 4200.281111
64 4200.281111
65 4200.281111
66 4200.281111
67 4200.281111
68 4200.281111
69 4200.281111
70 4200.281111
71 4200.281111
72 4200.281111
73 4200.281111
74 4200.281111
75 4200.281111
76 4200.281111
77 4200.281111
78 4200.281111
79 4200.281111
80 4200.281111
81 4200.281111
82 4200.281111
83 4200.281111
84 4200.281111
85 4200.281111
86 4200.281111
87 4200.281111
88 4200.281111
89 4200.281111
90 4200.281111
91 4200.281111
92 4200.281111
93 4200.281111
94 4200.281111
95 4200.281111
96 4200.281111
97 4200.281111
98 4200.281111
99 4200.281111
