0 0.000026
1 0.000026
2 0.003927
3 0.490392
4 48.277078
5 3699.539069
6 4152.465750
7 4159.582763
8 4159.654434
9 4159.654977
10 4159.654980
11 4159.654980
12 4159.654980
13 4159.654980
14 4159.654980
15 4159.654980
16 4159.654980
17 4159.654980
18 4159.654980
19 4159.654980
20 4159.654980
21 4159.654980
22 4159.654980
23 4159.654980
24 4159.654980
25 4159.654980
26 4159.654980
27 4159.654980
28 4159.654980
29 4159.654980
30 4159.654980
31 4159.654980
32 4159.654980
33 4159.654980
34 4159.654980
35 4159.654980
36 4159.654980
37 4159.654980
38 4159.654980
39 4159.654980
40 4159.654980
41 4159.654980
42 4159.654980
43 4159.654980
44 4159.654980
45 4159.654980
46 4159.654980
47 4159.654980
48 4159.654980
49 4159.654980
50 4159.654980
51 4159.654980
52 4159.654980
53 4159.654980
54 4159.654980
55 4159.654980
56 4159.654980
57 4159.654980
58 4159.654980
59 4159.654980
60 4159.654980
61 4159.654980
62 4159.654980
63 4159.654980
64 4159.654980
65 4159.654980
66 4159.654980
67 4159.654980
68 4159.654980
69 4159.654980
70 4159.654980
71 4159.654980
72 4159.654980
73 4159.654980
74 4159.654980
75 4159.654980
76 4159.654980
77 4159.654980
78 4159.654980
79 4159.654980
80 4159.654980
81 4159.654980
82 4159.654980
83 4159.654980
84 4159.654980
85 4159.654980
86 4159.654980
87 4159.654980
88 4159.654980
89 4159.654980
90 4159.654980
91 4159.654980
92 4159.654980
93 4159.654980
94 4159.654980
95 4159.654980
96 4159.654980
97 4159.654980
98 4159.654980
99 4159.654980
