0 0.000000
1 0.000000
2 0.000009
3 0.010867
4 9.288802
5 4178.296402
6 4190.820665
7 4190.849099
8 4190.849198
9 4190.849199
10 4190.849199
11 4190.849199
12 4190.849199
13 4190.849199
14 4190.849199
15 4190.849199
16 4190.849199
17 4190.849199
18 4190.849199
19 4190.849199
20 4190.849199
21 4190.849199
22 4190.849199
23 4190.849199
24 4190.849199
25 4190.849199
26 4190.849199
27 4190.849199
28 4190.849199
29 4190.849199
30 4190.849199
31 4190.849199
32 4190.849199
33 4190.849199
34 4190.849199
35 4190.849199
36 4190.849199
37 4190.849199
38 4190.849199
39 4190.849199
40 4190.849199
41 4190.849199
42 4190.849199
43 4190.849199
44 4190.849199
45 4190.849199
46 4190.849199
47 4190.849199
48 4190.849199
49 4190.849199
50 4190.849199
51 4190.849199
52 4190.849199
53 4190.849199
54 4190.849199
55 4190.849199
56 4190.849199
57 4190.849199
58 4190.849199
59 4190.849199
60 4190.849199
61 4190.849199
62 4190.849199
63 4190.849199
64 4190.849199
65 4190.849199
66 4190.849199
67 4190.849199
68 4190.849199
69 4190.849199
70 4190.849199
71 4190.849199
72 4190.849199
73 4190.849199
74 4190.849199
75 4190.849199
76 4190.849199
77 4190.849199
78 4190.849199
79 4190.849199
80 4190.849199
81 4190.849199
82 4190.849199
83 4190.849199
84 4190.849199
85 4190.849199
86 4190.849199
87 4190.849199
88 4190.849199
89 4190.849199
90 4190.849199
91 4190.849199
92 4190.849199
93 4190.849199
94 4190.849199
95 4190.849199
96 4190.849199
97 4190.849199
98 4190.849199
99 4190.849199
