0 0.000023
1 0.000023
2 0.003675
3 0.473999
4 47.936292
5 3741.754630
6 4153.375335
7 4159.594873
8 4159.654960
9 4159.655397
10 4159.655400
11 4159.655400
12 4159.655400
13 4159.655400
14 4159.655400
15 4159.655400
16 4159.655400
17 4159.655400
18 4159.655400
19 4159.655400
20 4159.655400
21 4159.655400
22 4159.655400
23 4159.655400
24 4159.655400
25 4159.655400
26 4159.655400
27 4159.655400
28 4159.655400
29 4159.655400
30 4159.655400
31 4159.655400
32 4159.655400
33 4159.655400
34 4159.655400
35 4159.655400
36 4159.655400
37 4159.655400
38 4159.655400
39 4159.655400
40 4159.655400
41 4159.655400
42 4159.655400
43 4159.655400
44 4159.655400
45 4159.655400
46 4159.655400
47 4159.655400
48 4159.655400
49 4159.655400
50 4159.655400
51 4159.655400
52 4159.655400
53 4159.655400
54 4159.655400
55 4159.655400
56 4159.655400
57 4159.655400
58 4159.655400
59 4159.655400
60 4159.655400
61 4159.655400
62 4159.655400
63 4159.655400
64 4159.655400
65 4159.655400
66 4159.655400
67 4159.655400
68 4159.655400
69 4159.655400
70 4159.655400
71 4159.655400
72 4159.655400
73 4159.655400
74 4159.655400
75 4159.655400
76 4159.655400
77 4159.655400
78 4159.655400
79 4159.655400
80 4159.655400
81 4159.655400
82 4159.655400
83 4159.655400
84 4159.655400
85 4159.655400
86 4159.655400
87 4159.655400
88 4159.655400
89 4159.655400
90 4159.655400
91 4159.655400
92 4159.655400
93 4159.655400
94 4159.655400
95 4159.655400
96 4159.655400
97 4159.655400
98 4159.655400
99 4159.655400
