0 0.000000
1 0.000000
2 0.000016
3 0.016481
4 11.349817
5 4167.678083
6 4183.740852
7 4183.782462
8 4183.782595
9 4183.782596
10 4183.782596
11 4183.782596
12 4183.782596
13 4183.782596
14 4183.782596
15 4183.782596
16 4183.782596
17 4183.782596
18 4183.782596
19 4183.782596
20 4183.782596
21 4183.782596
22 4183.782596
23 4183.782596
24 4183.782596
25 4183.782596
26 4183.782596
27 4183.782596
28 4183.782596
29 4183.782596
30 4183.782596
31 4183.782596
32 4183.782596
33 4183.782596
34 4183.782596
35 4183.782596
36 4183.782596
37 4183.782596
38 4183.782596
39 4183.782596
40 4183.782596
41 4183.782596
42 4183.782596
43 4183.782596
44 4183.782596
45 4183.782596
46 4183.782596
47 4183.782596
48 4183.782596
49 4183.782596
50 4183.782596
51 4183.782596
52 4183.782596
53 4183.782596
54 4183.782596
55 4183.782596
56 4183.782596
57 4183.782596
58 4183.782596
59 4183.782596
60 4183.782596
61 4183.782596
62 4183.782596
63 4183.782596
64 4183.782596
65 4183.782596
66 4183.782596
67 4183.782596
68 4183.782596
69 4183.782596
70 4183.782596
71 4183.782596
72 4183.782596
73 4183.782596
74 4183.782596
75 4183.782596
76 4183.782596
77 4183.782596
78 4183.782596
79 4183.782596
80 4183.782596
81 4183.782596
82 4183.782596
83 4183.782596
84 4183.782596
85 4183.782596
86 4183.782596
87 4183.782596
88 4183.782596
89 4183.782596
90 4183.782596
91 4183.782596
92 4183.782596
93 4183.782596
94 4183.782596
95 4183.782596
96 4183.782596
97 4183.782596
98 4183.782596
99 4183.782596
