0 0.000046
1 0.000046
2 0.005685
3 0.581138
4 48.414964
5 3239.940893
6 4141.397856
7 4159.414926
8 4159.651946
9 4159.654287
10 4159.654305
11 4159.654305
12 4159.654305
13 4159.654305
14 4159.654305
15 4159.654305
16 4159.654305
17 4159.654305
18 4159.654305
19 4159.654305
20 4159.654305
21 4159.654305
22 4159.654305
23 4159.654305
24 4159.654305
25 4159.654305
26 4159.654305
27 4159.654305
28 4159.654305
29 4159.654305
30 4159.654305
31 4159.654305
32 4159.654305
33 4159.654305
34 4159.654305
35 4159.654305
36 4159.654305
37 4159.654305
38 4159.654305
39 4159.654305
40 4159.654305
41 4159.654305
42 4159.654305
43 4159.654305
44 4159.654305
45 4159.654305
46 4159.654305
47 4159.654305
48 4159.654305
49 4159.654305
50 4159.654305
51 4159.654305
52 4159.654305
53 4159.654305
54 4159.654305
55 4159.654305
56 4159.654305
57 4159.654305
58 4159.654305
59 4159.654305
60 4159.654305
61 4159.654305
62 4159.654305
63 4159.654305
64 4159.654305
65 4159.654305
66 4159.654305
67 4159.654305
68 4159.654305
69 4159.654305
70 4159.654305
71 4159.654305
72 4159.654305
73 4159.654305
74 4159.654305
75 4159.654305
76 4159.654305
77 4159.654305
78 4159.654305
79 4159.654305
80 4159.654305
81 4159.654305
82 4159.654305
83 4159.654305
84 4159.654305
85 4159.654305
86 4159.654305
87 4159.654305
88 4159.654305
89 4159.654305
90 4159.654305
91 4159.654305
92 4159.654305
93 4159.654305
94 4159.654305
95 4159.654305
96 4159.654305
97 4159.654305
98 4159.654305
99 4159.654305
