0 0.000000
1 0.000000
2 0.000060
3 0.038643
4 16.997644
5 4143.481738
6 4171.013070
7 4171.108807
8 4171.109084
9 4171.109085
10 4171.109085
11 4171.109085
12 4171.109085
13 4171.109085
14 4171.109085
15 4171.109085
16 4171.109085
17 4171.109085
18 4171.109085
19 4171.109085
20 4171.109085
21 4171.109085
22 4171.109085
23 4171.109085
24 4171.109085
25 4171.109085
26 4171.109085
27 4171.109085
28 4171.109085
29 4171.109085
30 4171.109085
31 4171.109085
32 4171.109085
33 4171.109085
34 4171.109085
35 4171.109085
36 4171.109085
37 4171.109085
38 4171.109085
39 4171.109085
40 4171.109085
41 4171.109085
42 4171.109085
43 4171.109085
44 4171.109085
45 4171.109085
46 4171.109085
47 4171.109085
48 4171.109085
49 4171.109085
50 4171.109085
51 4171.109085
52 4171.109085
53 4171.109085
54 4171.109085
55 4171.109085
56 4171.109085
57 4171.109085
58 4171.109085
59 4171.109085
60 4171.109085
61 4171.109085
62 4171.109085
63 4171.109085
64 4171.109085
65 4171.109085
66 4171.109085
67 4171.109085
68 4171.109085
69 4171.109085
70 4171.109085
71 4171.109085
72 4171.109085
73 4171.109085
74 4171.109085
75 4171.109085
76 4171.109085
77 4171.109085
78 4171.109085
79 4171.109085
80 4171.109085
81 4171.109085
82 4171.109085
83 4171.109085
84 4171.109085
85 4171.109085
86 4171.109085
87 4171.109085
88 4171.109085
89 4171.109085
90 4171.109085
91 4171.109085
92 4171.109085
93 4171.109085
94 4171.109085
95 4171.109085
96 4171.109085
97 4171.109085
98 4171.109085
99 4171.109085
