4999.9054132146
4999.9054132146
4999.9054132146
4999.9054132146
4999.9054132146
4999.9054132146
4999.9054132146
4999.9054132146
4999.9054132146
4999.9054132146
4999.9054132146
4999.9054132146
4999.9054132146
4999.9054132146
4999.9054132146
4999.9054132146
4999.9054132146
4999.9054132136
4999.9054131976
4999.9054129648
4999.9054101204
4999.9053835696
4999.9052169837
4999.9044601598
4999.8962557046
4999.7787150029
4998.3170912035
4980.8283684180
4687.9355846749
3522.5744437339
281.2181648439
6.0000000000
0.0000000000
0.0000000000
0.0000000000
0.0000000000
0.0000000000
0.0000000000
0.0000000000
0.0000000000
0.0000000000
0.0000000000
0.0000000000
0.0000000000
0.0000000000
0.0000000000
0.0000000000
0.0000000000
0.0000000000
0.0000000000
0.0000000000
0.0000000000
0.0000000000
0.0000000000
0.0000000000
0.0000000000
0.0000000000
0.0000000000
0.0000000000
0.0000000000
0.0000000000
0.0000000000
0.0000000000
0.0000000000
0.0000000000
0.0000000000
0.0000000000
0.0000000000
0.0000000000
0.0000000000
0.0000000000
0.0000000000
0.0000000000
0.0000000000
0.0000000000
0.0000000000
0.0000000000
0.0000000000
0.0000000000
0.0000000000
0.0000000000
0.0000000000
0.0000000000
0.0000000000
0.0000000000
0.0000000000
0.0000000000
0.0000000000
0.0000000000
0.0000000000
0.0000000000
0.0000000000
0.0000000000
0.0000000000
0.0000000000
0.0000000000
0.0000000000
0.0000000000
0.0000000000
0.0000000000