5000.0353038201
5000.0353038201
5000.0353038201
5000.0353038201
5000.0353038201
5000.0353038201
5000.0353038201
5000.0353038201
5000.0353038201
5000.0353038201
5000.0353038201
5000.0353038201
5000.0353038201
5000.0353038201
5000.0353038201
5000.0353038201
5000.0353038200
5000.0353038199
5000.0353038171
5000.0353037787
5000.0353033354
5000.0352994276
5000.0352755346
5000.0351522029
5000.0337382595
5000.0141488057
4999.7703608645
4996.6561231047
4952.0979083418
4703.1978308076
1681.0141283765
120.0000000000
2.0000000000
0.0000000000
0.0000000000
0.0000000000
0.0000000000
0.0000000000
0.0000000000
0.0000000000
0.0000000000
0.0000000000
0.0000000000
0.0000000000
0.0000000000
0.0000000000
0.0000000000
0.0000000000
0.0000000000
0.0000000000
0.0000000000
0.0000000000
0.0000000000
0.0000000000
0.0000000000
0.0000000000
0.0000000000
0.0000000000
0.0000000000
0.0000000000
0.0000000000
0.0000000000
0.0000000000
0.0000000000
0.0000000000
0.0000000000
0.0000000000
0.0000000000
0.0000000000
0.0000000000
0.0000000000
0.0000000000
0.0000000000
0.0000000000
0.0000000000
0.0000000000
0.0000000000
0.0000000000
0.0000000000
0.0000000000
0.0000000000
0.0000000000
0.0000000000
0.0000000000
0.0000000000
0.0000000000
0.0000000000
0.0000000000
0.0000000000
0.0000000000
0.0000000000
0.0000000000
0.0000000000
0.0000000000
0.0000000000
0.0000000000
0.0000000000
0.0000000000
0.0000000000
0.0000000000