5000.0752171294
5000.0752171294
5000.0752171294
5000.0752171294
5000.0752171294
5000.0752171294
5000.0752171294
5000.0752171294
5000.0752171294
5000.0752171294
5000.0752171294
5000.0752171294
5000.0752171294
5000.0752171294
5000.0752171294
5000.0752171294
5000.0752171294
5000.0752171294
5000.0752171294
5000.0752171294
5000.0752171294
5000.0752171294
5000.0752171294
5000.0752171294
5000.0752171293
5000.0752171274
5000.0752171038
5000.0752168091
5000.0752128089
5000.0751511267
5000.0741271429
5000.0568835080
4999.7739243338
4995.7451497093
4950.6186076682
4447.9866922959
1648.0782926148
73.0000000000
4.0000000000
0.0000000000
0.0000000000
0.0000000000
0.0000000000
0.0000000000
0.0000000000
0.0000000000
0.0000000000
0.0000000000
0.0000000000
0.0000000000
0.0000000000
0.0000000000
0.0000000000
0.0000000000
0.0000000000
0.0000000000
0.0000000000
0.0000000000
0.0000000000
0.0000000000
0.0000000000
0.0000000000
0.0000000000
0.0000000000
0.0000000000
0.0000000000
0.0000000000
0.0000000000
0.0000000000
0.0000000000
0.0000000000
0.0000000000
0.0000000000
0.0000000000
0.0000000000
0.0000000000
0.0000000000
0.0000000000
0.0000000000
0.0000000000
0.0000000000
0.0000000000
0.0000000000
0.0000000000
0.0000000000
0.0000000000
0.0000000000
0.0000000000
0.0000000000
0.0000000000
0.0000000000
0.0000000000
0.0000000000
0.0000000000
0.0000000000
0.0000000000
0.0000000000
0.0000000000
0.0000000000
0.0000000000