5000.0712497512
5000.0712497512
5000.0712497512
5000.0712497512
5000.0712497512
5000.0712497512
5000.0712497512
5000.0712497512
5000.0712497512
5000.0712497512
5000.0712497512
5000.0712497512
5000.0712497512
5000.0712497512
5000.0712497512
5000.0712497512
5000.0712497512
5000.0712497512
5000.0712497512
5000.0712497512
5000.0712497512
5000.0712497512
5000.0712497509
5000.0712497483
5000.0712497154
5000.0712492956
5000.0712441117
5000.0711818039
5000.0704283440
5000.0599265396
4999.8885765319
4997.0919071840
4948.0130129171
4097.3271165663
1175.0343127465
81.0000000000
1.0000000000
0.0000000000
0.0000000000
0.0000000000
0.0000000000
0.0000000000
0.0000000000
0.0000000000
0.0000000000
0.0000000000
0.0000000000
0.0000000000
0.0000000000
0.0000000000
0.0000000000
0.0000000000
0.0000000000
0.0000000000
0.0000000000
0.0000000000
0.0000000000
0.0000000000
0.0000000000
0.0000000000
0.0000000000
0.0000000000
0.0000000000
0.0000000000
0.0000000000
0.0000000000
0.0000000000
0.0000000000
0.0000000000
0.0000000000
0.0000000000
0.0000000000
0.0000000000
0.0000000000
0.0000000000
0.0000000000
0.0000000000
0.0000000000
0.0000000000
0.0000000000
0.0000000000
0.0000000000
0.0000000000
0.0000000000
0.0000000000
0.0000000000
0.0000000000
0.0000000000
0.0000000000
0.0000000000
0.0000000000
0.0000000000
0.0000000000
0.0000000000
0.0000000000
0.0000000000
0.0000000000
0.0000000000
0.0000000000
0.0000000000