4999.8353392107
4999.8353392107
4999.8353392107
4999.8353392107
4999.8353392107
4999.8353392107
4999.8353392107
4999.8353392107
4999.8353392107
4999.8353392107
4999.8353392107
4999.8353392107
4999.8353392107
4999.8353392107
4999.8353392107
4999.8353392107
4999.8353392107
4999.8353392107
4999.8353392107
4999.8353392106
4999.8353392090
4999.8353391967
4999.8353391207
4999.8353385640
4999.8353316516
4999.8352408413
4999.8340969437
4999.8198801559
4999.6584501057
4997.8948238047
4966.9103916187
4526.5478354864
1311.0041012260
30.0000000000
0.0000000000
0.0000000000
0.0000000000
0.0000000000
0.0000000000
0.0000000000
0.0000000000
0.0000000000
0.0000000000
0.0000000000
0.0000000000
0.0000000000
0.0000000000
0.0000000000
0.0000000000
0.0000000000
0.0000000000
0.0000000000
0.0000000000
0.0000000000
0.0000000000
0.0000000000
0.0000000000
0.0000000000
0.0000000000
0.0000000000
0.0000000000
0.0000000000
0.0000000000
0.0000000000
0.0000000000
0.0000000000
0.0000000000
0.0000000000
0.0000000000
0.0000000000
0.0000000000
0.0000000000
0.0000000000
0.0000000000
0.0000000000
0.0000000000
0.0000000000
0.0000000000
0.0000000000
0.0000000000
0.0000000000
0.0000000000
0.0000000000
0.0000000000
0.0000000000
0.0000000000
0.0000000000
0.0000000000
0.0000000000
0.0000000000
0.0000000000
0.0000000000
0.0000000000
0.0000000000
0.0000000000
0.0000000000
0.0000000000
0.0000000000
0.0000000000
0.0000000000