5000.1305947069
5000.1305947069
5000.1305947069
5000.1305947069
5000.1305947069
5000.1305947069
5000.1305947069
5000.1305947069
5000.1305947069
5000.1305947069
5000.1305947069
5000.1305947069
5000.1305947069
5000.1305947069
5000.1305947069
5000.1305947069
5000.1305947069
5000.1305947069
5000.1305947069
5000.1305947069
5000.1305947067
5000.1305947048
5000.1305946934
5000.1305946010
5000.1305934409
5000.1305783548
5000.1303893124
5000.1280840748
5000.1017773537
4999.7803531140
4994.3918679873
4913.9349693976
3578.8567307715
391.1357604804
8.0000000000
0.0000000000
0.0000000000
0.0000000000
0.0000000000
0.0000000000
0.0000000000
0.0000000000
0.0000000000
0.0000000000
0.0000000000
0.0000000000
0.0000000000
0.0000000000
0.0000000000
0.0000000000
0.0000000000
0.0000000000
0.0000000000
0.0000000000
0.0000000000
0.0000000000
0.0000000000
0.0000000000
0.0000000000
0.0000000000
0.0000000000
0.0000000000
0.0000000000
0.0000000000
0.0000000000
0.0000000000
0.0000000000
0.0000000000
0.0000000000
0.0000000000
0.0000000000
0.0000000000
0.0000000000
0.0000000000
0.0000000000
0.0000000000
0.0000000000
0.0000000000
0.0000000000
0.0000000000
0.0000000000
0.0000000000
0.0000000000
0.0000000000
0.0000000000
0.0000000000
0.0000000000
0.0000000000
0.0000000000
0.0000000000
0.0000000000
0.0000000000
0.0000000000
0.0000000000
0.0000000000
0.0000000000
0.0000000000
0.0000000000
0.0000000000
0.0000000000