5000.1094447934
5000.1094447934
5000.1094447934
5000.1094447934
5000.1094447934
5000.1094447934
5000.1094447934
5000.1094447934
5000.1094447934
5000.1094447934
5000.1094447934
5000.1094447934
5000.1094447934
5000.1094447934
5000.1094447934
5000.1094447934
5000.1094447934
5000.1094447934
5000.1094447934
5000.1094447934
5000.1094447934
5000.1094447934
5000.1094447934
5000.1094447934
5000.1094447934
5000.1094447934
5000.1094447934
5000.1094447934
5000.1094447934
5000.1094447934
5000.1094447934
5000.1094447934
5000.1094447932
5000.1094447914
5000.1094447669
5000.1094444262
5000.1094397518
5000.1093786228
5000.1086400008
5000.1004838465
5000.0051754655
4998.4749810678
4973.6191637638
4734.8550998995
1673.0274615247
67.0000000000
0.0000000000
0.0000000000
0.0000000000
0.0000000000
0.0000000000
0.0000000000
0.0000000000
0.0000000000
0.0000000000
0.0000000000
0.0000000000
0.0000000000
0.0000000000
0.0000000000
0.0000000000
0.0000000000
0.0000000000
0.0000000000
0.0000000000
0.0000000000
0.0000000000
0.0000000000
0.0000000000
0.0000000000
0.0000000000
0.0000000000
0.0000000000
0.0000000000
0.0000000000
0.0000000000
0.0000000000
0.0000000000
0.0000000000
0.0000000000
0.0000000000
0.0000000000
0.0000000000
0.0000000000
0.0000000000
0.0000000000
0.0000000000
0.0000000000
0.0000000000
0.0000000000
0.0000000000
0.0000000000
0.0000000000
0.0000000000
0.0000000000
0.0000000000
0.0000000000
0.0000000000
0.0000000000
0.0000000000