4999.9807766597
4999.9807766597
4999.9807766597
4999.9807766597
4999.9807766597
4999.9807766597
4999.9807766597
4999.9807766597
4999.9807766597
4999.9807766597
4999.9807766597
4999.9807766597
4999.9807766597
4999.9807766597
4999.9807766597
4999.9807766597
4999.9807766597
4999.9807766597
4999.9807766597
4999.9807766597
4999.9807766597
4999.9807766597
4999.9807766597
4999.9807766597
4999.9807766597
4999.9807766597
4999.9807766597
4999.9807766597
4999.9807766597
4999.9807766597
4999.9807766597
4999.9807766593
4999.9807766544
4999.9807765915
4999.9807757553
4999.9807641003
4999.9806006360
4999.9783807252
4999.9500717611
4999.6324294560
4996.5627925965
4954.0899769878
4059.2447079553
1349.0060991508
24.0000000000
0.0000000000
0.0000000000
0.0000000000
0.0000000000
0.0000000000
0.0000000000
0.0000000000
0.0000000000
0.0000000000
0.0000000000
0.0000000000
0.0000000000
0.0000000000
0.0000000000
0.0000000000
0.0000000000
0.0000000000
0.0000000000
0.0000000000
0.0000000000
0.0000000000
0.0000000000
0.0000000000
0.0000000000
0.0000000000
0.0000000000
0.0000000000
0.0000000000
0.0000000000
0.0000000000
0.0000000000
0.0000000000
0.0000000000
0.0000000000
0.0000000000
0.0000000000
0.0000000000
0.0000000000
0.0000000000
0.0000000000
0.0000000000
0.0000000000
0.0000000000
0.0000000000
0.0000000000
0.0000000000
0.0000000000
0.0000000000
0.0000000000
0.0000000000
0.0000000000
0.0000000000
0.0000000000
0.0000000000
0.0000000000