4999.8936324689
4999.8936324689
4999.8936324689
4999.8936324689
4999.8936324689
4999.8936324689
4999.8936324689
4999.8936324689
4999.8936324689
4999.8936324689
4999.8936324689
4999.8936324689
4999.8936324689
4999.8936324689
4999.8936324689
4999.8936324689
4999.8936324689
4999.8936324689
4999.8936324689
4999.8936324689
4999.8936324689
4999.8936324689
4999.8936324689
4999.8936324689
4999.8936324689
4999.8936324689
4999.8936324689
4999.8936324689
4999.8936324689
4999.8936324689
4999.8936324689
4999.8936324689
4999.8936324689
4999.8936324686
4999.8936324644
4999.8936324067
4999.8936316257
4999.8936216095
4999.8935025811
4999.8921605814
4999.8752212659
4999.6063565584
4995.6253174974
4948.8218350070
3961.9807260034
516.3008174274
10.0000000000
0.0000000000
0.0000000000
0.0000000000
0.0000000000
0.0000000000
0.0000000000
0.0000000000
0.0000000000
0.0000000000
0.0000000000
0.0000000000
0.0000000000
0.0000000000
0.0000000000
0.0000000000
0.0000000000
0.0000000000
0.0000000000
0.0000000000
0.0000000000
0.0000000000
0.0000000000
0.0000000000
0.0000000000
0.0000000000
0.0000000000
0.0000000000
0.0000000000
0.0000000000
0.0000000000
0.0000000000
0.0000000000
0.0000000000
0.0000000000
0.0000000000
0.0000000000
0.0000000000
0.0000000000
0.0000000000
0.0000000000
0.0000000000
0.0000000000
0.0000000000
0.0000000000
0.0000000000
0.0000000000
0.0000000000
0.0000000000
0.0000000000
0.0000000000
0.0000000000
0.0000000000
0.0000000000