5000.0716081807
5000.0716081807
5000.0716081807
5000.0716081807
5000.0716081807
5000.0716081807
5000.0716081807
5000.0716081807
5000.0716081807
5000.0716081807
5000.0716081807
5000.0716081807
5000.0716081807
5000.0716081807
5000.0716081807
5000.0716081807
5000.0716081807
5000.0716081807
5000.0716081807
5000.0716081807
5000.0716081807
5000.0716081807
5000.0716081807
5000.0716081807
5000.0716081807
5000.0716081807
5000.0716081807
5000.0716081807
5000.0716081807
5000.0716081807
5000.0716081805
5000.0716081782
5000.0716081487
5000.0716077773
5000.0716029072
5000.0715352397
5000.0705785701
5000.0573939152
4999.8841162402
4997.8559369154
4979.6365523648
4765.0633890911
1867.0173118158
229.0000000000
0.0000000000
0.0000000000
0.0000000000
0.0000000000
0.0000000000
0.0000000000
0.0000000000
0.0000000000
0.0000000000
0.0000000000
0.0000000000
0.0000000000
0.0000000000
0.0000000000
0.0000000000
0.0000000000
0.0000000000
0.0000000000
0.0000000000
0.0000000000
0.0000000000
0.0000000000
0.0000000000
0.0000000000
0.0000000000
0.0000000000
0.0000000000
0.0000000000
0.0000000000
0.0000000000
0.0000000000
0.0000000000
0.0000000000
0.0000000000
0.0000000000
0.0000000000
0.0000000000
0.0000000000
0.0000000000
0.0000000000
0.0000000000
0.0000000000
0.0000000000
0.0000000000
0.0000000000
0.0000000000
0.0000000000
0.0000000000
0.0000000000
0.0000000000
0.0000000000
0.0000000000
0.0000000000
0.0000000000
0.0000000000
0.0000000000