5000.0319516221
5000.0319516221
5000.0319516221
5000.0319516221
5000.0319516221
5000.0319516221
5000.0319516221
5000.0319516221
5000.0319516221
5000.0319516221
5000.0319516221
5000.0319516221
5000.0319516221
5000.0319516221
5000.0319516221
5000.0319516221
5000.0319516221
5000.0319516221
5000.0319516221
5000.0319516221
5000.0319516221
5000.0319516221
5000.0319516221
5000.0319516221
5000.0319516221
5000.0319516221
5000.0319516221
5000.0319516221
5000.0319516221
5000.0319516221
5000.0319516221
5000.0319516221
5000.0319516221
5000.0319516221
5000.0319516221
5000.0319516221
5000.0319516221
5000.0319516221
5000.0319516221
5000.0319516221
5000.0319516221
5000.0319516219
5000.0319516169
5000.0319515319
5000.0319500644
5000.0319243497
5000.0314654887
5000.0234744415
4999.8979747897
4998.2252920464
4977.2335728200
4618.4166572675
1803.0433768758
144.0000000000
1.0000000000
0.0000000000
0.0000000000
0.0000000000
0.0000000000
0.0000000000
0.0000000000
0.0000000000
0.0000000000
0.0000000000
0.0000000000
0.0000000000
0.0000000000
0.0000000000
0.0000000000
0.0000000000
0.0000000000
0.0000000000
0.0000000000
0.0000000000
0.0000000000
0.0000000000
0.0000000000
0.0000000000
0.0000000000
0.0000000000
0.0000000000
0.0000000000
0.0000000000
0.0000000000
0.0000000000
0.0000000000
0.0000000000
0.0000000000
0.0000000000
0.0000000000
0.0000000000
0.0000000000
0.0000000000
0.0000000000
0.0000000000
0.0000000000
0.0000000000
0.0000000000
0.0000000000
0.0000000000