5000.0343416821
5000.0343416821
5000.0343416821
5000.0343416821
5000.0343416821
5000.0343416821
5000.0343416821
5000.0343416821
5000.0343416821
5000.0343416821
5000.0343416821
5000.0343416821
5000.0343416821
5000.0343416821
5000.0343416821
5000.0343416821
5000.0343416821
5000.0343416821
5000.0343416821
5000.0343416821
5000.0343416821
5000.0343416821
5000.0343416821
5000.0343416821
5000.0343416821
5000.0343416821
5000.0343416821
5000.0343416821
5000.0343416821
5000.0343416821
5000.0343416821
5000.0343416821
5000.0343416821
5000.0343416821
5000.0343416821
5000.0343416821
5000.0343416821
5000.0343416821
5000.0343416821
5000.0343416821
5000.0343416821
5000.0343416821
5000.0343416821
5000.0343416821
5000.0343416818
5000.0343416766
5000.0343415925
5000.0343403262
5000.0343223294
5000.0340662153
5000.0302347187
4999.9733948249
4999.2023987154
4988.6532778925
4811.4038846118
2288.1271408987
213.0868065144
0.0000000000
0.0000000000
0.0000000000
0.0000000000
0.0000000000
0.0000000000
0.0000000000
0.0000000000
0.0000000000
0.0000000000
0.0000000000
0.0000000000
0.0000000000
0.0000000000
0.0000000000
0.0000000000
0.0000000000
0.0000000000
0.0000000000
0.0000000000
0.0000000000
0.0000000000
0.0000000000
0.0000000000
0.0000000000
0.0000000000
0.0000000000
0.0000000000
0.0000000000
0.0000000000
0.0000000000
0.0000000000
0.0000000000
0.0000000000
0.0000000000
0.0000000000
0.0000000000
0.0000000000
0.0000000000
0.0000000000
0.0000000000
0.0000000000
0.0000000000