4999.9739098666
4999.9739098666
4999.9739098666
4999.9739098666
4999.9739098666
4999.9739098666
4999.9739098666
4999.9739098666
4999.9739098666
4999.9739098666
4999.9739098666
4999.9739098666
4999.9739098666
4999.9739098666
4999.9739098666
4999.9739098666
4999.9739098666
4999.9739098666
4999.9739098666
4999.9739098666
4999.9739098666
4999.9739098666
4999.9739098666
4999.9739098666
4999.9739098666
4999.9739098666
4999.9739098666
4999.9739098666
4999.9739098666
4999.9739098666
4999.9739098666
4999.9739098666
4999.9739098666
4999.9739098666
4999.9739098666
4999.9739098666
4999.9739098666
4999.9739098666
4999.9739098666
4999.9739098666
4999.9739098666
4999.9739098666
4999.9739098666
4999.9739098666
4999.9739098666
4999.9739098666
4999.9739098666
4999.9739098666
4999.9739098666
4999.9739098665
4999.9739098665
4999.9739098648
4999.9739098377
4999.9739093709
4999.9739011429
4999.9737557618
4999.9713584306
4999.9384663312
4999.5836374464
4995.4888992064
4918.9167845228
3748.4979835390
1415.0458562432
48.0000000000
1.0000000000
0.0000000000
0.0000000000
0.0000000000
0.0000000000
0.0000000000
0.0000000000
0.0000000000
0.0000000000
0.0000000000
0.0000000000
0.0000000000
0.0000000000
0.0000000000
0.0000000000
0.0000000000
0.0000000000
0.0000000000
0.0000000000
0.0000000000
0.0000000000
0.0000000000
0.0000000000
0.0000000000
0.0000000000
0.0000000000
0.0000000000
0.0000000000
0.0000000000
0.0000000000
0.0000000000
0.0000000000
0.0000000000
0.0000000000
0.0000000000
0.0000000000