4999.9577417996
4999.9577417996
4999.9577417996
4999.9577417996
4999.9577417996
4999.9577417996
4999.9577417996
4999.9577417996
4999.9577417996
4999.9577417996
4999.9577417996
4999.9577417996
4999.9577417996
4999.9577417996
4999.9577417996
4999.9577417996
4999.9577417996
4999.9577417996
4999.9577417996
4999.9577417996
4999.9577417996
4999.9577417996
4999.9577417996
4999.9577417996
4999.9577417996
4999.9577417996
4999.9577417996
4999.9577417996
4999.9577417996
4999.9577417996
4999.9577417996
4999.9577417996
4999.9577417996
4999.9577417996
4999.9577417996
4999.9577417996
4999.9577417996
4999.9577417996
4999.9577417996
4999.9577417996
4999.9577417996
4999.9577417996
4999.9577417996
4999.9577417996
4999.9577417996
4999.9577417996
4999.9577417996
4999.9577417996
4999.9577417996
4999.9577417996
4999.9577417990
4999.9577417901
4999.9577416422
4999.9577391150
4999.9576948038
4999.9568978102
4999.9430028518
4999.7389231456
4997.5338910578
4976.2054684677
4551.5903738355
1426.0345180713
218.0000000000
2.0000000000
0.0000000000
0.0000000000
0.0000000000
0.0000000000
0.0000000000
0.0000000000
0.0000000000
0.0000000000
0.0000000000
0.0000000000
0.0000000000
0.0000000000
0.0000000000
0.0000000000
0.0000000000
0.0000000000
0.0000000000
0.0000000000
0.0000000000
0.0000000000
0.0000000000
0.0000000000
0.0000000000
0.0000000000
0.0000000000
0.0000000000
0.0000000000
0.0000000000
0.0000000000
0.0000000000
0.0000000000
0.0000000000
0.0000000000
0.0000000000
0.0000000000
0.0000000000