5014.0000000000
5077.0000000000
4984.0000000000
4855.0000000000
4863.0000000000
5043.0000000000
5059.0000000000
5011.0000000000
4957.0000000000
5034.0000000000
5047.0000000000
5043.0000000000
5065.0000000000
4820.0000000000
5050.0000000000
4980.0000000000
4838.0000000000
4978.0000000000
4942.0000000000
4910.0000000000
4980.0000000000
5056.0000000000
4885.0000000000
5011.0000000000
4918.0000000000
4990.0000000000
5168.0000000000
4989.0000000000
5027.0000000000
4868.0000000000
5052.0000000000
4940.0000000000
5056.0000000000
5004.0000000000
5022.0000000000
4958.0000000000
5016.0000000000
4933.0000000000
4931.0000000000
5003.0000000000
5133.0000000000
4978.0000000000
5016.0000000000
5002.0000000000
4866.0000000000
3812.0000000000
757.0000000000
35.0000000000
0.0000000000
0.0000000000
0.0000000000
0.0000000000
0.0000000000
0.0000000000
0.0000000000
0.0000000000
0.0000000000
0.0000000000
0.0000000000
0.0000000000
0.0000000000
0.0000000000
0.0000000000
0.0000000000
0.0000000000
0.0000000000
0.0000000000
0.0000000000
0.0000000000
0.0000000000
0.0000000000
0.0000000000
0.0000000000
0.0000000000
0.0000000000
0.0000000000
0.0000000000
0.0000000000
0.0000000000
0.0000000000
0.0000000000
0.0000000000
0.0000000000
0.0000000000
0.0000000000
0.0000000000
0.0000000000
0.0000000000
0.0000000000
0.0000000000
0.0000000000
0.0000000000
0.0000000000
0.0000000000
0.0000000000
0.0000000000
0.0000000000
0.0000000000
0.0000000000
0.0000000000