4962.0000000000
4925.0000000000
4917.0000000000
5009.0000000000
4976.0000000000
5031.0000000000
5024.0000000000
5015.0000000000
5002.0000000000
4937.0000000000
4932.0000000000
4904.0000000000
5019.0000000000
5129.0000000000
4959.0000000000
5040.0000000000
4952.0000000000
5192.0000000000
5009.0000000000
4938.0000000000
5062.0000000000
5050.0000000000
4965.0000000000
5073.0000000000
4972.0000000000
5028.0000000000
5008.0000000000
5010.0000000000
4864.0000000000
5055.0000000000
4923.0000000000
4815.0000000000
5005.0000000000
5005.0000000000
5067.0000000000
5042.0000000000
4864.0000000000
4892.0000000000
5070.0000000000
5219.0000000000
4965.0000000000
4902.0000000000
4774.0000000000
3557.0000000000
188.0000000000
0.0000000000
0.0000000000
0.0000000000
0.0000000000
0.0000000000
0.0000000000
0.0000000000
0.0000000000
0.0000000000
0.0000000000
0.0000000000
0.0000000000
0.0000000000
0.0000000000
0.0000000000
0.0000000000
0.0000000000
0.0000000000
0.0000000000
0.0000000000
0.0000000000
0.0000000000
0.0000000000
0.0000000000
0.0000000000
0.0000000000
0.0000000000
0.0000000000
0.0000000000
0.0000000000
0.0000000000
0.0000000000
0.0000000000
0.0000000000
0.0000000000
0.0000000000
0.0000000000
0.0000000000
0.0000000000
0.0000000000
0.0000000000
0.0000000000
0.0000000000
0.0000000000
0.0000000000
0.0000000000
0.0000000000
0.0000000000
0.0000000000
0.0000000000
0.0000000000
0.0000000000
0.0000000000
0.0000000000
0.0000000000