5000.0388295621
5000.0388295621
5000.0388295621
5000.0388295621
5000.0388295621
5000.0388295621
5000.0388295621
5000.0388295621
5000.0388295621
5000.0388295621
5000.0388295621
5000.0388295621
5000.0388295621
5000.0388295621
5000.0388295621
5000.0388295621
5000.0388295621
5000.0388295621
5000.0388295621
5000.0388295621
5000.0388295621
5000.0388295621
5000.0388295621
5000.0388295621
5000.0388295621
5000.0388295621
5000.0388295621
5000.0388295621
5000.0388295621
5000.0388295621
5000.0388295621
5000.0388295621
5000.0388295621
5000.0388295621
5000.0388295621
5000.0388295621
5000.0388295621
5000.0388295621
5000.0388295621
5000.0388295621
5000.0388295621
5000.0388295621
5000.0388295621
5000.0388295621
5000.0388295621
5000.0388295621
5000.0388295621
5000.0388295621
5000.0388295621
5000.0388295621
5000.0388295621
5000.0388295621
5000.0388295621
5000.0388295612
5000.0388295471
5000.0388293205
5000.0388256087
5000.0387636410
5000.0377003734
5000.0193047235
4999.7133099526
4994.8303786449
4917.1988274219
3980.6576155334
1052.0523154321
22.0000000000
0.0000000000
0.0000000000
0.0000000000
0.0000000000
0.0000000000
0.0000000000
0.0000000000
0.0000000000
0.0000000000
0.0000000000
0.0000000000
0.0000000000
0.0000000000
0.0000000000
0.0000000000
0.0000000000
0.0000000000
0.0000000000
0.0000000000
0.0000000000
0.0000000000
0.0000000000
0.0000000000
0.0000000000
0.0000000000
0.0000000000
0.0000000000
0.0000000000
0.0000000000
0.0000000000
0.0000000000
0.0000000000
0.0000000000
0.0000000000