4999.8739148754
4999.8739148754
4999.8739148754
4999.8739148754
4999.8739148754
4999.8739148754
4999.8739148754
4999.8739148754
4999.8739148754
4999.8739148754
4999.8739148754
4999.8739148754
4999.8739148754
4999.8739148754
4999.8739148754
4999.8739148754
4999.8739148754
4999.8739148754
4999.8739148753
4999.8739148743
4999.8739148609
4999.8739146736
4999.8739119026
4999.8738664231
4999.8730794587
4999.8594609009
4999.6107522334
4994.5402471803
4897.6640942902
4171.3587017029
1195.0795590182
46.0000000000
1.0000000000
0.0000000000
0.0000000000
0.0000000000
0.0000000000
0.0000000000
0.0000000000
0.0000000000
0.0000000000
0.0000000000
0.0000000000
0.0000000000
0.0000000000
0.0000000000
0.0000000000
0.0000000000
0.0000000000
0.0000000000
0.0000000000
0.0000000000
0.0000000000
0.0000000000
0.0000000000
0.0000000000
0.0000000000
0.0000000000
0.0000000000
0.0000000000
0.0000000000
0.0000000000
0.0000000000
0.0000000000
0.0000000000
0.0000000000
0.0000000000
0.0000000000
0.0000000000
0.0000000000
0.0000000000
0.0000000000
0.0000000000
0.0000000000
0.0000000000
0.0000000000
0.0000000000
0.0000000000
0.0000000000
0.0000000000
0.0000000000
0.0000000000
0.0000000000
0.0000000000
0.0000000000
0.0000000000
0.0000000000
0.0000000000
0.0000000000
0.0000000000
0.0000000000
0.0000000000
0.0000000000
0.0000000000
0.0000000000
0.0000000000
0.0000000000
0.0000000000
0.0000000000
0.0000000000