4999.9414492940
4999.9414492940
4999.9414492940
4999.9414492940
4999.9414492940
4999.9414492940
4999.9414492940
4999.9414492940
4999.9414492940
4999.9414492940
4999.9414492940
4999.9414492940
4999.9414492940
4999.9414492940
4999.9414492940
4999.9414492940
4999.9414492940
4999.9414492940
4999.9414492940
4999.9414492938
4999.9414492915
4999.9414492587
4999.9414487583
4999.9414404176
4999.9412956162
4999.9387349448
4999.8906353793
4998.9563932985
4983.8822868484
4853.7532221390
3543.2119928838
480.1035328514
23.0000000000
0.0000000000
0.0000000000
0.0000000000
0.0000000000
0.0000000000
0.0000000000
0.0000000000
0.0000000000
0.0000000000
0.0000000000
0.0000000000
0.0000000000
0.0000000000
0.0000000000
0.0000000000
0.0000000000
0.0000000000
0.0000000000
0.0000000000
0.0000000000
0.0000000000
0.0000000000
0.0000000000
0.0000000000
0.0000000000
0.0000000000
0.0000000000
0.0000000000
0.0000000000
0.0000000000
0.0000000000
0.0000000000
0.0000000000
0.0000000000
0.0000000000
0.0000000000
0.0000000000
0.0000000000
0.0000000000
0.0000000000
0.0000000000
0.0000000000
0.0000000000
0.0000000000
0.0000000000
0.0000000000
0.0000000000
0.0000000000
0.0000000000
0.0000000000
0.0000000000
0.0000000000
0.0000000000
0.0000000000
0.0000000000
0.0000000000
0.0000000000
0.0000000000
0.0000000000
0.0000000000
0.0000000000
0.0000000000
0.0000000000
0.0000000000
0.0000000000
0.0000000000
0.0000000000