5000.0638827943
5000.0638827943
5000.0638827943
5000.0638827943
5000.0638827943
5000.0638827943
5000.0638827943
5000.0638827943
5000.0638827943
5000.0638827943
5000.0638827943
5000.0638827943
5000.0638827943
5000.0638827943
5000.0638827943
5000.0638827943
5000.0638827943
5000.0638827941
5000.0638827916
5000.0638827582
5000.0638822975
5000.0638760392
5000.0637897052
5000.0624457139
5000.0389589413
4999.6368251771
4992.9512038513
4872.0909290677
2491.7263255806
481.0177009416
23.0000000000
0.0000000000
0.0000000000
0.0000000000
0.0000000000
0.0000000000
0.0000000000
0.0000000000
0.0000000000
0.0000000000
0.0000000000
0.0000000000
0.0000000000
0.0000000000
0.0000000000
0.0000000000
0.0000000000
0.0000000000
0.0000000000
0.0000000000
0.0000000000
0.0000000000
0.0000000000
0.0000000000
0.0000000000
0.0000000000
0.0000000000
0.0000000000
0.0000000000
0.0000000000
0.0000000000
0.0000000000
0.0000000000
0.0000000000
0.0000000000
0.0000000000
0.0000000000
0.0000000000
0.0000000000
0.0000000000
0.0000000000
0.0000000000
0.0000000000
0.0000000000
0.0000000000
0.0000000000
0.0000000000
0.0000000000
0.0000000000
0.0000000000
0.0000000000
0.0000000000
0.0000000000
0.0000000000
0.0000000000
0.0000000000
0.0000000000
0.0000000000
0.0000000000
0.0000000000
0.0000000000
0.0000000000
0.0000000000
0.0000000000
0.0000000000
0.0000000000
0.0000000000
0.0000000000
0.0000000000
0.0000000000