4999.9943366081
4999.9943366081
4999.9943366081
4999.9943366081
4999.9943366081
4999.9943366081
4999.9943366081
4999.9943366081
4999.9943366081
4999.9943366081
4999.9943366081
4999.9943366081
4999.9943366081
4999.9943366081
4999.9943366081
4999.9943366081
4999.9943366081
4999.9943366081
4999.9943366081
4999.9943366081
4999.9943366081
4999.9943366081
4999.9943366075
4999.9943365978
4999.9943364236
4999.9943333102
4999.9942805452
4999.9935002512
4999.9840285174
4999.8792368254
4998.4659417318
4979.1313356150
4768.0903740500
2489.7328404444
174.3250356256
2.0000000000
0.0000000000
0.0000000000
0.0000000000
0.0000000000
0.0000000000
0.0000000000
0.0000000000
0.0000000000
0.0000000000
0.0000000000
0.0000000000
0.0000000000
0.0000000000
0.0000000000
0.0000000000
0.0000000000
0.0000000000
0.0000000000
0.0000000000
0.0000000000
0.0000000000
0.0000000000
0.0000000000
0.0000000000
0.0000000000
0.0000000000
0.0000000000
0.0000000000
0.0000000000
0.0000000000
0.0000000000
0.0000000000
0.0000000000
0.0000000000
0.0000000000
0.0000000000
0.0000000000
0.0000000000
0.0000000000
0.0000000000
0.0000000000
0.0000000000
0.0000000000
0.0000000000
0.0000000000
0.0000000000
0.0000000000
0.0000000000
0.0000000000
0.0000000000
0.0000000000
0.0000000000
0.0000000000
0.0000000000
0.0000000000
0.0000000000
0.0000000000
0.0000000000
0.0000000000
0.0000000000
0.0000000000
0.0000000000
0.0000000000
0.0000000000