5000.0701424899
5000.0701424899
5000.0701424899
5000.0701424899
5000.0701424899
5000.0701424899
5000.0701424899
5000.0701424899
5000.0701424899
5000.0701424899
5000.0701424899
5000.0701424899
5000.0701424899
5000.0701424899
5000.0701424899
5000.0701424899
5000.0701424899
5000.0701424899
5000.0701424899
5000.0701424899
5000.0701424899
5000.0701424899
5000.0701424899
5000.0701424899
5000.0701424899
5000.0701424898
5000.0701424896
5000.0701424870
5000.0701424543
5000.0701420317
5000.0701363278
5000.0700555862
5000.0687927775
5000.0465463496
4999.6148376241
4990.9008725134
4837.5938162136
4366.2682709215
907.0427975987
33.0000000000
0.0000000000
0.0000000000
0.0000000000
0.0000000000
0.0000000000
0.0000000000
0.0000000000
0.0000000000
0.0000000000
0.0000000000
0.0000000000
0.0000000000
0.0000000000
0.0000000000
0.0000000000
0.0000000000
0.0000000000
0.0000000000
0.0000000000
0.0000000000
0.0000000000
0.0000000000
0.0000000000
0.0000000000
0.0000000000
0.0000000000
0.0000000000
0.0000000000
0.0000000000
0.0000000000
0.0000000000
0.0000000000
0.0000000000
0.0000000000
0.0000000000
0.0000000000
0.0000000000
0.0000000000
0.0000000000
0.0000000000
0.0000000000
0.0000000000
0.0000000000
0.0000000000
0.0000000000
0.0000000000
0.0000000000
0.0000000000
0.0000000000
0.0000000000
0.0000000000
0.0000000000
0.0000000000
0.0000000000
0.0000000000
0.0000000000
0.0000000000
0.0000000000
0.0000000000
0.0000000000