4999.9605084338
4999.9605084338
4999.9605084338
4999.9605084338
4999.9605084338
4999.9605084338
4999.9605084338
4999.9605084338
4999.9605084338
4999.9605084338
4999.9605084338
4999.9605084338
4999.9605084338
4999.9605084338
4999.9605084338
4999.9605084338
4999.9605084338
4999.9605084338
4999.9605084338
4999.9605084338
4999.9605084338
4999.9605084338
4999.9605084338
4999.9605084338
4999.9605084337
4999.9605084332
4999.9605084257
4999.9605083303
4999.9605071697
4999.9604924933
4999.9602977279
4999.9576770531
4999.9197060671
4999.3007383891
4988.0014253792
4756.9107204583
1760.0061601235
621.0000000000
10.0000000000
0.0000000000
0.0000000000
0.0000000000
0.0000000000
0.0000000000
0.0000000000
0.0000000000
0.0000000000
0.0000000000
0.0000000000
0.0000000000
0.0000000000
0.0000000000
0.0000000000
0.0000000000
0.0000000000
0.0000000000
0.0000000000
0.0000000000
0.0000000000
0.0000000000
0.0000000000
0.0000000000
0.0000000000
0.0000000000
0.0000000000
0.0000000000
0.0000000000
0.0000000000
0.0000000000
0.0000000000
0.0000000000
0.0000000000
0.0000000000
0.0000000000
0.0000000000
0.0000000000
0.0000000000
0.0000000000
0.0000000000
0.0000000000
0.0000000000
0.0000000000
0.0000000000
0.0000000000
0.0000000000
0.0000000000
0.0000000000
0.0000000000
0.0000000000
0.0000000000
0.0000000000
0.0000000000
0.0000000000
0.0000000000
0.0000000000
0.0000000000
0.0000000000
0.0000000000
0.0000000000
0.0000000000