4999.9575228118
4999.9575228118
4999.9575228118
4999.9575228118
4999.9575228118
4999.9575228118
4999.9575228118
4999.9575228118
4999.9575228118
4999.9575228118
4999.9575228118
4999.9575228118
4999.9575228118
4999.9575228118
4999.9575228118
4999.9575228118
4999.9575228118
4999.9575228118
4999.9575228118
4999.9575228118
4999.9575228118
4999.9575228118
4999.9575228118
4999.9575228115
4999.9575228056
4999.9575227054
4999.9575211450
4999.9574999626
4999.9572473087
4999.9542278561
4999.9138438958
4999.3877855338
4992.6514241259
4888.7955810230
3472.0939850053
254.1361781108
1.0000000000
0.0000000000
0.0000000000
0.0000000000
0.0000000000
0.0000000000
0.0000000000
0.0000000000
0.0000000000
0.0000000000
0.0000000000
0.0000000000
0.0000000000
0.0000000000
0.0000000000
0.0000000000
0.0000000000
0.0000000000
0.0000000000
0.0000000000
0.0000000000
0.0000000000
0.0000000000
0.0000000000
0.0000000000
0.0000000000
0.0000000000
0.0000000000
0.0000000000
0.0000000000
0.0000000000
0.0000000000
0.0000000000
0.0000000000
0.0000000000
0.0000000000
0.0000000000
0.0000000000
0.0000000000
0.0000000000
0.0000000000
0.0000000000
0.0000000000
0.0000000000
0.0000000000
0.0000000000
0.0000000000
0.0000000000
0.0000000000
0.0000000000
0.0000000000
0.0000000000
0.0000000000
0.0000000000
0.0000000000
0.0000000000
0.0000000000
0.0000000000
0.0000000000
0.0000000000
0.0000000000
0.0000000000
0.0000000000
0.0000000000