5000.0221038668
5000.0221038668
5000.0221038668
5000.0221038668
5000.0221038668
5000.0221038668
5000.0221038668
5000.0221038668
5000.0221038668
5000.0221038668
5000.0221038668
5000.0221038668
5000.0221038668
5000.0221038668
5000.0221038668
5000.0221038668
5000.0221038668
5000.0221038668
5000.0221038668
5000.0221038668
5000.0221038668
5000.0221038668
5000.0221038668
5000.0221038668
5000.0221038666
5000.0221038635
5000.0221038190
5000.0221032436
5000.0220963061
5000.0220097827
5000.0208631238
5000.0057112568
4999.7938469900
4996.4526356567
4940.1517339874
3754.6179849420
347.2573493879
77.0000000000
0.0000000000
0.0000000000
0.0000000000
0.0000000000
0.0000000000
0.0000000000
0.0000000000
0.0000000000
0.0000000000
0.0000000000
0.0000000000
0.0000000000
0.0000000000
0.0000000000
0.0000000000
0.0000000000
0.0000000000
0.0000000000
0.0000000000
0.0000000000
0.0000000000
0.0000000000
0.0000000000
0.0000000000
0.0000000000
0.0000000000
0.0000000000
0.0000000000
0.0000000000
0.0000000000
0.0000000000
0.0000000000
0.0000000000
0.0000000000
0.0000000000
0.0000000000
0.0000000000
0.0000000000
0.0000000000
0.0000000000
0.0000000000
0.0000000000
0.0000000000
0.0000000000
0.0000000000
0.0000000000
0.0000000000
0.0000000000
0.0000000000
0.0000000000
0.0000000000
0.0000000000
0.0000000000
0.0000000000
0.0000000000
0.0000000000
0.0000000000
0.0000000000
0.0000000000
0.0000000000
0.0000000000
0.0000000000