4999.9952461937
4999.9952461937
4999.9952461937
4999.9952461937
4999.9952461937
4999.9952461937
4999.9952461937
4999.9952461937
4999.9952461937
4999.9952461937
4999.9952461937
4999.9952461937
4999.9952461937
4999.9952461937
4999.9952461937
4999.9952461937
4999.9952461937
4999.9952461937
4999.9952461937
4999.9952461937
4999.9952461937
4999.9952461937
4999.9952461937
4999.9952461937
4999.9952461937
4999.9952461937
4999.9952461937
4999.9952461937
4999.9952461937
4999.9952461937
4999.9952461935
4999.9952461905
4999.9952461377
4999.9952452341
4999.9952313992
4999.9950554497
4999.9931791460
4999.9705154162
4999.5785720860
4992.4659379534
4853.1462324964
3248.1513253703
429.0310306403
42.0000000000
1.0000000000
0.0000000000
0.0000000000
0.0000000000
0.0000000000
0.0000000000
0.0000000000
0.0000000000
0.0000000000
0.0000000000
0.0000000000
0.0000000000
0.0000000000
0.0000000000
0.0000000000
0.0000000000
0.0000000000
0.0000000000
0.0000000000
0.0000000000
0.0000000000
0.0000000000
0.0000000000
0.0000000000
0.0000000000
0.0000000000
0.0000000000
0.0000000000
0.0000000000
0.0000000000
0.0000000000
0.0000000000
0.0000000000
0.0000000000
0.0000000000
0.0000000000
0.0000000000
0.0000000000
0.0000000000
0.0000000000
0.0000000000
0.0000000000
0.0000000000
0.0000000000
0.0000000000
0.0000000000
0.0000000000
0.0000000000
0.0000000000
0.0000000000
0.0000000000
0.0000000000
0.0000000000
0.0000000000
0.0000000000
0.0000000000