5000.0709171574
5000.0709171574
5000.0709171574
5000.0709171574
5000.0709171574
5000.0709171574
5000.0709171574
5000.0709171574
5000.0709171574
5000.0709171574
5000.0709171574
5000.0709171574
5000.0709171574
5000.0709171574
5000.0709171574
5000.0709171574
5000.0709171574
5000.0709171574
5000.0709171574
5000.0709171574
5000.0709171574
5000.0709171574
5000.0709171574
5000.0709171574
5000.0709171574
5000.0709171574
5000.0709171574
5000.0709171569
5000.0709171514
5000.0709170796
5000.0709160942
5000.0709016992
5000.0706675592
5000.0664122779
4999.9837285838
4998.4331597535
4976.4360064926
4883.0448603058
3108.9175202826
295.1823179173
1.0000000000
0.0000000000
0.0000000000
0.0000000000
0.0000000000
0.0000000000
0.0000000000
0.0000000000
0.0000000000
0.0000000000
0.0000000000
0.0000000000
0.0000000000
0.0000000000
0.0000000000
0.0000000000
0.0000000000
0.0000000000
0.0000000000
0.0000000000
0.0000000000
0.0000000000
0.0000000000
0.0000000000
0.0000000000
0.0000000000
0.0000000000
0.0000000000
0.0000000000
0.0000000000
0.0000000000
0.0000000000
0.0000000000
0.0000000000
0.0000000000
0.0000000000
0.0000000000
0.0000000000
0.0000000000
0.0000000000
0.0000000000
0.0000000000
0.0000000000
0.0000000000
0.0000000000
0.0000000000
0.0000000000
0.0000000000
0.0000000000
0.0000000000
0.0000000000
0.0000000000
0.0000000000
0.0000000000
0.0000000000
0.0000000000
0.0000000000
0.0000000000
0.0000000000
0.0000000000