4999.8347333153
4999.8347333153
4999.8347333153
4999.8347333153
4999.8347333153
4999.8347333153
4999.8347333153
4999.8347333153
4999.8347333153
4999.8347333153
4999.8347333153
4999.8347333153
4999.8347333153
4999.8347333153
4999.8347333153
4999.8347333153
4999.8347333153
4999.8347333153
4999.8347333153
4999.8347333153
4999.8347333153
4999.8347333153
4999.8347333153
4999.8347333153
4999.8347333153
4999.8347333153
4999.8347333153
4999.8347333153
4999.8347333153
4999.8347333153
4999.8347333153
4999.8347333152
4999.8347333134
4999.8347332860
4999.8347329027
4999.8347282628
4999.8346742824
4999.8338998701
4999.8201402329
4999.5718013090
4995.3814029394
4937.1244436125
4207.0465725121
1636.0007414366
193.0000000000
2.0000000000
0.0000000000
0.0000000000
0.0000000000
0.0000000000
0.0000000000
0.0000000000
0.0000000000
0.0000000000
0.0000000000
0.0000000000
0.0000000000
0.0000000000
0.0000000000
0.0000000000
0.0000000000
0.0000000000
0.0000000000
0.0000000000
0.0000000000
0.0000000000
0.0000000000
0.0000000000
0.0000000000
0.0000000000
0.0000000000
0.0000000000
0.0000000000
0.0000000000
0.0000000000
0.0000000000
0.0000000000
0.0000000000
0.0000000000
0.0000000000
0.0000000000
0.0000000000
0.0000000000
0.0000000000
0.0000000000
0.0000000000
0.0000000000
0.0000000000
0.0000000000
0.0000000000
0.0000000000
0.0000000000
0.0000000000
0.0000000000
0.0000000000
0.0000000000
0.0000000000
0.0000000000
0.0000000000
0.0000000000