4999.8089861900
4999.8089861900
4999.8089861900
4999.8089861900
4999.8089861900
4999.8089861900
4999.8089861900
4999.8089861900
4999.8089861900
4999.8089861900
4999.8089861900
4999.8089861900
4999.8089861900
4999.8089861900
4999.8089861900
4999.8089861900
4999.8089861900
4999.8089861900
4999.8089861900
4999.8089861900
4999.8089861900
4999.8089861900
4999.8089861900
4999.8089861900
4999.8089861900
4999.8089861900
4999.8089861900
4999.8089861900
4999.8089861900
4999.8089861900
4999.8089861890
4999.8089861728
4999.8089858861
4999.8089808058
4999.8088987002
4999.8078017408
4999.7963130130
4999.6726545220
4997.5538135377
4961.6585115781
4184.6554658856
943.0419287327
50.0000000000
1.0000000000
0.0000000000
0.0000000000
0.0000000000
0.0000000000
0.0000000000
0.0000000000
0.0000000000
0.0000000000
0.0000000000
0.0000000000
0.0000000000
0.0000000000
0.0000000000
0.0000000000
0.0000000000
0.0000000000
0.0000000000
0.0000000000
0.0000000000
0.0000000000
0.0000000000
0.0000000000
0.0000000000
0.0000000000
0.0000000000
0.0000000000
0.0000000000
0.0000000000
0.0000000000
0.0000000000
0.0000000000
0.0000000000
0.0000000000
0.0000000000
0.0000000000
0.0000000000
0.0000000000
0.0000000000
0.0000000000
0.0000000000
0.0000000000
0.0000000000
0.0000000000
0.0000000000
0.0000000000
0.0000000000
0.0000000000
0.0000000000
0.0000000000
0.0000000000
0.0000000000
0.0000000000
0.0000000000
0.0000000000
0.0000000000
0.0000000000