4999.9368008582
4999.9368008582
4999.9368008582
4999.9368008582
4999.9368008582
4999.9368008582
4999.9368008582
4999.9368008582
4999.9368008582
4999.9368008582
4999.9368008582
4999.9368008582
4999.9368008582
4999.9368008582
4999.9368008582
4999.9368008582
4999.9368008582
4999.9368008582
4999.9368008582
4999.9368008582
4999.9368008582
4999.9368008582
4999.9368008582
4999.9368008582
4999.9368008582
4999.9368008582
4999.9368008582
4999.9368008582
4999.9368008582
4999.9368008582
4999.9368008581
4999.9368008576
4999.9368008480
4999.9368006896
4999.9367983798
4999.9367699500
4999.9364553190
4999.9322764163
4999.8587848420
4998.5112388870
4974.2359572574
4637.2195285125
2112.0247794837
271.0000000000
19.0000000000
0.0000000000
0.0000000000
0.0000000000
0.0000000000
0.0000000000
0.0000000000
0.0000000000
0.0000000000
0.0000000000
0.0000000000
0.0000000000
0.0000000000
0.0000000000
0.0000000000
0.0000000000
0.0000000000
0.0000000000
0.0000000000
0.0000000000
0.0000000000
0.0000000000
0.0000000000
0.0000000000
0.0000000000
0.0000000000
0.0000000000
0.0000000000
0.0000000000
0.0000000000
0.0000000000
0.0000000000
0.0000000000
0.0000000000
0.0000000000
0.0000000000
0.0000000000
0.0000000000
0.0000000000
0.0000000000
0.0000000000
0.0000000000
0.0000000000
0.0000000000
0.0000000000
0.0000000000
0.0000000000
0.0000000000
0.0000000000
0.0000000000
0.0000000000
0.0000000000
0.0000000000
0.0000000000
0.0000000000
0.0000000000