4999.9628607258
4999.9628607258
4999.9628607258
4999.9628607258
4999.9628607258
4999.9628607258
4999.9628607258
4999.9628607258
4999.9628607258
4999.9628607258
4999.9628607258
4999.9628607258
4999.9628607258
4999.9628607258
4999.9628607258
4999.9628607258
4999.9628607258
4999.9628607258
4999.9628607258
4999.9628607258
4999.9628607258
4999.9628607258
4999.9628607258
4999.9628607258
4999.9628607258
4999.9628607258
4999.9628607258
4999.9628607258
4999.9628607258
4999.9628607258
4999.9628607258
4999.9628607258
4999.9628607258
4999.9628607258
4999.9628607258
4999.9628607257
4999.9628607239
4999.9628606946
4999.9628602195
4999.9628531170
4999.9627579677
4999.9616335846
4999.9499549481
4999.8356167210
4998.4502634029
4977.6107868463
4690.1129652320
1605.0667628617
17.0000000000
0.0000000000
0.0000000000
0.0000000000
0.0000000000
0.0000000000
0.0000000000
0.0000000000
0.0000000000
0.0000000000
0.0000000000
0.0000000000
0.0000000000
0.0000000000
0.0000000000
0.0000000000
0.0000000000
0.0000000000
0.0000000000
0.0000000000
0.0000000000
0.0000000000
0.0000000000
0.0000000000
0.0000000000
0.0000000000
0.0000000000
0.0000000000
0.0000000000
0.0000000000
0.0000000000
0.0000000000
0.0000000000
0.0000000000
0.0000000000
0.0000000000
0.0000000000
0.0000000000
0.0000000000
0.0000000000
0.0000000000
0.0000000000
0.0000000000
0.0000000000
0.0000000000
0.0000000000
0.0000000000
0.0000000000
0.0000000000
0.0000000000
0.0000000000
0.0000000000