4999.9854406342
4999.9854406342
4999.9854406342
4999.9854406342
4999.9854406342
4999.9854406342
4999.9854406342
4999.9854406342
4999.9854406342
4999.9854406342
4999.9854406342
4999.9854406342
4999.9854406342
4999.9854406342
4999.9854406342
4999.9854406342
4999.9854406342
4999.9854406342
4999.9854406342
4999.9854406342
4999.9854406342
4999.9854406342
4999.9854406342
4999.9854406342
4999.9854406342
4999.9854406342
4999.9854406342
4999.9854406342
4999.9854406342
4999.9854406342
4999.9854406342
4999.9854406342
4999.9854406342
4999.9854406342
4999.9854406339
4999.9854406302
4999.9854405760
4999.9854396791
4999.9854244235
4999.9851813621
4999.9817024768
4999.9378863669
4999.4605177705
4995.1280938755
4951.0313860121
4271.5055430085
1163.0533647111
24.0000000000
0.0000000000
0.0000000000
0.0000000000
0.0000000000
0.0000000000
0.0000000000
0.0000000000
0.0000000000
0.0000000000
0.0000000000
0.0000000000
0.0000000000
0.0000000000
0.0000000000
0.0000000000
0.0000000000
0.0000000000
0.0000000000
0.0000000000
0.0000000000
0.0000000000
0.0000000000
0.0000000000
0.0000000000
0.0000000000
0.0000000000
0.0000000000
0.0000000000
0.0000000000
0.0000000000
0.0000000000
0.0000000000
0.0000000000
0.0000000000
0.0000000000
0.0000000000
0.0000000000
0.0000000000
0.0000000000
0.0000000000
0.0000000000
0.0000000000
0.0000000000
0.0000000000
0.0000000000
0.0000000000
0.0000000000
0.0000000000
0.0000000000
0.0000000000
0.0000000000
0.0000000000