5000.0340270482
5000.0340270482
5000.0340270482
5000.0340270482
5000.0340270482
5000.0340270482
5000.0340270482
5000.0340270482
5000.0340270482
5000.0340270482
5000.0340270482
5000.0340270482
5000.0340270482
5000.0340270482
5000.0340270482
5000.0340270482
5000.0340270482
5000.0340270482
5000.0340270482
5000.0340270482
5000.0340270482
5000.0340270482
5000.0340270482
5000.0340270482
5000.0340270482
5000.0340270482
5000.0340270482
5000.0340270482
5000.0340270482
5000.0340270482
5000.0340270482
5000.0340270482
5000.0340270482
5000.0340270482
5000.0340270482
5000.0340270482
5000.0340270482
5000.0340270482
5000.0340270481
5000.0340270472
5000.0340270365
5000.0340269195
5000.0340256301
5000.0340095048
5000.0337678405
5000.0295542643
4999.9432365936
4997.9997529476
4960.7663313294
4589.8323876546
1642.0141503632
46.0000000000
0.0000000000
0.0000000000
0.0000000000
0.0000000000
0.0000000000
0.0000000000
0.0000000000
0.0000000000
0.0000000000
0.0000000000
0.0000000000
0.0000000000
0.0000000000
0.0000000000
0.0000000000
0.0000000000
0.0000000000
0.0000000000
0.0000000000
0.0000000000
0.0000000000
0.0000000000
0.0000000000
0.0000000000
0.0000000000
0.0000000000
0.0000000000
0.0000000000
0.0000000000
0.0000000000
0.0000000000
0.0000000000
0.0000000000
0.0000000000
0.0000000000
0.0000000000
0.0000000000
0.0000000000
0.0000000000
0.0000000000
0.0000000000
0.0000000000
0.0000000000
0.0000000000
0.0000000000
0.0000000000
0.0000000000
0.0000000000