5000.1162717836
5000.1162717836
5000.1162717836
5000.1162717836
5000.1162717836
5000.1162717836
5000.1162717836
5000.1162717836
5000.1162717836
5000.1162717836
5000.1162717836
5000.1162717836
5000.1162717836
5000.1162717836
5000.1162717836
5000.1162717836
5000.1162717836
5000.1162717836
5000.1162717836
5000.1162717836
5000.1162717836
5000.1162717836
5000.1162717836
5000.1162717836
5000.1162717836
5000.1162717836
5000.1162717836
5000.1162717836
5000.1162717836
5000.1162717836
5000.1162717836
5000.1162717836
5000.1162717836
5000.1162717836
5000.1162717836
5000.1162717836
5000.1162717836
5000.1162717836
5000.1162717836
5000.1162717836
5000.1162717836
5000.1162717836
5000.1162717836
5000.1162717836
5000.1162717836
5000.1162717835
5000.1162717828
5000.1162717717
5000.1162715843
5000.1162684397
5000.1162182372
5000.1154570027
5000.1037008265
4999.9142468940
4997.1259223236
4962.1829858771
4347.5275569280
1129.0505314785
30.0000000000
0.0000000000
0.0000000000
0.0000000000
0.0000000000
0.0000000000
0.0000000000
0.0000000000
0.0000000000
0.0000000000
0.0000000000
0.0000000000
0.0000000000
0.0000000000
0.0000000000
0.0000000000
0.0000000000
0.0000000000
0.0000000000
0.0000000000
0.0000000000
0.0000000000
0.0000000000
0.0000000000
0.0000000000
0.0000000000
0.0000000000
0.0000000000
0.0000000000
0.0000000000
0.0000000000
0.0000000000
0.0000000000
0.0000000000
0.0000000000
0.0000000000
0.0000000000
0.0000000000
0.0000000000
0.0000000000
0.0000000000
0.0000000000