4999.9030452904
4999.9030452904
4999.9030452904
4999.9030452904
4999.9030452904
4999.9030452904
4999.9030452904
4999.9030452904
4999.9030452904
4999.9030452904
4999.9030452904
4999.9030452904
4999.9030452904
4999.9030452904
4999.9030452904
4999.9030452904
4999.9030452904
4999.9030452904
4999.9030452904
4999.9030452904
4999.9030452904
4999.9030452904
4999.9030452904
4999.9030452904
4999.9030452904
4999.9030452904
4999.9030452904
4999.9030452904
4999.9030452904
4999.9030452904
4999.9030452904
4999.9030452904
4999.9030452904
4999.9030452904
4999.9030452904
4999.9030452904
4999.9030452904
4999.9030452904
4999.9030452904
4999.9030452904
4999.9030452904
4999.9030452903
4999.9030452892
4999.9030452721
4999.9030449631
4999.9030389451
4999.9029242914
4999.9009822803
4999.8725942189
4999.4503685573
4991.2930297999
4826.2160495103
3091.7994594469
332.1962706025
5.0000000000
0.0000000000
0.0000000000
0.0000000000
0.0000000000
0.0000000000
0.0000000000
0.0000000000
0.0000000000
0.0000000000
0.0000000000
0.0000000000
0.0000000000
0.0000000000
0.0000000000
0.0000000000
0.0000000000
0.0000000000
0.0000000000
0.0000000000
0.0000000000
0.0000000000
0.0000000000
0.0000000000
0.0000000000
0.0000000000
0.0000000000
0.0000000000
0.0000000000
0.0000000000
0.0000000000
0.0000000000
0.0000000000
0.0000000000
0.0000000000
0.0000000000
0.0000000000
0.0000000000
0.0000000000
0.0000000000
0.0000000000
0.0000000000
0.0000000000
0.0000000000
0.0000000000
0.0000000000