4999.9653294260
4999.9653294260
4999.9653294260
4999.9653294260
4999.9653294260
4999.9653294260
4999.9653294260
4999.9653294260
4999.9653294260
4999.9653294260
4999.9653294260
4999.9653294260
4999.9653294260
4999.9653294260
4999.9653294260
4999.9653294260
4999.9653294260
4999.9653294260
4999.9653294260
4999.9653294260
4999.9653294260
4999.9653294260
4999.9653294260
4999.9653294260
4999.9653294260
4999.9653294260
4999.9653294260
4999.9653294260
4999.9653294260
4999.9653294260
4999.9653294260
4999.9653294260
4999.9653294260
4999.9653294260
4999.9653294260
4999.9653294260
4999.9653294260
4999.9653294260
4999.9653294260
4999.9653294260
4999.9653294257
4999.9653294226
4999.9653293860
4999.9653288774
4999.9653204168
4999.9651582448
4999.9618248885
4999.8978180933
4998.9143081188
4986.7327377479
4785.8822903137
1828.0046409076
118.0000000000
0.0000000000
0.0000000000
0.0000000000
0.0000000000
0.0000000000
0.0000000000
0.0000000000
0.0000000000
0.0000000000
0.0000000000
0.0000000000
0.0000000000
0.0000000000
0.0000000000
0.0000000000
0.0000000000
0.0000000000
0.0000000000
0.0000000000
0.0000000000
0.0000000000
0.0000000000
0.0000000000
0.0000000000
0.0000000000
0.0000000000
0.0000000000
0.0000000000
0.0000000000
0.0000000000
0.0000000000
0.0000000000
0.0000000000
0.0000000000
0.0000000000
0.0000000000
0.0000000000
0.0000000000
0.0000000000
0.0000000000
0.0000000000
0.0000000000
0.0000000000
0.0000000000
0.0000000000
0.0000000000
0.0000000000