4999.9374008635
4999.9374008635
4999.9374008635
4999.9374008635
4999.9374008635
4999.9374008635
4999.9374008635
4999.9374008635
4999.9374008635
4999.9374008635
4999.9374008635
4999.9374008635
4999.9374008635
4999.9374008635
4999.9374008635
4999.9374008635
4999.9374008635
4999.9374008635
4999.9374008635
4999.9374008635
4999.9374008635
4999.9374008635
4999.9374008635
4999.9374008635
4999.9374008635
4999.9374008635
4999.9374008635
4999.9374008635
4999.9374008635
4999.9374008635
4999.9374008635
4999.9374008635
4999.9374008635
4999.9374008635
4999.9374008635
4999.9374008635
4999.9374008635
4999.9374008635
4999.9374008635
4999.9374008635
4999.9374008635
4999.9374008635
4999.9374008634
4999.9374008628
4999.9374008516
4999.9374006407
4999.9373969227
4999.9373375469
4999.9364293949
4999.9210832578
4999.6338972357
4994.7761494191
4928.7668651175
4066.4796685325
544.1345500802
33.0000000000
0.0000000000
0.0000000000
0.0000000000
0.0000000000
0.0000000000
0.0000000000
0.0000000000
0.0000000000
0.0000000000
0.0000000000
0.0000000000
0.0000000000
0.0000000000
0.0000000000
0.0000000000
0.0000000000
0.0000000000
0.0000000000
0.0000000000
0.0000000000
0.0000000000
0.0000000000
0.0000000000
0.0000000000
0.0000000000
0.0000000000
0.0000000000
0.0000000000
0.0000000000
0.0000000000
0.0000000000
0.0000000000
0.0000000000
0.0000000000
0.0000000000
0.0000000000
0.0000000000
0.0000000000
0.0000000000
0.0000000000
0.0000000000
0.0000000000
0.0000000000
0.0000000000