4999.9909360505
4999.9909360505
4999.9909360505
4999.9909360505
4999.9909360505
4999.9909360505
4999.9909360505
4999.9909360505
4999.9909360505
4999.9909360505
4999.9909360505
4999.9909360505
4999.9909360505
4999.9909360505
4999.9909360505
4999.9909360505
4999.9909360505
4999.9909360505
4999.9909360505
4999.9909360505
4999.9909360505
4999.9909360505
4999.9909360505
4999.9909360505
4999.9909360505
4999.9909360505
4999.9909360505
4999.9909360505
4999.9909360505
4999.9909360505
4999.9909360505
4999.9909360505
4999.9909360505
4999.9909360505
4999.9909360505
4999.9909360505
4999.9909360505
4999.9909360505
4999.9909360505
4999.9909360505
4999.9909360505
4999.9909360505
4999.9909360505
4999.9909360505
4999.9909360505
4999.9909360505
4999.9909360504
4999.9909360501
4999.9909360440
4999.9909359445
4999.9909343890
4999.9909105332
4999.9905399373
4999.9848685954
4999.9037994102
4998.7303876222
4979.3660128381
4691.8603366345
1814.0211186145
96.0000000000
0.0000000000
0.0000000000
0.0000000000
0.0000000000
0.0000000000
0.0000000000
0.0000000000
0.0000000000
0.0000000000
0.0000000000
0.0000000000
0.0000000000
0.0000000000
0.0000000000
0.0000000000
0.0000000000
0.0000000000
0.0000000000
0.0000000000
0.0000000000
0.0000000000
0.0000000000
0.0000000000
0.0000000000
0.0000000000
0.0000000000
0.0000000000
0.0000000000
0.0000000000
0.0000000000
0.0000000000
0.0000000000
0.0000000000
0.0000000000
0.0000000000
0.0000000000
0.0000000000
0.0000000000
0.0000000000
0.0000000000