5000.0268649440
5000.0268649440
5000.0268649440
5000.0268649440
5000.0268649440
5000.0268649440
5000.0268649440
5000.0268649440
5000.0268649440
5000.0268649440
5000.0268649440
5000.0268649440
5000.0268649440
5000.0268649440
5000.0268649440
5000.0268649440
5000.0268649440
5000.0268649440
5000.0268649440
5000.0268649440
5000.0268649440
5000.0268649440
5000.0268649440
5000.0268649440
5000.0268649440
5000.0268649440
5000.0268649440
5000.0268649440
5000.0268649440
5000.0268649440
5000.0268649440
5000.0268649440
5000.0268649440
5000.0268649440
5000.0268649440
5000.0268649440
5000.0268649440
5000.0268649440
5000.0268649440
5000.0268649440
5000.0268649440
5000.0268649440
5000.0268649440
5000.0268649440
5000.0268649440
5000.0268649440
5000.0268649440
5000.0268649440
5000.0268649429
5000.0268649253
5000.0268646511
5000.0268604357
5000.0267953714
5000.0258160323
5000.0117062684
4999.8008053253
4996.3896518231
4943.4722256291
4037.3181172974
801.1572627619
14.0000000000
0.0000000000
0.0000000000
0.0000000000
0.0000000000
0.0000000000
0.0000000000
0.0000000000
0.0000000000
0.0000000000
0.0000000000
0.0000000000
0.0000000000
0.0000000000
0.0000000000
0.0000000000
0.0000000000
0.0000000000
0.0000000000
0.0000000000
0.0000000000
0.0000000000
0.0000000000
0.0000000000
0.0000000000
0.0000000000
0.0000000000
0.0000000000
0.0000000000
0.0000000000
0.0000000000
0.0000000000
0.0000000000
0.0000000000
0.0000000000
0.0000000000
0.0000000000
0.0000000000
0.0000000000
0.0000000000