5000.0879387637
5000.0879387637
5000.0879387637
5000.0879387637
5000.0879387637
5000.0879387637
5000.0879387637
5000.0879387637
5000.0879387637
5000.0879387637
5000.0879387637
5000.0879387637
5000.0879387637
5000.0879387637
5000.0879387637
5000.0879387637
5000.0879387637
5000.0879387637
5000.0879387637
5000.0879387637
5000.0879387637
5000.0879387637
5000.0879387637
5000.0879387637
5000.0879387637
5000.0879387637
5000.0879387637
5000.0879387637
5000.0879387637
5000.0879387637
5000.0879387637
5000.0879387637
5000.0879387637
5000.0879387637
5000.0879387637
5000.0879387637
5000.0879387637
5000.0879387637
5000.0879387637
5000.0879387637
5000.0879387637
5000.0879387637
5000.0879387637
5000.0879387637
5000.0879387637
5000.0879387637
5000.0879387637
5000.0879387637
5000.0879387636
5000.0879387635
5000.0879387620
5000.0879387391
5000.0879383923
5000.0879332376
5000.0878559473
5000.0866453760
5000.0670671855
4999.7488836061
4994.6442679956
4915.3732830429
3394.2817573590
410.0678676536
8.0000000000
0.0000000000
0.0000000000
0.0000000000
0.0000000000
0.0000000000
0.0000000000
0.0000000000
0.0000000000
0.0000000000
0.0000000000
0.0000000000
0.0000000000
0.0000000000
0.0000000000
0.0000000000
0.0000000000
0.0000000000
0.0000000000
0.0000000000
0.0000000000
0.0000000000
0.0000000000
0.0000000000
0.0000000000
0.0000000000
0.0000000000
0.0000000000
0.0000000000
0.0000000000
0.0000000000
0.0000000000
0.0000000000
0.0000000000
0.0000000000
0.0000000000
0.0000000000
0.0000000000