4999.9336640975
4999.9336640975
4999.9336640975
4999.9336640975
4999.9336640975
4999.9336640975
4999.9336640975
4999.9336640975
4999.9336640975
4999.9336640975
4999.9336640975
4999.9336640975
4999.9336640975
4999.9336640975
4999.9336640975
4999.9336640975
4999.9336640975
4999.9336640975
4999.9336640975
4999.9336640975
4999.9336640975
4999.9336640975
4999.9336640975
4999.9336640975
4999.9336640975
4999.9336640975
4999.9336640975
4999.9336640975
4999.9336640975
4999.9336640975
4999.9336640975
4999.9336640975
4999.9336640975
4999.9336640975
4999.9336640975
4999.9336640975
4999.9336640975
4999.9336640975
4999.9336640975
4999.9336640975
4999.9336640975
4999.9336640975
4999.9336640975
4999.9336640975
4999.9336640975
4999.9336640975
4999.9336640975
4999.9336640975
4999.9336640975
4999.9336640975
4999.9336640975
4999.9336640971
4999.9336640919
4999.9336640317
4999.9336633852
4999.9336565891
4999.9335828947
4999.9327305044
4999.9224648250
4999.8083556730
4998.4459456286
4973.8428170743
4633.6261496403
1532.0021445204
171.0000000000
4.0000000000
0.0000000000
0.0000000000
0.0000000000
0.0000000000
0.0000000000
0.0000000000
0.0000000000
0.0000000000
0.0000000000
0.0000000000
0.0000000000
0.0000000000
0.0000000000
0.0000000000
0.0000000000
0.0000000000
0.0000000000
0.0000000000
0.0000000000
0.0000000000
0.0000000000
0.0000000000
0.0000000000
0.0000000000
0.0000000000
0.0000000000
0.0000000000
0.0000000000
0.0000000000
0.0000000000
0.0000000000
0.0000000000
0.0000000000
0.0000000000