4999.7185015283
4999.7185015283
4999.7185015283
4999.7185015283
4999.7185015283
4999.7185015283
4999.7185015283
4999.7185015283
4999.7185015283
4999.7185015283
4999.7185015283
4999.7185015283
4999.7185015283
4999.7185015283
4999.7185015283
4999.7185015283
4999.7185015283
4999.7185015283
4999.7185015283
4999.7185015283
4999.7185015283
4999.7185015283
4999.7185015283
4999.7185015283
4999.7185015283
4999.7185015274
4999.7185015145
4999.7185012916
4999.7184974021
4999.7184319400
4999.7173504213
4999.6987559612
4999.3582249071
4992.5191049400
4844.2944572265
2297.2855082424
41.3749489619
2.0000000000
0.0000000000
0.0000000000
0.0000000000
0.0000000000
0.0000000000
0.0000000000
0.0000000000
0.0000000000
0.0000000000
0.0000000000
0.0000000000
0.0000000000
0.0000000000
0.0000000000
0.0000000000
0.0000000000
0.0000000000
0.0000000000
0.0000000000
0.0000000000
0.0000000000
0.0000000000
0.0000000000
0.0000000000
0.0000000000
0.0000000000
0.0000000000
0.0000000000
0.0000000000
0.0000000000
0.0000000000
0.0000000000
0.0000000000
0.0000000000
0.0000000000
0.0000000000
0.0000000000
0.0000000000
0.0000000000
0.0000000000
0.0000000000
0.0000000000
0.0000000000
0.0000000000
0.0000000000
0.0000000000
0.0000000000
0.0000000000
0.0000000000
0.0000000000
0.0000000000
0.0000000000
0.0000000000
0.0000000000
0.0000000000
0.0000000000
0.0000000000
0.0000000000
0.0000000000
0.0000000000
0.0000000000
0.0000000000