4999.9741946033
4999.9741946033
4999.9741946033
4999.9741946033
4999.9741946033
4999.9741946033
4999.9741946033
4999.9741946033
4999.9741946033
4999.9741946033
4999.9741946033
4999.9741946033
4999.9741946033
4999.9741946033
4999.9741946033
4999.9741946033
4999.9741946033
4999.9741946033
4999.9741946033
4999.9741946032
4999.9741946023
4999.9741945861
4999.9741942974
4999.9741893281
4999.9741092439
4999.9729485811
4999.9581927816
4999.7810158784
4997.2518434723
4950.0423254333
3807.1745931614
685.0818792570
15.0000000000
0.0000000000
0.0000000000
0.0000000000
0.0000000000
0.0000000000
0.0000000000
0.0000000000
0.0000000000
0.0000000000
0.0000000000
0.0000000000
0.0000000000
0.0000000000
0.0000000000
0.0000000000
0.0000000000
0.0000000000
0.0000000000
0.0000000000
0.0000000000
0.0000000000
0.0000000000
0.0000000000
0.0000000000
0.0000000000
0.0000000000
0.0000000000
0.0000000000
0.0000000000
0.0000000000
0.0000000000
0.0000000000
0.0000000000
0.0000000000
0.0000000000
0.0000000000
0.0000000000
0.0000000000
0.0000000000
0.0000000000
0.0000000000
0.0000000000
0.0000000000
0.0000000000
0.0000000000
0.0000000000
0.0000000000
0.0000000000
0.0000000000
0.0000000000
0.0000000000
0.0000000000
0.0000000000
0.0000000000
0.0000000000
0.0000000000
0.0000000000
0.0000000000
0.0000000000
0.0000000000
0.0000000000
0.0000000000
0.0000000000
0.0000000000
0.0000000000
0.0000000000
0.0000000000