4999.9414938701
4999.9414938701
4999.9414938701
4999.9414938701
4999.9414938701
4999.9414938701
4999.9414938701
4999.9414938701
4999.9414938701
4999.9414938701
4999.9414938701
4999.9414938701
4999.9414938701
4999.9414938701
4999.9414938701
4999.9414938701
4999.9414938701
4999.9414938701
4999.9414938701
4999.9414938701
4999.9414938701
4999.9414938701
4999.9414938701
4999.9414938701
4999.9414938701
4999.9414938699
4999.9414938676
4999.9414938269
4999.9414931247
4999.9414813432
4999.9412836829
4999.9377991939
4999.8716894802
4998.5041773936
4968.3304527263
4289.7206695531
423.2229466536
25.0000000000
1.0000000000
0.0000000000
0.0000000000
0.0000000000
0.0000000000
0.0000000000
0.0000000000
0.0000000000
0.0000000000
0.0000000000
0.0000000000
0.0000000000
0.0000000000
0.0000000000
0.0000000000
0.0000000000
0.0000000000
0.0000000000
0.0000000000
0.0000000000
0.0000000000
0.0000000000
0.0000000000
0.0000000000
0.0000000000
0.0000000000
0.0000000000
0.0000000000
0.0000000000
0.0000000000
0.0000000000
0.0000000000
0.0000000000
0.0000000000
0.0000000000
0.0000000000
0.0000000000
0.0000000000
0.0000000000
0.0000000000
0.0000000000
0.0000000000
0.0000000000
0.0000000000
0.0000000000
0.0000000000
0.0000000000
0.0000000000
0.0000000000
0.0000000000
0.0000000000
0.0000000000
0.0000000000
0.0000000000
0.0000000000
0.0000000000
0.0000000000
0.0000000000
0.0000000000
0.0000000000
0.0000000000
0.0000000000