5000.0924386313
5000.0924386313
5000.0924386313
5000.0924386313
5000.0924386313
5000.0924386313
5000.0924386313
5000.0924386313
5000.0924386313
5000.0924386313
5000.0924386313
5000.0924386313
5000.0924386313
5000.0924386313
5000.0924386313
5000.0924386313
5000.0924386313
5000.0924386313
5000.0924386313
5000.0924386313
5000.0924386313
5000.0924386313
5000.0924386313
5000.0924386313
5000.0924386313
5000.0924386313
5000.0924386313
5000.0924386313
5000.0924386313
5000.0924386313
5000.0924386313
5000.0924386310
5000.0924386246
5000.0924385000
5000.0924363405
5000.0924040106
5000.0919892772
5000.0871812773
5000.0310821045
4999.2966552319
4987.7999458421
4820.7464219355
2827.3991297171
98.4778200848
2.0000000000
0.0000000000
0.0000000000
0.0000000000
0.0000000000
0.0000000000
0.0000000000
0.0000000000
0.0000000000
0.0000000000
0.0000000000
0.0000000000
0.0000000000
0.0000000000
0.0000000000
0.0000000000
0.0000000000
0.0000000000
0.0000000000
0.0000000000
0.0000000000
0.0000000000
0.0000000000
0.0000000000
0.0000000000
0.0000000000
0.0000000000
0.0000000000
0.0000000000
0.0000000000
0.0000000000
0.0000000000
0.0000000000
0.0000000000
0.0000000000
0.0000000000
0.0000000000
0.0000000000
0.0000000000
0.0000000000
0.0000000000
0.0000000000
0.0000000000
0.0000000000
0.0000000000
0.0000000000
0.0000000000
0.0000000000
0.0000000000
0.0000000000
0.0000000000
0.0000000000
0.0000000000
0.0000000000
0.0000000000
0.0000000000