5000.0623799719
5000.0623799719
5000.0623799719
5000.0623799719
5000.0623799719
5000.0623799719
5000.0623799719
5000.0623799719
5000.0623799719
5000.0623799719
5000.0623799719
5000.0623799719
5000.0623799719
5000.0623799719
5000.0623799719
5000.0623799719
5000.0623799719
5000.0623799719
5000.0623799719
5000.0623799719
5000.0623799719
5000.0623799719
5000.0623799719
5000.0623799719
5000.0623799719
5000.0623799719
5000.0623799719
5000.0623799719
5000.0623799719
5000.0623799718
5000.0623799718
5000.0623799702
5000.0623799362
5000.0623792516
5000.0623667779
5000.0621710686
5000.0595880769
5000.0296013078
4999.6881207698
4995.4922477977
4928.6959448073
4011.3815960310
725.0327215278
4.0000000000
0.0000000000
0.0000000000
0.0000000000
0.0000000000
0.0000000000
0.0000000000
0.0000000000
0.0000000000
0.0000000000
0.0000000000
0.0000000000
0.0000000000
0.0000000000
0.0000000000
0.0000000000
0.0000000000
0.0000000000
0.0000000000
0.0000000000
0.0000000000
0.0000000000
0.0000000000
0.0000000000
0.0000000000
0.0000000000
0.0000000000
0.0000000000
0.0000000000
0.0000000000
0.0000000000
0.0000000000
0.0000000000
0.0000000000
0.0000000000
0.0000000000
0.0000000000
0.0000000000
0.0000000000
0.0000000000
0.0000000000
0.0000000000
0.0000000000
0.0000000000
0.0000000000
0.0000000000
0.0000000000
0.0000000000
0.0000000000
0.0000000000
0.0000000000
0.0000000000
0.0000000000
0.0000000000
0.0000000000
0.0000000000
0.0000000000