4999.9264141494
4999.9264141494
4999.9264141494
4999.9264141494
4999.9264141494
4999.9264141494
4999.9264141494
4999.9264141494
4999.9264141494
4999.9264141494
4999.9264141494
4999.9264141494
4999.9264141494
4999.9264141494
4999.9264141494
4999.9264141494
4999.9264141494
4999.9264141494
4999.9264141494
4999.9264141494
4999.9264141494
4999.9264141494
4999.9264141494
4999.9264141494
4999.9264141494
4999.9264141494
4999.9264141494
4999.9264141493
4999.9264141485
4999.9264141349
4999.9264138827
4999.9264088925
4999.9263033573
4999.9239613488
4999.8706347565
4998.6906475184
4977.0276038781
4732.5476763909
2698.2757095368
401.0463930282
11.0000000000
0.0000000000
0.0000000000
0.0000000000
0.0000000000
0.0000000000
0.0000000000
0.0000000000
0.0000000000
0.0000000000
0.0000000000
0.0000000000
0.0000000000
0.0000000000
0.0000000000
0.0000000000
0.0000000000
0.0000000000
0.0000000000
0.0000000000
0.0000000000
0.0000000000
0.0000000000
0.0000000000
0.0000000000
0.0000000000
0.0000000000
0.0000000000
0.0000000000
0.0000000000
0.0000000000
0.0000000000
0.0000000000
0.0000000000
0.0000000000
0.0000000000
0.0000000000
0.0000000000
0.0000000000
0.0000000000
0.0000000000
0.0000000000
0.0000000000
0.0000000000
0.0000000000
0.0000000000
0.0000000000
0.0000000000
0.0000000000
0.0000000000
0.0000000000
0.0000000000
0.0000000000
0.0000000000
0.0000000000
0.0000000000
0.0000000000
0.0000000000
0.0000000000
0.0000000000