5000.1055463751
5000.1055463751
5000.1055463751
5000.1055463751
5000.1055463751
5000.1055463751
5000.1055463751
5000.1055463751
5000.1055463751
5000.1055463751
5000.1055463751
5000.1055463751
5000.1055463751
5000.1055463751
5000.1055463751
5000.1055463751
5000.1055463751
5000.1055463751
5000.1055463751
5000.1055463751
5000.1055463751
5000.1055463751
5000.1055463751
5000.1055463751
5000.1055463751
5000.1055463751
5000.1055463751
5000.1055463751
5000.1055463751
5000.1055463751
5000.1055463747
5000.1055463667
5000.1055461931
5000.1055425580
5000.1054727933
5000.1043177628
5000.0885204242
4999.9039593717
4997.8226416627
4974.4894617413
4594.0097210827
1775.0261804123
81.0000000000
0.0000000000
0.0000000000
0.0000000000
0.0000000000
0.0000000000
0.0000000000
0.0000000000
0.0000000000
0.0000000000
0.0000000000
0.0000000000
0.0000000000
0.0000000000
0.0000000000
0.0000000000
0.0000000000
0.0000000000
0.0000000000
0.0000000000
0.0000000000
0.0000000000
0.0000000000
0.0000000000
0.0000000000
0.0000000000
0.0000000000
0.0000000000
0.0000000000
0.0000000000
0.0000000000
0.0000000000
0.0000000000
0.0000000000
0.0000000000
0.0000000000
0.0000000000
0.0000000000
0.0000000000
0.0000000000
0.0000000000
0.0000000000
0.0000000000
0.0000000000
0.0000000000
0.0000000000
0.0000000000
0.0000000000
0.0000000000
0.0000000000
0.0000000000
0.0000000000
0.0000000000
0.0000000000
0.0000000000
0.0000000000
0.0000000000
0.0000000000