5000.0461976101
5000.0461976101
5000.0461976101
5000.0461976101
5000.0461976101
5000.0461976101
5000.0461976101
5000.0461976101
5000.0461976101
5000.0461976101
5000.0461976101
5000.0461976101
5000.0461976101
5000.0461976101
5000.0461976101
5000.0461976101
5000.0461976101
5000.0461976101
5000.0461976101
5000.0461976101
5000.0461976101
5000.0461976101
5000.0461976101
5000.0461976101
5000.0461976101
5000.0461976101
5000.0461976101
5000.0461976101
5000.0461976101
5000.0461976101
5000.0461976101
5000.0461976101
5000.0461976101
5000.0461976101
5000.0461976097
5000.0461976056
5000.0461975544
5000.0461969163
5000.0461882345
5000.0460582759
5000.0439792688
5000.0081243943
4999.3357363357
4987.0712859310
4798.9326441812
3025.7150741784
1062.0234747371
49.0000000000
0.0000000000
0.0000000000
0.0000000000
0.0000000000
0.0000000000
0.0000000000
0.0000000000
0.0000000000
0.0000000000
0.0000000000
0.0000000000
0.0000000000
0.0000000000
0.0000000000
0.0000000000
0.0000000000
0.0000000000
0.0000000000
0.0000000000
0.0000000000
0.0000000000
0.0000000000
0.0000000000
0.0000000000
0.0000000000
0.0000000000
0.0000000000
0.0000000000
0.0000000000
0.0000000000
0.0000000000
0.0000000000
0.0000000000
0.0000000000
0.0000000000
0.0000000000
0.0000000000
0.0000000000
0.0000000000
0.0000000000
0.0000000000
0.0000000000
0.0000000000
0.0000000000
0.0000000000
0.0000000000
0.0000000000
0.0000000000
0.0000000000
0.0000000000
0.0000000000
0.0000000000