4999.9805301515
4999.9805301515
4999.9805301515
4999.9805301515
4999.9805301515
4999.9805301515
4999.9805301515
4999.9805301515
4999.9805301515
4999.9805301515
4999.9805301515
4999.9805301515
4999.9805301515
4999.9805301515
4999.9805301515
4999.9805301515
4999.9805301515
4999.9805301515
4999.9805301515
4999.9805301515
4999.9805301515
4999.9805301515
4999.9805301515
4999.9805301515
4999.9805301515
4999.9805301515
4999.9805301515
4999.9805301515
4999.9805301515
4999.9805301515
4999.9805301515
4999.9805301515
4999.9805301515
4999.9805301514
4999.9805301494
4999.9805301243
4999.9805298169
4999.9805260682
4999.9804764639
4999.9797483843
4999.9683630273
4999.7791039739
4996.2274576260
4927.9326974160
3909.9192909034
792.0094328661
172.0000000000
0.0000000000
0.0000000000
0.0000000000
0.0000000000
0.0000000000
0.0000000000
0.0000000000
0.0000000000
0.0000000000
0.0000000000
0.0000000000
0.0000000000
0.0000000000
0.0000000000
0.0000000000
0.0000000000
0.0000000000
0.0000000000
0.0000000000
0.0000000000
0.0000000000
0.0000000000
0.0000000000
0.0000000000
0.0000000000
0.0000000000
0.0000000000
0.0000000000
0.0000000000
0.0000000000
0.0000000000
0.0000000000
0.0000000000
0.0000000000
0.0000000000
0.0000000000
0.0000000000
0.0000000000
0.0000000000
0.0000000000
0.0000000000
0.0000000000
0.0000000000
0.0000000000
0.0000000000
0.0000000000
0.0000000000
0.0000000000
0.0000000000
0.0000000000
0.0000000000
0.0000000000
0.0000000000