5000.0646287559
5000.0646287559
5000.0646287559
5000.0646287559
5000.0646287559
5000.0646287559
5000.0646287559
5000.0646287559
5000.0646287559
5000.0646287559
5000.0646287559
5000.0646287559
5000.0646287559
5000.0646287559
5000.0646287559
5000.0646287559
5000.0646287559
5000.0646287559
5000.0646287559
5000.0646287559
5000.0646287559
5000.0646287559
5000.0646287559
5000.0646287559
5000.0646287559
5000.0646287559
5000.0646287559
5000.0646287559
5000.0646287559
5000.0646287559
5000.0646287559
5000.0646287559
5000.0646287559
5000.0646287559
5000.0646287559
5000.0646287559
5000.0646287559
5000.0646287559
5000.0646287558
5000.0646287549
5000.0646287402
5000.0646284996
5000.0646249072
5000.0645783631
5000.0640755691
5000.0594922137
5000.0144786956
4999.3632659643
4988.3222285230
4758.0185398050
2112.0108393239
118.0000000000
0.0000000000
0.0000000000
0.0000000000
0.0000000000
0.0000000000
0.0000000000
0.0000000000
0.0000000000
0.0000000000
0.0000000000
0.0000000000
0.0000000000
0.0000000000
0.0000000000
0.0000000000
0.0000000000
0.0000000000
0.0000000000
0.0000000000
0.0000000000
0.0000000000
0.0000000000
0.0000000000
0.0000000000
0.0000000000
0.0000000000
0.0000000000
0.0000000000
0.0000000000
0.0000000000
0.0000000000
0.0000000000
0.0000000000
0.0000000000
0.0000000000
0.0000000000
0.0000000000
0.0000000000
0.0000000000
0.0000000000
0.0000000000
0.0000000000
0.0000000000
0.0000000000
0.0000000000
0.0000000000
0.0000000000
0.0000000000