5000.0435614231
5000.0435614231
5000.0435614231
5000.0435614231
5000.0435614231
5000.0435614231
5000.0435614231
5000.0435614231
5000.0435614231
5000.0435614231
5000.0435614231
5000.0435614231
5000.0435614231
5000.0435614231
5000.0435614231
5000.0435614231
5000.0435614231
5000.0435614231
5000.0435614231
5000.0435614231
5000.0435614231
5000.0435614231
5000.0435614231
5000.0435614231
5000.0435614231
5000.0435614231
5000.0435614231
5000.0435614231
5000.0435614231
5000.0435614231
5000.0435614231
5000.0435614231
5000.0435614231
5000.0435614231
5000.0435614231
5000.0435614231
5000.0435614231
5000.0435614231
5000.0435614231
5000.0435614231
5000.0435614231
5000.0435614230
5000.0435614230
5000.0435614222
5000.0435614140
5000.0435613134
5000.0435597610
5000.0435323012
5000.0430424641
5000.0347946988
4999.9070477629
4998.0199066766
4966.5065469214
4217.8440786823
893.0186443820
87.0000000000
1.0000000000
0.0000000000
0.0000000000
0.0000000000
0.0000000000
0.0000000000
0.0000000000
0.0000000000
0.0000000000
0.0000000000
0.0000000000
0.0000000000
0.0000000000
0.0000000000
0.0000000000
0.0000000000
0.0000000000
0.0000000000
0.0000000000
0.0000000000
0.0000000000
0.0000000000
0.0000000000
0.0000000000
0.0000000000
0.0000000000
0.0000000000
0.0000000000
0.0000000000
0.0000000000
0.0000000000
0.0000000000
0.0000000000
0.0000000000
0.0000000000
0.0000000000
0.0000000000
0.0000000000
0.0000000000
0.0000000000
0.0000000000
0.0000000000
0.0000000000
0.0000000000