5000.0129195455
5000.0129195455
5000.0129195455
5000.0129195455
5000.0129195455
5000.0129195455
5000.0129195455
5000.0129195455
5000.0129195455
5000.0129195455
5000.0129195455
5000.0129195455
5000.0129195455
5000.0129195455
5000.0129195455
5000.0129195455
5000.0129195455
5000.0129195455
5000.0129195455
5000.0129195455
5000.0129195455
5000.0129195455
5000.0129195455
5000.0129195455
5000.0129195455
5000.0129195455
5000.0129195455
5000.0129195455
5000.0129195455
5000.0129195455
5000.0129195455
5000.0129195455
5000.0129195455
5000.0129195455
5000.0129195455
5000.0129195455
5000.0129195455
5000.0129195455
5000.0129195455
5000.0129195455
5000.0129195454
5000.0129195442
5000.0129195278
5000.0129193373
5000.0129173881
5000.0128976411
5000.0126455258
5000.0084249206
4999.9300951948
4998.4803321781
4974.2478812190
4611.3992702916
2013.0152798922
55.0000000000
1.0000000000
0.0000000000
0.0000000000
0.0000000000
0.0000000000
0.0000000000
0.0000000000
0.0000000000
0.0000000000
0.0000000000
0.0000000000
0.0000000000
0.0000000000
0.0000000000
0.0000000000
0.0000000000
0.0000000000
0.0000000000
0.0000000000
0.0000000000
0.0000000000
0.0000000000
0.0000000000
0.0000000000
0.0000000000
0.0000000000
0.0000000000
0.0000000000
0.0000000000
0.0000000000
0.0000000000
0.0000000000
0.0000000000
0.0000000000
0.0000000000
0.0000000000
0.0000000000
0.0000000000
0.0000000000
0.0000000000
0.0000000000
0.0000000000
0.0000000000
0.0000000000
0.0000000000
0.0000000000