5000.0438881735
5000.0438881735
5000.0438881735
5000.0438881735
5000.0438881735
5000.0438881735
5000.0438881735
5000.0438881735
5000.0438881735
5000.0438881735
5000.0438881735
5000.0438881735
5000.0438881735
5000.0438881735
5000.0438881735
5000.0438881735
5000.0438881735
5000.0438881735
5000.0438881735
5000.0438881735
5000.0438881735
5000.0438881735
5000.0438881735
5000.0438881735
5000.0438881735
5000.0438881735
5000.0438881735
5000.0438881735
5000.0438881735
5000.0438881735
5000.0438881735
5000.0438881735
5000.0438881735
5000.0438881735
5000.0438881735
5000.0438881735
5000.0438881735
5000.0438881735
5000.0438881735
5000.0438881735
5000.0438881735
5000.0438881735
5000.0438881735
5000.0438881735
5000.0438881735
5000.0438881735
5000.0438881735
5000.0438881733
5000.0438881703
5000.0438881206
5000.0438872697
5000.0438725539
5000.0436339073
5000.0402929720
5000.0015020517
4999.6008777104
4995.3359781063
4954.4549671009
4526.6487353648
1485.0377028630
284.0000000000
5.0000000000
0.0000000000
0.0000000000
0.0000000000
0.0000000000
0.0000000000
0.0000000000
0.0000000000
0.0000000000
0.0000000000
0.0000000000
0.0000000000
0.0000000000
0.0000000000
0.0000000000
0.0000000000
0.0000000000
0.0000000000
0.0000000000
0.0000000000
0.0000000000
0.0000000000
0.0000000000
0.0000000000
0.0000000000
0.0000000000
0.0000000000
0.0000000000
0.0000000000
0.0000000000
0.0000000000
0.0000000000
0.0000000000
0.0000000000
0.0000000000
0.0000000000
0.0000000000
0.0000000000
0.0000000000