5000.0485108254
5000.0485108254
5000.0485108254
5000.0485108254
5000.0485108254
5000.0485108254
5000.0485108254
5000.0485108254
5000.0485108254
5000.0485108254
5000.0485108254
5000.0485108254
5000.0485108254
5000.0485108254
5000.0485108254
5000.0485108254
5000.0485108254
5000.0485108254
5000.0485108254
5000.0485108254
5000.0485108254
5000.0485108254
5000.0485108254
5000.0485108254
5000.0485108254
5000.0485108254
5000.0485108254
5000.0485108254
5000.0485108254
5000.0485108254
5000.0485108254
5000.0485108254
5000.0485108254
5000.0485108254
5000.0485108254
5000.0485108254
5000.0485108254
5000.0485108254
5000.0485108254
5000.0485108254
5000.0485108254
5000.0485108254
5000.0485108254
5000.0485108254
5000.0485108254
5000.0485108254
5000.0485108254
5000.0485108254
5000.0485108254
5000.0485108254
5000.0485108252
5000.0485108229
5000.0485107917
5000.0485104208
5000.0485064144
5000.0484645401
5000.0480170446
5000.0429095847
4999.9800356177
4999.2819615033
4992.1484707433
4851.3033572598
3258.0312887956
258.4571943269
12.0000000000
0.0000000000
0.0000000000
0.0000000000
0.0000000000
0.0000000000
0.0000000000
0.0000000000
0.0000000000
0.0000000000
0.0000000000
0.0000000000
0.0000000000
0.0000000000
0.0000000000
0.0000000000
0.0000000000
0.0000000000
0.0000000000
0.0000000000
0.0000000000
0.0000000000
0.0000000000
0.0000000000
0.0000000000
0.0000000000
0.0000000000
0.0000000000
0.0000000000
0.0000000000
0.0000000000
0.0000000000
0.0000000000
0.0000000000
0.0000000000
0.0000000000