5000.0304863165
5000.0304863165
5000.0304863165
5000.0304863165
5000.0304863165
5000.0304863165
5000.0304863165
5000.0304863165
5000.0304863165
5000.0304863165
5000.0304863165
5000.0304863165
5000.0304863165
5000.0304863165
5000.0304863165
5000.0304863165
5000.0304863165
5000.0304863165
5000.0304863165
5000.0304863165
5000.0304863165
5000.0304863165
5000.0304863165
5000.0304863165
5000.0304863165
5000.0304863165
5000.0304863165
5000.0304863165
5000.0304863165
5000.0304863165
5000.0304863165
5000.0304863165
5000.0304863165
5000.0304863165
5000.0304863165
5000.0304863165
5000.0304863165
5000.0304863165
5000.0304863165
5000.0304863165
5000.0304863165
5000.0304863165
5000.0304863165
5000.0304863165
5000.0304863165
5000.0304863165
5000.0304863165
5000.0304863165
5000.0304863165
5000.0304863165
5000.0304863156
5000.0304863018
5000.0304861110
5000.0304837921
5000.0304585355
5000.0301955432
5000.0274232014
4999.9965168221
4999.6069374415
4995.0934561097
4959.0786351295
4166.2013614554
1042.0098390480
19.0000000000
1.0000000000
0.0000000000
0.0000000000
0.0000000000
0.0000000000
0.0000000000
0.0000000000
0.0000000000
0.0000000000
0.0000000000
0.0000000000
0.0000000000
0.0000000000
0.0000000000
0.0000000000
0.0000000000
0.0000000000
0.0000000000
0.0000000000
0.0000000000
0.0000000000
0.0000000000
0.0000000000
0.0000000000
0.0000000000
0.0000000000
0.0000000000
0.0000000000
0.0000000000
0.0000000000
0.0000000000
0.0000000000
0.0000000000
0.0000000000
0.0000000000
0.0000000000