5054.0000000000
4892.0000000000
4961.0000000000
4888.0000000000
4974.0000000000
4877.0000000000
5037.0000000000
5002.0000000000
4970.0000000000
5102.0000000000
5074.0000000000
4944.0000000000
5054.0000000000
4924.0000000000
5005.0000000000
4985.0000000000
4899.0000000000
5034.0000000000
5112.0000000000
4916.0000000000
4879.0000000000
5006.0000000000
5107.0000000000
5013.0000000000
5113.0000000000
5059.0000000000
4938.0000000000
4977.0000000000
5093.0000000000
4927.0000000000
5021.0000000000
5040.0000000000
4268.0000000000
680.0000000000
59.0000000000
0.0000000000
0.0000000000
0.0000000000
0.0000000000
0.0000000000
0.0000000000
0.0000000000
0.0000000000
0.0000000000
0.0000000000
0.0000000000
0.0000000000
0.0000000000
0.0000000000
0.0000000000
0.0000000000
0.0000000000
0.0000000000
0.0000000000
0.0000000000
0.0000000000
0.0000000000
0.0000000000
0.0000000000
0.0000000000
0.0000000000
0.0000000000
0.0000000000
0.0000000000
0.0000000000
0.0000000000
0.0000000000
0.0000000000
0.0000000000
0.0000000000
0.0000000000
0.0000000000
0.0000000000
0.0000000000
0.0000000000
0.0000000000
0.0000000000
0.0000000000
0.0000000000
0.0000000000
0.0000000000
0.0000000000
0.0000000000
0.0000000000
0.0000000000
0.0000000000
0.0000000000
0.0000000000
0.0000000000
0.0000000000
0.0000000000
0.0000000000
0.0000000000
0.0000000000
0.0000000000
0.0000000000
0.0000000000
0.0000000000
0.0000000000
0.0000000000