5004.0000000000
5041.0000000000
4939.0000000000
4980.0000000000
5023.0000000000
4872.0000000000
5153.0000000000
5027.0000000000
4979.0000000000
4889.0000000000
5006.0000000000
4925.0000000000
5021.0000000000
5094.0000000000
4975.0000000000
5149.0000000000
4958.0000000000
4972.0000000000
4959.0000000000
4964.0000000000
4930.0000000000
5022.0000000000
4945.0000000000
4929.0000000000
4955.0000000000
4969.0000000000
4892.0000000000
4851.0000000000
5015.0000000000
4994.0000000000
5103.0000000000
5003.0000000000
4999.0000000000
4830.0000000000
5119.0000000000
4914.0000000000
4945.0000000000
5053.0000000000
4812.0000000000
4321.0000000000
759.0000000000
17.0000000000
0.0000000000
0.0000000000
0.0000000000
0.0000000000
0.0000000000
0.0000000000
0.0000000000
0.0000000000
0.0000000000
0.0000000000
0.0000000000
0.0000000000
0.0000000000
0.0000000000
0.0000000000
0.0000000000
0.0000000000
0.0000000000
0.0000000000
0.0000000000
0.0000000000
0.0000000000
0.0000000000
0.0000000000
0.0000000000
0.0000000000
0.0000000000
0.0000000000
0.0000000000
0.0000000000
0.0000000000
0.0000000000
0.0000000000
0.0000000000
0.0000000000
0.0000000000
0.0000000000
0.0000000000
0.0000000000
0.0000000000
0.0000000000
0.0000000000
0.0000000000
0.0000000000
0.0000000000
0.0000000000
0.0000000000
0.0000000000
0.0000000000
0.0000000000
0.0000000000
0.0000000000
0.0000000000
0.0000000000
0.0000000000
0.0000000000
0.0000000000
0.0000000000