5000.0289484910
5000.0289484910
5000.0289484910
5000.0289484910
5000.0289484910
5000.0289484910
5000.0289484910
5000.0289484910
5000.0289484910
5000.0289484910
5000.0289484910
5000.0289484910
5000.0289484910
5000.0289484910
5000.0289484910
5000.0289484910
5000.0289484910
5000.0289484910
5000.0289484910
5000.0289484910
5000.0289484910
5000.0289484910
5000.0289484908
5000.0289484868
5000.0289484195
5000.0289472920
5000.0289282808
5000.0285958687
5000.0225269246
4999.9100763291
4997.9315289949
4970.6034335456
4850.2849800015
3018.6240149954
173.6428330860
0.0000000000
0.0000000000
0.0000000000
0.0000000000
0.0000000000
0.0000000000
0.0000000000
0.0000000000
0.0000000000
0.0000000000
0.0000000000
0.0000000000
0.0000000000
0.0000000000
0.0000000000
0.0000000000
0.0000000000
0.0000000000
0.0000000000
0.0000000000
0.0000000000
0.0000000000
0.0000000000
0.0000000000
0.0000000000
0.0000000000
0.0000000000
0.0000000000
0.0000000000
0.0000000000
0.0000000000
0.0000000000
0.0000000000
0.0000000000
0.0000000000
0.0000000000
0.0000000000
0.0000000000
0.0000000000
0.0000000000
0.0000000000
0.0000000000
0.0000000000
0.0000000000
0.0000000000
0.0000000000
0.0000000000
0.0000000000
0.0000000000
0.0000000000
0.0000000000
0.0000000000
0.0000000000
0.0000000000
0.0000000000
0.0000000000
0.0000000000
0.0000000000
0.0000000000
0.0000000000
0.0000000000
0.0000000000
0.0000000000
0.0000000000
0.0000000000