4999.9275746655
4999.9275746655
4999.9275746655
4999.9275746655
4999.9275746655
4999.9275746655
4999.9275746655
4999.9275746655
4999.9275746655
4999.9275746655
4999.9275746655
4999.9275746655
4999.9275746655
4999.9275746655
4999.9275746655
4999.9275746655
4999.9275746655
4999.9275746655
4999.9275746655
4999.9275746655
4999.9275746655
4999.9275746655
4999.9275746655
4999.9275746655
4999.9275746654
4999.9275746641
4999.9275746416
4999.9275742421
4999.9275673758
4999.9274604129
4999.9260731376
4999.9118863627
4999.7614397607
4996.9939648067
4945.2695321928
3961.7413209914
1046.0745184335
26.0000000000
0.0000000000
0.0000000000
0.0000000000
0.0000000000
0.0000000000
0.0000000000
0.0000000000
0.0000000000
0.0000000000
0.0000000000
0.0000000000
0.0000000000
0.0000000000
0.0000000000
0.0000000000
0.0000000000
0.0000000000
0.0000000000
0.0000000000
0.0000000000
0.0000000000
0.0000000000
0.0000000000
0.0000000000
0.0000000000
0.0000000000
0.0000000000
0.0000000000
0.0000000000
0.0000000000
0.0000000000
0.0000000000
0.0000000000
0.0000000000
0.0000000000
0.0000000000
0.0000000000
0.0000000000
0.0000000000
0.0000000000
0.0000000000
0.0000000000
0.0000000000
0.0000000000
0.0000000000
0.0000000000
0.0000000000
0.0000000000
0.0000000000
0.0000000000
0.0000000000
0.0000000000
0.0000000000
0.0000000000
0.0000000000
0.0000000000
0.0000000000
0.0000000000
0.0000000000
0.0000000000
0.0000000000
0.0000000000