4999.8818106298
4999.8818106298
4999.8818106298
4999.8818106298
4999.8818106298
4999.8818106298
4999.8818106298
4999.8818106298
4999.8818106298
4999.8818106298
4999.8818106298
4999.8818106298
4999.8818106298
4999.8818106298
4999.8818106298
4999.8818106298
4999.8818106298
4999.8818106298
4999.8818106298
4999.8818106298
4999.8818106298
4999.8818106298
4999.8818106298
4999.8818106298
4999.8818106297
4999.8818106295
4999.8818106253
4999.8818105526
4999.8818093438
4999.8817914440
4999.8815698596
4999.8792525409
4999.8509523065
4999.3264223509
4989.4345039019
4812.0276148994
3280.5870056126
342.4668691119
4.0000000000
0.0000000000
0.0000000000
0.0000000000
0.0000000000
0.0000000000
0.0000000000
0.0000000000
0.0000000000
0.0000000000
0.0000000000
0.0000000000
0.0000000000
0.0000000000
0.0000000000
0.0000000000
0.0000000000
0.0000000000
0.0000000000
0.0000000000
0.0000000000
0.0000000000
0.0000000000
0.0000000000
0.0000000000
0.0000000000
0.0000000000
0.0000000000
0.0000000000
0.0000000000
0.0000000000
0.0000000000
0.0000000000
0.0000000000
0.0000000000
0.0000000000
0.0000000000
0.0000000000
0.0000000000
0.0000000000
0.0000000000
0.0000000000
0.0000000000
0.0000000000
0.0000000000
0.0000000000
0.0000000000
0.0000000000
0.0000000000
0.0000000000
0.0000000000
0.0000000000
0.0000000000
0.0000000000
0.0000000000
0.0000000000
0.0000000000
0.0000000000
0.0000000000
0.0000000000
0.0000000000
0.0000000000