5000.1389825661
5000.1389825661
5000.1389825661
5000.1389825661
5000.1389825661
5000.1389825661
5000.1389825661
5000.1389825661
5000.1389825661
5000.1389825661
5000.1389825661
5000.1389825661
5000.1389825661
5000.1389825661
5000.1389825661
5000.1389825661
5000.1389825661
5000.1389825661
5000.1389825661
5000.1389825661
5000.1389825661
5000.1389825661
5000.1389825661
5000.1389825661
5000.1389825661
5000.1389825661
5000.1389825659
5000.1389825636
5000.1389825276
5000.1389820382
5000.1389762321
5000.1389087174
5000.1379061592
5000.1195245363
4999.7983494389
4994.9662864312
4936.0825171916
4001.7909656766
942.0390168848
7.0000000000
0.0000000000
0.0000000000
0.0000000000
0.0000000000
0.0000000000
0.0000000000
0.0000000000
0.0000000000
0.0000000000
0.0000000000
0.0000000000
0.0000000000
0.0000000000
0.0000000000
0.0000000000
0.0000000000
0.0000000000
0.0000000000
0.0000000000
0.0000000000
0.0000000000
0.0000000000
0.0000000000
0.0000000000
0.0000000000
0.0000000000
0.0000000000
0.0000000000
0.0000000000
0.0000000000
0.0000000000
0.0000000000
0.0000000000
0.0000000000
0.0000000000
0.0000000000
0.0000000000
0.0000000000
0.0000000000
0.0000000000
0.0000000000
0.0000000000
0.0000000000
0.0000000000
0.0000000000
0.0000000000
0.0000000000
0.0000000000
0.0000000000
0.0000000000
0.0000000000
0.0000000000
0.0000000000
0.0000000000
0.0000000000
0.0000000000
0.0000000000
0.0000000000
0.0000000000
0.0000000000