5000.0019482576
5000.0019482576
5000.0019482576
5000.0019482576
5000.0019482576
5000.0019482576
5000.0019482576
5000.0019482576
5000.0019482576
5000.0019482576
5000.0019482576
5000.0019482576
5000.0019482576
5000.0019482576
5000.0019482576
5000.0019482576
5000.0019482576
5000.0019482576
5000.0019482576
5000.0019482576
5000.0019482576
5000.0019482576
5000.0019482576
5000.0019482576
5000.0019482576
5000.0019482576
5000.0019482576
5000.0019482576
5000.0019482576
5000.0019482576
5000.0019482576
5000.0019482576
5000.0019482576
5000.0019482576
5000.0019482576
5000.0019482576
5000.0019482576
5000.0019482576
5000.0019482576
5000.0019482576
5000.0019482576
5000.0019482576
5000.0019482576
5000.0019482576
5000.0019482574
5000.0019482555
5000.0019482345
5000.0019479602
5000.0019439026
5000.0018779799
5000.0006975329
4999.9787069660
4999.5715310142
4991.7860318063
4833.5648055464
1657.0248086715
275.0000000000
1.0000000000
0.0000000000
0.0000000000
0.0000000000
0.0000000000
0.0000000000
0.0000000000
0.0000000000
0.0000000000
0.0000000000
0.0000000000
0.0000000000
0.0000000000
0.0000000000
0.0000000000
0.0000000000
0.0000000000
0.0000000000
0.0000000000
0.0000000000
0.0000000000
0.0000000000
0.0000000000
0.0000000000
0.0000000000
0.0000000000
0.0000000000
0.0000000000
0.0000000000
0.0000000000
0.0000000000
0.0000000000
0.0000000000
0.0000000000
0.0000000000
0.0000000000
0.0000000000
0.0000000000
0.0000000000
0.0000000000
0.0000000000
0.0000000000
0.0000000000