5000.0219216456
5000.0219216456
5000.0219216456
5000.0219216456
5000.0219216456
5000.0219216456
5000.0219216456
5000.0219216456
5000.0219216456
5000.0219216456
5000.0219216456
5000.0219216456
5000.0219216456
5000.0219216456
5000.0219216456
5000.0219216456
5000.0219216456
5000.0219216456
5000.0219216456
5000.0219216456
5000.0219216456
5000.0219216456
5000.0219216456
5000.0219216456
5000.0219216456
5000.0219216456
5000.0219216456
5000.0219216456
5000.0219216456
5000.0219216456
5000.0219216456
5000.0219216456
5000.0219216456
5000.0219216456
5000.0219216456
5000.0219216456
5000.0219216456
5000.0219216456
5000.0219216456
5000.0219216454
5000.0219216435
5000.0219216224
5000.0219213287
5000.0219168209
5000.0218545650
5000.0211245760
5000.0141678106
4999.9510956874
4999.0954523663
4986.9289687024
4849.1480151485
2800.7836163634
149.1298595281
1.0000000000
0.0000000000
0.0000000000
0.0000000000
0.0000000000
0.0000000000
0.0000000000
0.0000000000
0.0000000000
0.0000000000
0.0000000000
0.0000000000
0.0000000000
0.0000000000
0.0000000000
0.0000000000
0.0000000000
0.0000000000
0.0000000000
0.0000000000
0.0000000000
0.0000000000
0.0000000000
0.0000000000
0.0000000000
0.0000000000
0.0000000000
0.0000000000
0.0000000000
0.0000000000
0.0000000000
0.0000000000
0.0000000000
0.0000000000
0.0000000000
0.0000000000
0.0000000000
0.0000000000
0.0000000000
0.0000000000
0.0000000000
0.0000000000
0.0000000000
0.0000000000
0.0000000000
0.0000000000
0.0000000000