4999.9864174554
4999.9864174554
4999.9864174554
4999.9864174554
4999.9864174554
4999.9864174554
4999.9864174554
4999.9864174554
4999.9864174554
4999.9864174554
4999.9864174554
4999.9864174554
4999.9864174554
4999.9864174554
4999.9864174554
4999.9864174554
4999.9864174548
4999.9864174450
4999.9864172687
4999.9864141821
4999.9863618700
4999.9855035516
4999.9717418214
4999.7520727679
4996.2403037523
4940.4909919940
4021.2731562443
1066.0468069013
29.0000000000
0.0000000000
0.0000000000
0.0000000000
0.0000000000
0.0000000000
0.0000000000
0.0000000000
0.0000000000
0.0000000000
0.0000000000
0.0000000000
0.0000000000
0.0000000000
0.0000000000
0.0000000000
0.0000000000
0.0000000000
0.0000000000
0.0000000000
0.0000000000
0.0000000000
0.0000000000
0.0000000000
0.0000000000
0.0000000000
0.0000000000
0.0000000000
0.0000000000
0.0000000000
0.0000000000
0.0000000000
0.0000000000
0.0000000000
0.0000000000
0.0000000000
0.0000000000
0.0000000000
0.0000000000
0.0000000000
0.0000000000
0.0000000000
0.0000000000
0.0000000000
0.0000000000
0.0000000000
0.0000000000
0.0000000000
0.0000000000
0.0000000000
0.0000000000
0.0000000000
0.0000000000
0.0000000000
0.0000000000
0.0000000000
0.0000000000
0.0000000000
0.0000000000
0.0000000000
0.0000000000
0.0000000000
0.0000000000
0.0000000000
0.0000000000
0.0000000000
0.0000000000
0.0000000000
0.0000000000
0.0000000000
0.0000000000
0.0000000000