4999.8823646753
4999.8823646753
4999.8823646753
4999.8823646753
4999.8823646753
4999.8823646753
4999.8823646753
4999.8823646753
4999.8823646753
4999.8823646753
4999.8823646753
4999.8823646753
4999.8823646753
4999.8823646753
4999.8823646753
4999.8823646753
4999.8823646753
4999.8823646753
4999.8823646753
4999.8823646753
4999.8823646753
4999.8823646753
4999.8823646753
4999.8823646751
4999.8823646719
4999.8823646219
4999.8823637978
4999.8823499515
4999.8821310995
4999.8792190406
4999.8497050921
4999.5626855884
4994.3551187882
4908.7564230109
3352.7408588966
583.0155514992
51.0000000000
0.0000000000
0.0000000000
0.0000000000
0.0000000000
0.0000000000
0.0000000000
0.0000000000
0.0000000000
0.0000000000
0.0000000000
0.0000000000
0.0000000000
0.0000000000
0.0000000000
0.0000000000
0.0000000000
0.0000000000
0.0000000000
0.0000000000
0.0000000000
0.0000000000
0.0000000000
0.0000000000
0.0000000000
0.0000000000
0.0000000000
0.0000000000
0.0000000000
0.0000000000
0.0000000000
0.0000000000
0.0000000000
0.0000000000
0.0000000000
0.0000000000
0.0000000000
0.0000000000
0.0000000000
0.0000000000
0.0000000000
0.0000000000
0.0000000000
0.0000000000
0.0000000000
0.0000000000
0.0000000000
0.0000000000
0.0000000000
0.0000000000
0.0000000000
0.0000000000
0.0000000000
0.0000000000
0.0000000000
0.0000000000
0.0000000000
0.0000000000
0.0000000000
0.0000000000
0.0000000000
0.0000000000
0.0000000000
0.0000000000