5000.0112814716
5000.0112814716
5000.0112814716
5000.0112814716
5000.0112814716
5000.0112814716
5000.0112814716
5000.0112814716
5000.0112814716
5000.0112814716
5000.0112814716
5000.0112814716
5000.0112814716
5000.0112814716
5000.0112814716
5000.0112814716
5000.0112814716
5000.0112814716
5000.0112814716
5000.0112814716
5000.0112814716
5000.0112814716
5000.0112814716
5000.0112814716
5000.0112814716
5000.0112814716
5000.0112814716
5000.0112814712
5000.0112814668
5000.0112814130
5000.0112807046
5000.0112695662
5000.0110863452
5000.0083581576
4999.9738069869
4999.5981938913
4995.1485374699
4932.6708613283
4108.1837391328
383.1044896061
3.0000000000
0.0000000000
0.0000000000
0.0000000000
0.0000000000
0.0000000000
0.0000000000
0.0000000000
0.0000000000
0.0000000000
0.0000000000
0.0000000000
0.0000000000
0.0000000000
0.0000000000
0.0000000000
0.0000000000
0.0000000000
0.0000000000
0.0000000000
0.0000000000
0.0000000000
0.0000000000
0.0000000000
0.0000000000
0.0000000000
0.0000000000
0.0000000000
0.0000000000
0.0000000000
0.0000000000
0.0000000000
0.0000000000
0.0000000000
0.0000000000
0.0000000000
0.0000000000
0.0000000000
0.0000000000
0.0000000000
0.0000000000
0.0000000000
0.0000000000
0.0000000000
0.0000000000
0.0000000000
0.0000000000
0.0000000000
0.0000000000
0.0000000000
0.0000000000
0.0000000000
0.0000000000
0.0000000000
0.0000000000
0.0000000000
0.0000000000
0.0000000000
0.0000000000
0.0000000000