4999.9577983434
4999.9577983434
4999.9577983434
4999.9577983434
4999.9577983434
4999.9577983434
4999.9577983434
4999.9577983434
4999.9577983434
4999.9577983434
4999.9577983434
4999.9577983434
4999.9577983434
4999.9577983434
4999.9577983434
4999.9577983434
4999.9577983434
4999.9577983434
4999.9577983434
4999.9577983434
4999.9577983434
4999.9577983434
4999.9577983434
4999.9577983434
4999.9577983434
4999.9577983434
4999.9577983434
4999.9577983434
4999.9577983434
4999.9577983434
4999.9577983434
4999.9577983434
4999.9577983434
4999.9577983434
4999.9577983434
4999.9577983434
4999.9577983434
4999.9577983433
4999.9577983403
4999.9577982836
4999.9577971657
4999.9577755468
4999.9573898438
4999.9514858788
4999.8778906704
4999.0688029189
4988.1763110118
4813.7860989544
2112.0498332931
96.0659480068
1.0000000000
0.0000000000
0.0000000000
0.0000000000
0.0000000000
0.0000000000
0.0000000000
0.0000000000
0.0000000000
0.0000000000
0.0000000000
0.0000000000
0.0000000000
0.0000000000
0.0000000000
0.0000000000
0.0000000000
0.0000000000
0.0000000000
0.0000000000
0.0000000000
0.0000000000
0.0000000000
0.0000000000
0.0000000000
0.0000000000
0.0000000000
0.0000000000
0.0000000000
0.0000000000
0.0000000000
0.0000000000
0.0000000000
0.0000000000
0.0000000000
0.0000000000
0.0000000000
0.0000000000
0.0000000000
0.0000000000
0.0000000000
0.0000000000
0.0000000000
0.0000000000
0.0000000000
0.0000000000
0.0000000000
0.0000000000
0.0000000000
0.0000000000