5000.1051601932
5000.1051601932
5000.1051601932
5000.1051601932
5000.1051601932
5000.1051601932
5000.1051601932
5000.1051601932
5000.1051601932
5000.1051601932
5000.1051601932
5000.1051601932
5000.1051601932
5000.1051601932
5000.1051601932
5000.1051601932
5000.1051601932
5000.1051601932
5000.1051601932
5000.1051601932
5000.1051601932
5000.1051601932
5000.1051601932
5000.1051601932
5000.1051601932
5000.1051601932
5000.1051601932
5000.1051601932
5000.1051601932
5000.1051601932
5000.1051601932
5000.1051601932
5000.1051601931
5000.1051601929
5000.1051601894
5000.1051601364
5000.1051592083
5000.1051417331
5000.1048088782
5000.0985574487
4999.9828360756
4997.8836951040
4957.7760227412
3956.4929629214
465.0851809150
30.0000000000
0.0000000000
0.0000000000
0.0000000000
0.0000000000
0.0000000000
0.0000000000
0.0000000000
0.0000000000
0.0000000000
0.0000000000
0.0000000000
0.0000000000
0.0000000000
0.0000000000
0.0000000000
0.0000000000
0.0000000000
0.0000000000
0.0000000000
0.0000000000
0.0000000000
0.0000000000
0.0000000000
0.0000000000
0.0000000000
0.0000000000
0.0000000000
0.0000000000
0.0000000000
0.0000000000
0.0000000000
0.0000000000
0.0000000000
0.0000000000
0.0000000000
0.0000000000
0.0000000000
0.0000000000
0.0000000000
0.0000000000
0.0000000000
0.0000000000
0.0000000000
0.0000000000
0.0000000000
0.0000000000
0.0000000000
0.0000000000
0.0000000000
0.0000000000
0.0000000000
0.0000000000
0.0000000000
0.0000000000