5000.2547679549
5000.2547679549
5000.2547679549
5000.2547679549
5000.2547679549
5000.2547679549
5000.2547679549
5000.2547679549
5000.2547679549
5000.2547679549
5000.2547679549
5000.2547679549
5000.2547679549
5000.2547679549
5000.2547679549
5000.2547679549
5000.2547679549
5000.2547679549
5000.2547679549
5000.2547679549
5000.2547679549
5000.2547679549
5000.2547679549
5000.2547679549
5000.2547679549
5000.2547679549
5000.2547679549
5000.2547679549
5000.2547679549
5000.2547679549
5000.2547679549
5000.2547679549
5000.2547679549
5000.2547679549
5000.2547679549
5000.2547679549
5000.2547679547
5000.2547679504
5000.2547678698
5000.2547663322
5000.2547361087
5000.2541263820
5000.2421239835
5000.0323103838
4997.1395480684
4968.1761928398
4628.4169379339
1792.0116280050
48.0000000000
0.0000000000
0.0000000000
0.0000000000
0.0000000000
0.0000000000
0.0000000000
0.0000000000
0.0000000000
0.0000000000
0.0000000000
0.0000000000
0.0000000000
0.0000000000
0.0000000000
0.0000000000
0.0000000000
0.0000000000
0.0000000000
0.0000000000
0.0000000000
0.0000000000
0.0000000000
0.0000000000
0.0000000000
0.0000000000
0.0000000000
0.0000000000
0.0000000000
0.0000000000
0.0000000000
0.0000000000
0.0000000000
0.0000000000
0.0000000000
0.0000000000
0.0000000000
0.0000000000
0.0000000000
0.0000000000
0.0000000000
0.0000000000
0.0000000000
0.0000000000
0.0000000000
0.0000000000
0.0000000000
0.0000000000
0.0000000000
0.0000000000
0.0000000000
0.0000000000