4999.9487301805
4999.9487301805
4999.9487301805
4999.9487301805
4999.9487301805
4999.9487301805
4999.9487301805
4999.9487301805
4999.9487301805
4999.9487301805
4999.9487301805
4999.9487301805
4999.9487301805
4999.9487301805
4999.9487301805
4999.9487301805
4999.9487301805
4999.9487301805
4999.9487301805
4999.9487301805
4999.9487301805
4999.9487301805
4999.9487301805
4999.9487301805
4999.9487301805
4999.9487301805
4999.9487301805
4999.9487301805
4999.9487301805
4999.9487301805
4999.9487301805
4999.9487301804
4999.9487301803
4999.9487301788
4999.9487301589
4999.9487298690
4999.9487249448
4999.9486328141
4999.9468683229
4999.9135778210
4999.2911580493
4987.9678487712
4797.3174606371
1720.0254419822
58.0000000000
4.0000000000
0.0000000000
0.0000000000
0.0000000000
0.0000000000
0.0000000000
0.0000000000
0.0000000000
0.0000000000
0.0000000000
0.0000000000
0.0000000000
0.0000000000
0.0000000000
0.0000000000
0.0000000000
0.0000000000
0.0000000000
0.0000000000
0.0000000000
0.0000000000
0.0000000000
0.0000000000
0.0000000000
0.0000000000
0.0000000000
0.0000000000
0.0000000000
0.0000000000
0.0000000000
0.0000000000
0.0000000000
0.0000000000
0.0000000000
0.0000000000
0.0000000000
0.0000000000
0.0000000000
0.0000000000
0.0000000000
0.0000000000
0.0000000000
0.0000000000
0.0000000000
0.0000000000
0.0000000000
0.0000000000
0.0000000000
0.0000000000
0.0000000000
0.0000000000
0.0000000000
0.0000000000
0.0000000000
0.0000000000