5000.0243908407
5000.0243908407
5000.0243908407
5000.0243908407
5000.0243908407
5000.0243908407
5000.0243908407
5000.0243908407
5000.0243908407
5000.0243908407
5000.0243908407
5000.0243908407
5000.0243908407
5000.0243908407
5000.0243908407
5000.0243908407
5000.0243908407
5000.0243908407
5000.0243908407
5000.0243908407
5000.0243908407
5000.0243908407
5000.0243908407
5000.0243908407
5000.0243908407
5000.0243908407
5000.0243908407
5000.0243908407
5000.0243908407
5000.0243908407
5000.0243908407
5000.0243908407
5000.0243908407
5000.0243908407
5000.0243908407
5000.0243908407
5000.0243908407
5000.0243908407
5000.0243908407
5000.0243908403
5000.0243908330
5000.0243907054
5000.0243887259
5000.0243619466
5000.0240332993
5000.0197322986
4999.9495674400
4998.6202388993
4973.5404478043
4569.5890170141
1188.0207053404
73.0000000000
3.0000000000
0.0000000000
0.0000000000
0.0000000000
0.0000000000
0.0000000000
0.0000000000
0.0000000000
0.0000000000
0.0000000000
0.0000000000
0.0000000000
0.0000000000
0.0000000000
0.0000000000
0.0000000000
0.0000000000
0.0000000000
0.0000000000
0.0000000000
0.0000000000
0.0000000000
0.0000000000
0.0000000000
0.0000000000
0.0000000000
0.0000000000
0.0000000000
0.0000000000
0.0000000000
0.0000000000
0.0000000000
0.0000000000
0.0000000000
0.0000000000
0.0000000000
0.0000000000
0.0000000000
0.0000000000
0.0000000000
0.0000000000
0.0000000000
0.0000000000
0.0000000000
0.0000000000
0.0000000000
0.0000000000
0.0000000000