4999.9571010436
4999.9571010436
4999.9571010436
4999.9571010436
4999.9571010436
4999.9571010436
4999.9571010436
4999.9571010436
4999.9571010436
4999.9571010436
4999.9571010436
4999.9571010436
4999.9571010436
4999.9571010436
4999.9571010436
4999.9571010436
4999.9571010436
4999.9571010436
4999.9571010436
4999.9571010436
4999.9571010436
4999.9571010436
4999.9571010436
4999.9571010436
4999.9571010436
4999.9571010436
4999.9571010436
4999.9571010436
4999.9571010436
4999.9571010436
4999.9571010436
4999.9571010436
4999.9571010436
4999.9571010436
4999.9571010436
4999.9571010436
4999.9571010436
4999.9571010436
4999.9571010436
4999.9571010436
4999.9571010436
4999.9571010436
4999.9571010433
4999.9571010396
4999.9571009849
4999.9571000735
4999.9570836997
4999.9567889197
4999.9516267798
4999.8655365387
4998.5969364373
4983.6024115497
4819.0070812978
2168.3166807736
94.1165485204
2.0000000000
0.0000000000
0.0000000000
0.0000000000
0.0000000000
0.0000000000
0.0000000000
0.0000000000
0.0000000000
0.0000000000
0.0000000000
0.0000000000
0.0000000000
0.0000000000
0.0000000000
0.0000000000
0.0000000000
0.0000000000
0.0000000000
0.0000000000
0.0000000000
0.0000000000
0.0000000000
0.0000000000
0.0000000000
0.0000000000
0.0000000000
0.0000000000
0.0000000000
0.0000000000
0.0000000000
0.0000000000
0.0000000000
0.0000000000
0.0000000000
0.0000000000
0.0000000000
0.0000000000
0.0000000000
0.0000000000
0.0000000000
0.0000000000
0.0000000000
0.0000000000
0.0000000000