4999.8529163193
4999.8529163193
4999.8529163193
4999.8529163193
4999.8529163193
4999.8529163193
4999.8529163193
4999.8529163193
4999.8529163193
4999.8529163193
4999.8529163193
4999.8529163193
4999.8529163193
4999.8529163193
4999.8529163193
4999.8529163193
4999.8529163193
4999.8529163193
4999.8529163193
4999.8529163193
4999.8529163193
4999.8529163193
4999.8529163193
4999.8529163193
4999.8529163193
4999.8529163193
4999.8529163193
4999.8529163193
4999.8529163193
4999.8529163193
4999.8529163193
4999.8529163193
4999.8529163193
4999.8529163193
4999.8529163193
4999.8529163193
4999.8529163193
4999.8529163193
4999.8529163193
4999.8529163193
4999.8529163193
4999.8529163193
4999.8529163193
4999.8529163193
4999.8529163190
4999.8529163132
4999.8529162103
4999.8529144371
4999.8528855550
4999.8524550804
4999.8466751366
4999.7695165622
4998.4773711474
4972.7034043166
4494.6052203226
1157.1075352462
38.0000000000
0.0000000000
0.0000000000
0.0000000000
0.0000000000
0.0000000000
0.0000000000
0.0000000000
0.0000000000
0.0000000000
0.0000000000
0.0000000000
0.0000000000
0.0000000000
0.0000000000
0.0000000000
0.0000000000
0.0000000000
0.0000000000
0.0000000000
0.0000000000
0.0000000000
0.0000000000
0.0000000000
0.0000000000
0.0000000000
0.0000000000
0.0000000000
0.0000000000
0.0000000000
0.0000000000
0.0000000000
0.0000000000
0.0000000000
0.0000000000
0.0000000000
0.0000000000
0.0000000000
0.0000000000
0.0000000000
0.0000000000
0.0000000000
0.0000000000
0.0000000000