4999.9809143312
4999.9809143312
4999.9809143312
4999.9809143312
4999.9809143312
4999.9809143312
4999.9809143312
4999.9809143312
4999.9809143312
4999.9809143312
4999.9809143312
4999.9809143312
4999.9809143312
4999.9809143312
4999.9809143312
4999.9809143312
4999.9809143312
4999.9809143312
4999.9809143312
4999.9809143312
4999.9809143312
4999.9809143312
4999.9809143312
4999.9809143312
4999.9809143312
4999.9809143312
4999.9809143312
4999.9809143312
4999.9809143312
4999.9809143312
4999.9809143312
4999.9809143312
4999.9809143312
4999.9809143312
4999.9809143312
4999.9809143312
4999.9809143312
4999.9809143312
4999.9809143312
4999.9809143312
4999.9809143312
4999.9809143312
4999.9809143312
4999.9809143310
4999.9809143292
4999.9809142978
4999.9809137370
4999.9809038964
4999.9807391573
4999.9782003689
4999.9437290038
4999.5124452292
4992.8514219396
4857.2645845868
2798.0996104890
164.0904207791
2.0000000000
0.0000000000
0.0000000000
0.0000000000
0.0000000000
0.0000000000
0.0000000000
0.0000000000
0.0000000000
0.0000000000
0.0000000000
0.0000000000
0.0000000000
0.0000000000
0.0000000000
0.0000000000
0.0000000000
0.0000000000
0.0000000000
0.0000000000
0.0000000000
0.0000000000
0.0000000000
0.0000000000
0.0000000000
0.0000000000
0.0000000000
0.0000000000
0.0000000000
0.0000000000
0.0000000000
0.0000000000
0.0000000000
0.0000000000
0.0000000000
0.0000000000
0.0000000000
0.0000000000
0.0000000000
0.0000000000
0.0000000000
0.0000000000
0.0000000000
0.0000000000