4999.9460467730
4999.9460467730
4999.9460467730
4999.9460467730
4999.9460467730
4999.9460467730
4999.9460467730
4999.9460467730
4999.9460467730
4999.9460467730
4999.9460467730
4999.9460467730
4999.9460467730
4999.9460467730
4999.9460467730
4999.9460467730
4999.9460467730
4999.9460467730
4999.9460467730
4999.9460467730
4999.9460467730
4999.9460467730
4999.9460467730
4999.9460467730
4999.9460467730
4999.9460467730
4999.9460467730
4999.9460467730
4999.9460467730
4999.9460467730
4999.9460467730
4999.9460467730
4999.9460467730
4999.9460467730
4999.9460467730
4999.9460467730
4999.9460467730
4999.9460467730
4999.9460467730
4999.9460467730
4999.9460467730
4999.9460467730
4999.9460467730
4999.9460467730
4999.9460467730
4999.9460467729
4999.9460467723
4999.9460467623
4999.9460466115
4999.9460444612
4999.9460137635
4999.9455215599
4999.9364728533
4999.7653546159
4996.6326893113
4942.1931618753
4152.7091309205
1210.0653012411
66.0000000000
1.0000000000
0.0000000000
0.0000000000
0.0000000000
0.0000000000
0.0000000000
0.0000000000
0.0000000000
0.0000000000
0.0000000000
0.0000000000
0.0000000000
0.0000000000
0.0000000000
0.0000000000
0.0000000000
0.0000000000
0.0000000000
0.0000000000
0.0000000000
0.0000000000
0.0000000000
0.0000000000
0.0000000000
0.0000000000
0.0000000000
0.0000000000
0.0000000000
0.0000000000
0.0000000000
0.0000000000
0.0000000000
0.0000000000
0.0000000000
0.0000000000
0.0000000000
0.0000000000
0.0000000000
0.0000000000
0.0000000000
0.0000000000