0 0.019854
1 0.019854
2 0.019854
3 0.019854
4 0.019893
5 0.023321
6 0.023344
7 0.023344
8 0.023344
9 0.023344
10 0.023344
11 0.023344
12 0.023344
13 0.023344
14 0.023344
15 0.023344
16 0.023344
17 0.023344
18 0.023344
19 0.023344
20 0.023344
21 0.023344
22 0.023344
23 0.023344
24 0.023344
25 0.023344
26 0.023344
27 0.023344
28 0.023344
29 0.023344
30 0.023344
31 0.023344
32 0.023344
33 0.023344
34 0.023344
35 0.023344
36 0.023344
37 0.023344
38 0.023344
39 0.023344
40 0.023344
41 0.023344
42 0.023344
43 0.023344
44 0.023344
45 0.023344
46 0.023344
47 0.023344
48 0.023344
49 0.023344
50 0.023344
51 0.023344
52 0.023344
53 0.023344
54 0.023344
55 0.023344
56 0.023344
57 0.023344
58 0.023344
59 0.023344
60 0.023344
61 0.023344
62 0.023344
63 0.023344
64 0.023344
65 0.023344
66 0.023344
67 0.023344
68 0.023344
69 0.023344
70 0.023344
71 0.023344
72 0.023344
73 0.023344
74 0.023344
75 0.023344
76 0.023344
77 0.023344
78 0.023344
79 0.023344
80 0.023344
81 0.023344
82 0.023344
83 0.023344
84 0.023344
85 0.023344
86 0.023344
87 0.023344
88 0.023344
89 0.023344
90 0.023344
91 0.023344
92 0.023344
93 0.023344
94 0.023344
95 0.023344
96 0.023344
97 0.023344
98 0.023344
99 0.023344
