0 0.017691
1 0.017691
2 0.017691
3 0.017692
4 0.017763
5 0.023388
6 0.023427
7 0.023427
8 0.023427
9 0.023427
10 0.023427
11 0.023427
12 0.023427
13 0.023427
14 0.023427
15 0.023427
16 0.023427
17 0.023427
18 0.023427
19 0.023427
20 0.023427
21 0.023427
22 0.023427
23 0.023427
24 0.023427
25 0.023427
26 0.023427
27 0.023427
28 0.023427
29 0.023427
30 0.023427
31 0.023427
32 0.023427
33 0.023427
34 0.023427
35 0.023427
36 0.023427
37 0.023427
38 0.023427
39 0.023427
40 0.023427
41 0.023427
42 0.023427
43 0.023427
44 0.023427
45 0.023427
46 0.023427
47 0.023427
48 0.023427
49 0.023427
50 0.023427
51 0.023427
52 0.023427
53 0.023427
54 0.023427
55 0.023427
56 0.023427
57 0.023427
58 0.023427
59 0.023427
60 0.023427
61 0.023427
62 0.023427
63 0.023427
64 0.023427
65 0.023427
66 0.023427
67 0.023427
68 0.023427
69 0.023427
70 0.023427
71 0.023427
72 0.023427
73 0.023427
74 0.023427
75 0.023427
76 0.023427
77 0.023427
78 0.023427
79 0.023427
80 0.023427
81 0.023427
82 0.023427
83 0.023427
84 0.023427
85 0.023427
86 0.023427
87 0.023427
88 0.023427
89 0.023427
90 0.023427
91 0.023427
92 0.023427
93 0.023427
94 0.023427
95 0.023427
96 0.023427
97 0.023427
98 0.023427
99 0.023427
