4999.9083010503
4999.9083010503
4999.9083010503
4999.9083010503
4999.9083010503
4999.9083010503
4999.9083010503
4999.9083010503
4999.9083010503
4999.9083010503
4999.9083010503
4999.9083010503
4999.9083010503
4999.9083010503
4999.9083010503
4999.9083010503
4999.9083010503
4999.9083010503
4999.9083010503
4999.9083010503
4999.9083010503
4999.9083010503
4999.9083010503
4999.9083010503
4999.9083010503
4999.9083010503
4999.9083010503
4999.9083010503
4999.9083010503
4999.9083010503
4999.9083010503
4999.9083010496
4999.9083010375
4999.9083008364
4999.9082975328
4999.9082447954
4999.9074385777
4999.8952576406
4999.6973981779
4996.2111329792
4940.3876273750
4453.1194024437
1012.0276109601
27.0000000000
0.0000000000
0.0000000000
0.0000000000
0.0000000000
0.0000000000
0.0000000000
0.0000000000
0.0000000000
0.0000000000
0.0000000000
0.0000000000
0.0000000000
0.0000000000
0.0000000000
0.0000000000
0.0000000000
0.0000000000
0.0000000000
0.0000000000
0.0000000000
0.0000000000
0.0000000000
0.0000000000
0.0000000000
0.0000000000
0.0000000000
0.0000000000
0.0000000000
0.0000000000
0.0000000000
0.0000000000
0.0000000000
0.0000000000
0.0000000000
0.0000000000
0.0000000000
0.0000000000
0.0000000000
0.0000000000
0.0000000000
0.0000000000
0.0000000000
0.0000000000
0.0000000000
0.0000000000
0.0000000000
0.0000000000
0.0000000000
0.0000000000
0.0000000000
0.0000000000
0.0000000000
0.0000000000
0.0000000000
0.0000000000
0.0000000000