5000.0288207473
5000.0288207473
5000.0288207473
5000.0288207473
5000.0288207473
5000.0288207473
5000.0288207473
5000.0288207473
5000.0288207473
5000.0288207473
5000.0288207473
5000.0288207473
5000.0288207473
5000.0288207473
5000.0288207473
5000.0288207473
5000.0288207473
5000.0288207473
5000.0288207473
5000.0288207473
5000.0288207473
5000.0288207473
5000.0288207473
5000.0288207473
5000.0288207473
5000.0288207473
5000.0288207473
5000.0288207473
5000.0288207473
5000.0288207473
5000.0288207473
5000.0288207472
5000.0288207468
5000.0288207404
5000.0288206357
5000.0288189967
5000.0287937960
5000.0283969634
5000.0218459802
4999.9165301886
4998.4771150210
4981.1953091177
4667.0381180961
1421.0201054864
110.0000000000
1.0000000000
0.0000000000
0.0000000000
0.0000000000
0.0000000000
0.0000000000
0.0000000000
0.0000000000
0.0000000000
0.0000000000
0.0000000000
0.0000000000
0.0000000000
0.0000000000
0.0000000000
0.0000000000
0.0000000000
0.0000000000
0.0000000000
0.0000000000
0.0000000000
0.0000000000
0.0000000000
0.0000000000
0.0000000000
0.0000000000
0.0000000000
0.0000000000
0.0000000000
0.0000000000
0.0000000000
0.0000000000
0.0000000000
0.0000000000
0.0000000000
0.0000000000
0.0000000000
0.0000000000
0.0000000000
0.0000000000
0.0000000000
0.0000000000
0.0000000000
0.0000000000
0.0000000000
0.0000000000
0.0000000000
0.0000000000
0.0000000000
0.0000000000
0.0000000000
0.0000000000
0.0000000000
0.0000000000
0.0000000000