4999.8526366981
4999.8526366981
4999.8526366981
4999.8526366981
4999.8526366981
4999.8526366981
4999.8526366981
4999.8526366981
4999.8526366981
4999.8526366981
4999.8526366981
4999.8526366981
4999.8526366981
4999.8526366981
4999.8526366981
4999.8526366981
4999.8526366981
4999.8526366981
4999.8526366981
4999.8526366981
4999.8526366981
4999.8526366981
4999.8526366981
4999.8526366981
4999.8526366981
4999.8526366981
4999.8526366981
4999.8526366981
4999.8526366981
4999.8526366981
4999.8526366981
4999.8526366981
4999.8526366981
4999.8526366981
4999.8526366981
4999.8526366981
4999.8526366981
4999.8526366981
4999.8526366981
4999.8526366981
4999.8526366981
4999.8526366981
4999.8526366981
4999.8526366981
4999.8526366979
4999.8526366949
4999.8526366385
4999.8526356282
4999.8526189420
4999.8523685130
4999.8488636026
4999.7977774762
4998.8812286062
4980.4714546289
4666.7579716944
1420.0521147588
71.0000000000
0.0000000000
0.0000000000
0.0000000000
0.0000000000
0.0000000000
0.0000000000
0.0000000000
0.0000000000
0.0000000000
0.0000000000
0.0000000000
0.0000000000
0.0000000000
0.0000000000
0.0000000000
0.0000000000
0.0000000000
0.0000000000
0.0000000000
0.0000000000
0.0000000000
0.0000000000
0.0000000000
0.0000000000
0.0000000000
0.0000000000
0.0000000000
0.0000000000
0.0000000000
0.0000000000
0.0000000000
0.0000000000
0.0000000000
0.0000000000
0.0000000000
0.0000000000
0.0000000000
0.0000000000
0.0000000000
0.0000000000
0.0000000000
0.0000000000
0.0000000000