5000.0106350921
5000.0106350921
5000.0106350921
5000.0106350921
5000.0106350921
5000.0106350921
5000.0106350921
5000.0106350921
5000.0106350921
5000.0106350921
5000.0106350921
5000.0106350921
5000.0106350921
5000.0106350921
5000.0106350921
5000.0106350921
5000.0106350921
5000.0106350921
5000.0106350921
5000.0106350921
5000.0106350921
5000.0106350921
5000.0106350921
5000.0106350921
5000.0106350921
5000.0106350921
5000.0106350921
5000.0106350921
5000.0106350921
5000.0106350921
5000.0106350921
5000.0106350921
5000.0106350921
5000.0106350921
5000.0106350921
5000.0106350921
5000.0106350921
5000.0106350921
5000.0106350921
5000.0106350921
5000.0106350921
5000.0106350921
5000.0106350921
5000.0106350921
5000.0106350921
5000.0106350921
5000.0106350921
5000.0106350921
5000.0106350921
5000.0106350921
5000.0106350920
5000.0106350919
5000.0106350905
5000.0106350712
5000.0106347714
5000.0106297686
5000.0105460515
5000.0092062470
4999.9899971520
4999.7513580527
4997.0976251087
4968.4717234237
4622.3903048681
1849.0346403288
42.0000000000
0.0000000000
0.0000000000
0.0000000000
0.0000000000
0.0000000000
0.0000000000
0.0000000000
0.0000000000
0.0000000000
0.0000000000
0.0000000000
0.0000000000
0.0000000000
0.0000000000
0.0000000000
0.0000000000
0.0000000000
0.0000000000
0.0000000000
0.0000000000
0.0000000000
0.0000000000
0.0000000000
0.0000000000
0.0000000000
0.0000000000
0.0000000000
0.0000000000
0.0000000000
0.0000000000
0.0000000000
0.0000000000
0.0000000000
0.0000000000
0.0000000000