5000.2825616743
5000.2825616743
5000.2825616743
5000.2825616743
5000.2825616743
5000.2825616743
5000.2825616743
5000.2825616743
5000.2825616743
5000.2825616743
5000.2825616743
5000.2825616743
5000.2825616743
5000.2825616743
5000.2825616743
5000.2825616743
5000.2825616737
5000.2825616634
5000.2825614737
5000.2825580949
5000.2824987114
5000.2814448748
5000.2625996927
4999.9272258603
4993.8862633288
4882.6879739908
2983.2535874832
299.1312045359
2.0000000000
0.0000000000
0.0000000000
0.0000000000
0.0000000000
0.0000000000
0.0000000000
0.0000000000
0.0000000000
0.0000000000
0.0000000000
0.0000000000
0.0000000000
0.0000000000
0.0000000000
0.0000000000
0.0000000000
0.0000000000
0.0000000000
0.0000000000
0.0000000000
0.0000000000
0.0000000000
0.0000000000
0.0000000000
0.0000000000
0.0000000000
0.0000000000
0.0000000000
0.0000000000
0.0000000000
0.0000000000
0.0000000000
0.0000000000
0.0000000000
0.0000000000
0.0000000000
0.0000000000
0.0000000000
0.0000000000
0.0000000000
0.0000000000
0.0000000000
0.0000000000
0.0000000000
0.0000000000
0.0000000000
0.0000000000
0.0000000000
0.0000000000
0.0000000000
0.0000000000
0.0000000000
0.0000000000
0.0000000000
0.0000000000
0.0000000000
0.0000000000
0.0000000000
0.0000000000
0.0000000000
0.0000000000
0.0000000000
0.0000000000
0.0000000000
0.0000000000
0.0000000000
0.0000000000
0.0000000000
0.0000000000
0.0000000000
0.0000000000