4999.8357649800
4999.8357649800
4999.8357649800
4999.8357649800
4999.8357649800
4999.8357649800
4999.8357649800
4999.8357649800
4999.8357649800
4999.8357649800
4999.8357649800
4999.8357649800
4999.8357649800
4999.8357649800
4999.8357649800
4999.8357649800
4999.8357649800
4999.8357649800
4999.8357649800
4999.8357649800
4999.8357649799
4999.8357649784
4999.8357649510
4999.8357644581
4999.8357558238
4999.8356083459
4999.8330935592
4999.7894498837
4999.0428958766
4986.6375189426
4774.7000920368
2437.2316733508
531.0641485571
18.0000000000
0.0000000000
0.0000000000
0.0000000000
0.0000000000
0.0000000000
0.0000000000
0.0000000000
0.0000000000
0.0000000000
0.0000000000
0.0000000000
0.0000000000
0.0000000000
0.0000000000
0.0000000000
0.0000000000
0.0000000000
0.0000000000
0.0000000000
0.0000000000
0.0000000000
0.0000000000
0.0000000000
0.0000000000
0.0000000000
0.0000000000
0.0000000000
0.0000000000
0.0000000000
0.0000000000
0.0000000000
0.0000000000
0.0000000000
0.0000000000
0.0000000000
0.0000000000
0.0000000000
0.0000000000
0.0000000000
0.0000000000
0.0000000000
0.0000000000
0.0000000000
0.0000000000
0.0000000000
0.0000000000
0.0000000000
0.0000000000
0.0000000000
0.0000000000
0.0000000000
0.0000000000
0.0000000000
0.0000000000
0.0000000000
0.0000000000
0.0000000000
0.0000000000
0.0000000000
0.0000000000
0.0000000000
0.0000000000
0.0000000000
0.0000000000
0.0000000000
0.0000000000