4999.9727346276
4999.9727346276
4999.9727346276
4999.9727346276
4999.9727346276
4999.9727346276
4999.9727346276
4999.9727346276
4999.9727346276
4999.9727346276
4999.9727346276
4999.9727346276
4999.9727346276
4999.9727346276
4999.9727346276
4999.9727346276
4999.9727346276
4999.9727346276
4999.9727346276
4999.9727346276
4999.9727346276
4999.9727346276
4999.9727346276
4999.9727346275
4999.9727346257
4999.9727345955
4999.9727340808
4999.9727253934
4999.9725823668
4999.9703478260
4999.9393840517
4999.5968285940
4996.4197237608
4947.7464946899
3994.6798544807
802.1144415429
27.0000000000
0.0000000000
0.0000000000
0.0000000000
0.0000000000
0.0000000000
0.0000000000
0.0000000000
0.0000000000
0.0000000000
0.0000000000
0.0000000000
0.0000000000
0.0000000000
0.0000000000
0.0000000000
0.0000000000
0.0000000000
0.0000000000
0.0000000000
0.0000000000
0.0000000000
0.0000000000
0.0000000000
0.0000000000
0.0000000000
0.0000000000
0.0000000000
0.0000000000
0.0000000000
0.0000000000
0.0000000000
0.0000000000
0.0000000000
0.0000000000
0.0000000000
0.0000000000
0.0000000000
0.0000000000
0.0000000000
0.0000000000
0.0000000000
0.0000000000
0.0000000000
0.0000000000
0.0000000000
0.0000000000
0.0000000000
0.0000000000
0.0000000000
0.0000000000
0.0000000000
0.0000000000
0.0000000000
0.0000000000
0.0000000000
0.0000000000
0.0000000000
0.0000000000
0.0000000000
0.0000000000
0.0000000000
0.0000000000
0.0000000000