4999.9680605120
4999.9680605120
4999.9680605120
4999.9680605120
4999.9680605120
4999.9680605120
4999.9680605120
4999.9680605120
4999.9680605120
4999.9680605120
4999.9680605120
4999.9680605120
4999.9680605120
4999.9680605120
4999.9680605120
4999.9680605120
4999.9680605120
4999.9680605120
4999.9680605120
4999.9680605120
4999.9680605120
4999.9680605120
4999.9680605119
4999.9680605088
4999.9680604562
4999.9680595556
4999.9680441154
4999.9677802998
4999.9633378980
4999.8899156236
4998.7433965168
4984.2030658249
4879.9465994225
3615.6215015672
337.1334374825
15.0000000000
0.0000000000
0.0000000000
0.0000000000
0.0000000000
0.0000000000
0.0000000000
0.0000000000
0.0000000000
0.0000000000
0.0000000000
0.0000000000
0.0000000000
0.0000000000
0.0000000000
0.0000000000
0.0000000000
0.0000000000
0.0000000000
0.0000000000
0.0000000000
0.0000000000
0.0000000000
0.0000000000
0.0000000000
0.0000000000
0.0000000000
0.0000000000
0.0000000000
0.0000000000
0.0000000000
0.0000000000
0.0000000000
0.0000000000
0.0000000000
0.0000000000
0.0000000000
0.0000000000
0.0000000000
0.0000000000
0.0000000000
0.0000000000
0.0000000000
0.0000000000
0.0000000000
0.0000000000
0.0000000000
0.0000000000
0.0000000000
0.0000000000
0.0000000000
0.0000000000
0.0000000000
0.0000000000
0.0000000000
0.0000000000
0.0000000000
0.0000000000
0.0000000000
0.0000000000
0.0000000000
0.0000000000
0.0000000000
0.0000000000
0.0000000000