4999.9997096903
4999.9997096903
4999.9997096903
4999.9997096903
4999.9997096903
4999.9997096903
4999.9997096903
4999.9997096903
4999.9997096903
4999.9997096903
4999.9997096903
4999.9997096903
4999.9997096903
4999.9997096903
4999.9997096903
4999.9997096903
4999.9997096903
4999.9997096903
4999.9997096903
4999.9997096903
4999.9997096903
4999.9997096903
4999.9997096903
4999.9997096902
4999.9997096899
4999.9997096844
4999.9997095910
4999.9997080297
4999.9996828198
4999.9993032541
4999.9943075232
4999.9401690858
4999.3718484479
4989.9811725842
4815.8417950318
3002.3131458958
295.0512103728
20.0000000000
0.0000000000
0.0000000000
0.0000000000
0.0000000000
0.0000000000
0.0000000000
0.0000000000
0.0000000000
0.0000000000
0.0000000000
0.0000000000
0.0000000000
0.0000000000
0.0000000000
0.0000000000
0.0000000000
0.0000000000
0.0000000000
0.0000000000
0.0000000000
0.0000000000
0.0000000000
0.0000000000
0.0000000000
0.0000000000
0.0000000000
0.0000000000
0.0000000000
0.0000000000
0.0000000000
0.0000000000
0.0000000000
0.0000000000
0.0000000000
0.0000000000
0.0000000000
0.0000000000
0.0000000000
0.0000000000
0.0000000000
0.0000000000
0.0000000000
0.0000000000
0.0000000000
0.0000000000
0.0000000000
0.0000000000
0.0000000000
0.0000000000
0.0000000000
0.0000000000
0.0000000000
0.0000000000
0.0000000000
0.0000000000
0.0000000000
0.0000000000
0.0000000000
0.0000000000
0.0000000000
0.0000000000
0.0000000000