4999.9278645427
4999.9278645427
4999.9278645427
4999.9278645427
4999.9278645427
4999.9278645427
4999.9278645427
4999.9278645427
4999.9278645427
4999.9278645427
4999.9278645427
4999.9278645427
4999.9278645427
4999.9278645427
4999.9278645427
4999.9278645427
4999.9278645427
4999.9278645427
4999.9278645427
4999.9278645427
4999.9278645427
4999.9278645427
4999.9278645427
4999.9278645427
4999.9278645427
4999.9278645427
4999.9278645427
4999.9278645427
4999.9278645426
4999.9278645424
4999.9278645395
4999.9278644991
4999.9278638898
4999.9278548541
4999.9277312137
4999.9261896300
4999.9087081863
4999.7206757026
4997.5856227520
4973.0954791273
4587.9591710170
1943.0119682286
129.0000000000
0.0000000000
0.0000000000
0.0000000000
0.0000000000
0.0000000000
0.0000000000
0.0000000000
0.0000000000
0.0000000000
0.0000000000
0.0000000000
0.0000000000
0.0000000000
0.0000000000
0.0000000000
0.0000000000
0.0000000000
0.0000000000
0.0000000000
0.0000000000
0.0000000000
0.0000000000
0.0000000000
0.0000000000
0.0000000000
0.0000000000
0.0000000000
0.0000000000
0.0000000000
0.0000000000
0.0000000000
0.0000000000
0.0000000000
0.0000000000
0.0000000000
0.0000000000
0.0000000000
0.0000000000
0.0000000000
0.0000000000
0.0000000000
0.0000000000
0.0000000000
0.0000000000
0.0000000000
0.0000000000
0.0000000000
0.0000000000
0.0000000000
0.0000000000
0.0000000000
0.0000000000
0.0000000000
0.0000000000
0.0000000000
0.0000000000
0.0000000000