5000.0841466528
5000.0841466528
5000.0841466528
5000.0841466528
5000.0841466528
5000.0841466528
5000.0841466528
5000.0841466528
5000.0841466528
5000.0841466528
5000.0841466528
5000.0841466528
5000.0841466528
5000.0841466528
5000.0841466528
5000.0841466528
5000.0841466528
5000.0841466528
5000.0841466528
5000.0841466528
5000.0841466528
5000.0841466528
5000.0841466528
5000.0841466528
5000.0841466528
5000.0841466528
5000.0841466528
5000.0841466528
5000.0841466528
5000.0841466528
5000.0841466523
5000.0841466452
5000.0841465392
5000.0841450024
5000.0841244668
5000.0838737361
5000.0810563908
5000.0503910176
4999.6982115959
4995.3378029242
4928.6940586482
4092.2869933658
950.0104901932
18.0000000000
0.0000000000
0.0000000000
0.0000000000
0.0000000000
0.0000000000
0.0000000000
0.0000000000
0.0000000000
0.0000000000
0.0000000000
0.0000000000
0.0000000000
0.0000000000
0.0000000000
0.0000000000
0.0000000000
0.0000000000
0.0000000000
0.0000000000
0.0000000000
0.0000000000
0.0000000000
0.0000000000
0.0000000000
0.0000000000
0.0000000000
0.0000000000
0.0000000000
0.0000000000
0.0000000000
0.0000000000
0.0000000000
0.0000000000
0.0000000000
0.0000000000
0.0000000000
0.0000000000
0.0000000000
0.0000000000
0.0000000000
0.0000000000
0.0000000000
0.0000000000
0.0000000000
0.0000000000
0.0000000000
0.0000000000
0.0000000000
0.0000000000
0.0000000000
0.0000000000
0.0000000000
0.0000000000
0.0000000000
0.0000000000
0.0000000000