5000.0071643704
5000.0071643704
5000.0071643704
5000.0071643704
5000.0071643704
5000.0071643704
5000.0071643704
5000.0071643704
5000.0071643704
5000.0071643704
5000.0071643704
5000.0071643704
5000.0071643704
5000.0071643704
5000.0071643704
5000.0071643704
5000.0071643704
5000.0071643704
5000.0071643704
5000.0071643704
5000.0071643704
5000.0071643704
5000.0071643704
5000.0071643704
5000.0071643704
5000.0071643704
5000.0071643699
5000.0071643611
5000.0071642310
5000.0071624670
5000.0071411252
5000.0068927480
5000.0034709211
4999.9467438284
4999.0600927930
4986.7361895915
4819.1345011482
3563.9681496546
619.0271645941
54.0000000000
1.0000000000
0.0000000000
0.0000000000
0.0000000000
0.0000000000
0.0000000000
0.0000000000
0.0000000000
0.0000000000
0.0000000000
0.0000000000
0.0000000000
0.0000000000
0.0000000000
0.0000000000
0.0000000000
0.0000000000
0.0000000000
0.0000000000
0.0000000000
0.0000000000
0.0000000000
0.0000000000
0.0000000000
0.0000000000
0.0000000000
0.0000000000
0.0000000000
0.0000000000
0.0000000000
0.0000000000
0.0000000000
0.0000000000
0.0000000000
0.0000000000
0.0000000000
0.0000000000
0.0000000000
0.0000000000
0.0000000000
0.0000000000
0.0000000000
0.0000000000
0.0000000000
0.0000000000
0.0000000000
0.0000000000
0.0000000000
0.0000000000
0.0000000000
0.0000000000
0.0000000000
0.0000000000
0.0000000000
0.0000000000
0.0000000000
0.0000000000
0.0000000000
0.0000000000
0.0000000000