5000.0275366750
5000.0275366750
5000.0275366750
5000.0275366750
5000.0275366750
5000.0275366750
5000.0275366750
5000.0275366750
5000.0275366750
5000.0275366750
5000.0275366750
5000.0275366750
5000.0275366750
5000.0275366750
5000.0275366750
5000.0275366750
5000.0275366750
5000.0275366750
5000.0275366750
5000.0275366750
5000.0275366750
5000.0275366750
5000.0275366750
5000.0275366750
5000.0275366750
5000.0275366750
5000.0275366750
5000.0275366750
5000.0275366750
5000.0275366750
5000.0275366750
5000.0275366750
5000.0275366750
5000.0275366750
5000.0275366750
5000.0275366749
5000.0275366734
5000.0275366552
5000.0275364084
5000.0275328900
5000.0274801910
5000.0266294597
5000.0119119113
4999.7512256810
4994.8974281200
4900.1715225002
3436.3438241684
199.2627563415
3.0000000000
0.0000000000
0.0000000000
0.0000000000
0.0000000000
0.0000000000
0.0000000000
0.0000000000
0.0000000000
0.0000000000
0.0000000000
0.0000000000
0.0000000000
0.0000000000
0.0000000000
0.0000000000
0.0000000000
0.0000000000
0.0000000000
0.0000000000
0.0000000000
0.0000000000
0.0000000000
0.0000000000
0.0000000000
0.0000000000
0.0000000000
0.0000000000
0.0000000000
0.0000000000
0.0000000000
0.0000000000
0.0000000000
0.0000000000
0.0000000000
0.0000000000
0.0000000000
0.0000000000
0.0000000000
0.0000000000
0.0000000000
0.0000000000
0.0000000000
0.0000000000
0.0000000000
0.0000000000
0.0000000000
0.0000000000
0.0000000000
0.0000000000
0.0000000000
0.0000000000