4999.9969099224
4999.9969099224
4999.9969099224
4999.9969099224
4999.9969099224
4999.9969099224
4999.9969099224
4999.9969099224
4999.9969099224
4999.9969099224
4999.9969099224
4999.9969099224
4999.9969099224
4999.9969099224
4999.9969099224
4999.9969099224
4999.9969099224
4999.9969099224
4999.9969099224
4999.9969099224
4999.9969099224
4999.9969099224
4999.9969099224
4999.9969099224
4999.9969099224
4999.9969099224
4999.9969099224
4999.9969099224
4999.9969099224
4999.9969099224
4999.9969099224
4999.9969099224
4999.9969099224
4999.9969099224
4999.9969099224
4999.9969099224
4999.9969099223
4999.9969099222
4999.9969099209
4999.9969099014
4999.9969095877
4999.9969042307
4999.9968084729
4999.9950452490
4999.9619912383
4999.3398108854
4986.9566100360
4723.4261977387
2565.9355627843
247.1415782254
12.0000000000
0.0000000000
0.0000000000
0.0000000000
0.0000000000
0.0000000000
0.0000000000
0.0000000000
0.0000000000
0.0000000000
0.0000000000
0.0000000000
0.0000000000
0.0000000000
0.0000000000
0.0000000000
0.0000000000
0.0000000000
0.0000000000
0.0000000000
0.0000000000
0.0000000000
0.0000000000
0.0000000000
0.0000000000
0.0000000000
0.0000000000
0.0000000000
0.0000000000
0.0000000000
0.0000000000
0.0000000000
0.0000000000
0.0000000000
0.0000000000
0.0000000000
0.0000000000
0.0000000000
0.0000000000
0.0000000000
0.0000000000
0.0000000000
0.0000000000
0.0000000000
0.0000000000
0.0000000000
0.0000000000
0.0000000000
0.0000000000
0.0000000000