4999.8717827830
4999.8717827830
4999.8717827830
4999.8717827830
4999.8717827830
4999.8717827830
4999.8717827830
4999.8717827830
4999.8717827830
4999.8717827830
4999.8717827830
4999.8717827830
4999.8717827830
4999.8717827830
4999.8717827830
4999.8717827830
4999.8717827830
4999.8717827830
4999.8717827830
4999.8717827830
4999.8717827830
4999.8717827830
4999.8717827830
4999.8717827830
4999.8717827830
4999.8717827830
4999.8717827830
4999.8717827830
4999.8717827830
4999.8717827830
4999.8717827830
4999.8717827830
4999.8717827830
4999.8717827830
4999.8717827829
4999.8717827822
4999.8717827734
4999.8717826651
4999.8717812198
4999.8717608795
4999.8714631230
4999.8667804839
4999.7862947828
4998.3822671694
4973.3532969661
4446.1612362469
1127.0144350031
16.0000000000
0.0000000000
0.0000000000
0.0000000000
0.0000000000
0.0000000000
0.0000000000
0.0000000000
0.0000000000
0.0000000000
0.0000000000
0.0000000000
0.0000000000
0.0000000000
0.0000000000
0.0000000000
0.0000000000
0.0000000000
0.0000000000
0.0000000000
0.0000000000
0.0000000000
0.0000000000
0.0000000000
0.0000000000
0.0000000000
0.0000000000
0.0000000000
0.0000000000
0.0000000000
0.0000000000
0.0000000000
0.0000000000
0.0000000000
0.0000000000
0.0000000000
0.0000000000
0.0000000000
0.0000000000
0.0000000000
0.0000000000
0.0000000000
0.0000000000
0.0000000000
0.0000000000
0.0000000000
0.0000000000
0.0000000000
0.0000000000
0.0000000000
0.0000000000
0.0000000000
0.0000000000