5000.0520899501
5000.0520899501
5000.0520899501
5000.0520899501
5000.0520899501
5000.0520899501
5000.0520899501
5000.0520899501
5000.0520899501
5000.0520899501
5000.0520899501
5000.0520899501
5000.0520899501
5000.0520899501
5000.0520899501
5000.0520899501
5000.0520899501
5000.0520899501
5000.0520899501
5000.0520899501
5000.0520899501
5000.0520899501
5000.0520899501
5000.0520899501
5000.0520899501
5000.0520899501
5000.0520899501
5000.0520899501
5000.0520899501
5000.0520899501
5000.0520899501
5000.0520899501
5000.0520899500
5000.0520899488
5000.0520899339
5000.0520897603
5000.0520878047
5000.0520650418
5000.0517767868
5000.0478141668
4999.9918734910
4999.2099676112
4986.6805656811
4746.7922486234
2302.2792263814
77.2747131702
1.0000000000
0.0000000000
0.0000000000
0.0000000000
0.0000000000
0.0000000000
0.0000000000
0.0000000000
0.0000000000
0.0000000000
0.0000000000
0.0000000000
0.0000000000
0.0000000000
0.0000000000
0.0000000000
0.0000000000
0.0000000000
0.0000000000
0.0000000000
0.0000000000
0.0000000000
0.0000000000
0.0000000000
0.0000000000
0.0000000000
0.0000000000
0.0000000000
0.0000000000
0.0000000000
0.0000000000
0.0000000000
0.0000000000
0.0000000000
0.0000000000
0.0000000000
0.0000000000
0.0000000000
0.0000000000
0.0000000000
0.0000000000
0.0000000000
0.0000000000
0.0000000000
0.0000000000
0.0000000000
0.0000000000
0.0000000000
0.0000000000
0.0000000000
0.0000000000
0.0000000000
0.0000000000
0.0000000000