4999.9943850812
4999.9943850812
4999.9943850812
4999.9943850812
4999.9943850812
4999.9943850812
4999.9943850812
4999.9943850812
4999.9943850812
4999.9943850812
4999.9943850812
4999.9943850812
4999.9943850812
4999.9943850812
4999.9943850812
4999.9943850812
4999.9943850812
4999.9943850812
4999.9943850812
4999.9943850812
4999.9943850812
4999.9943850812
4999.9943850812
4999.9943850812
4999.9943850812
4999.9943850812
4999.9943850812
4999.9943850812
4999.9943850812
4999.9943850812
4999.9943850812
4999.9943850812
4999.9943850812
4999.9943850812
4999.9943850812
4999.9943850812
4999.9943850812
4999.9943850812
4999.9943850812
4999.9943850805
4999.9943850699
4999.9943848834
4999.9943814856
4999.9943181263
4999.9931157497
4999.9698980352
4999.5244780938
4991.9894603307
4896.8783475930
3782.7584129021
831.0119380273
8.0000000000
0.0000000000
0.0000000000
0.0000000000
0.0000000000
0.0000000000
0.0000000000
0.0000000000
0.0000000000
0.0000000000
0.0000000000
0.0000000000
0.0000000000
0.0000000000
0.0000000000
0.0000000000
0.0000000000
0.0000000000
0.0000000000
0.0000000000
0.0000000000
0.0000000000
0.0000000000
0.0000000000
0.0000000000
0.0000000000
0.0000000000
0.0000000000
0.0000000000
0.0000000000
0.0000000000
0.0000000000
0.0000000000
0.0000000000
0.0000000000
0.0000000000
0.0000000000
0.0000000000
0.0000000000
0.0000000000
0.0000000000
0.0000000000
0.0000000000
0.0000000000
0.0000000000
0.0000000000
0.0000000000
0.0000000000
0.0000000000