4999.9574779530
4999.9574779530
4999.9574779530
4999.9574779530
4999.9574779530
4999.9574779530
4999.9574779530
4999.9574779530
4999.9574779530
4999.9574779530
4999.9574779530
4999.9574779530
4999.9574779530
4999.9574779530
4999.9574779530
4999.9574779530
4999.9574779530
4999.9574779530
4999.9574779530
4999.9574779530
4999.9574779530
4999.9574779530
4999.9574779530
4999.9574779530
4999.9574779530
4999.9574779530
4999.9574779530
4999.9574779530
4999.9574779530
4999.9574779530
4999.9574779530
4999.9574779530
4999.9574779530
4999.9574779530
4999.9574779530
4999.9574779530
4999.9574779530
4999.9574779530
4999.9574779530
4999.9574779530
4999.9574779530
4999.9574779528
4999.9574779484
4999.9574778671
4999.9574763602
4999.9574498515
4999.9570269344
4999.9510833579
4999.8747307049
4998.8692531566
4982.7969147602
4629.1126794288
2522.5502618789
85.2250502927
24.0000000000
0.0000000000
0.0000000000
0.0000000000
0.0000000000
0.0000000000
0.0000000000
0.0000000000
0.0000000000
0.0000000000
0.0000000000
0.0000000000
0.0000000000
0.0000000000
0.0000000000
0.0000000000
0.0000000000
0.0000000000
0.0000000000
0.0000000000
0.0000000000
0.0000000000
0.0000000000
0.0000000000
0.0000000000
0.0000000000
0.0000000000
0.0000000000
0.0000000000
0.0000000000
0.0000000000
0.0000000000
0.0000000000
0.0000000000
0.0000000000
0.0000000000
0.0000000000
0.0000000000
0.0000000000
0.0000000000
0.0000000000
0.0000000000
0.0000000000
0.0000000000
0.0000000000
0.0000000000