4999.9753169597
4999.9753169597
4999.9753169597
4999.9753169597
4999.9753169597
4999.9753169597
4999.9753169597
4999.9753169597
4999.9753169597
4999.9753169597
4999.9753169597
4999.9753169597
4999.9753169597
4999.9753169597
4999.9753169597
4999.9753169597
4999.9753169597
4999.9753169597
4999.9753169597
4999.9753169597
4999.9753169597
4999.9753169597
4999.9753169597
4999.9753169597
4999.9753169597
4999.9753169597
4999.9753169597
4999.9753169597
4999.9753169597
4999.9753169597
4999.9753169597
4999.9753169597
4999.9753169597
4999.9753169597
4999.9753169597
4999.9753169597
4999.9753169597
4999.9753169597
4999.9753169597
4999.9753169597
4999.9753169597
4999.9753169597
4999.9753169597
4999.9753169597
4999.9753169594
4999.9753169550
4999.9753168933
4999.9753160356
4999.9753035072
4999.9751055659
4999.9719518050
4999.9247881368
4999.2346726335
4990.1860994319
4949.5408182677
4162.1312113782
878.0833015301
30.0000000000
0.0000000000
0.0000000000
0.0000000000
0.0000000000
0.0000000000
0.0000000000
0.0000000000
0.0000000000
0.0000000000
0.0000000000
0.0000000000
0.0000000000
0.0000000000
0.0000000000
0.0000000000
0.0000000000
0.0000000000
0.0000000000
0.0000000000
0.0000000000
0.0000000000
0.0000000000
0.0000000000
0.0000000000
0.0000000000
0.0000000000
0.0000000000
0.0000000000
0.0000000000
0.0000000000
0.0000000000
0.0000000000
0.0000000000
0.0000000000
0.0000000000
0.0000000000
0.0000000000
0.0000000000
0.0000000000
0.0000000000
0.0000000000
0.0000000000