4999.9357013133
4999.9357013133
4999.9357013133
4999.9357013133
4999.9357013133
4999.9357013133
4999.9357013133
4999.9357013133
4999.9357013133
4999.9357013133
4999.9357013133
4999.9357013133
4999.9357013133
4999.9357013133
4999.9357013133
4999.9357013133
4999.9357013133
4999.9357013133
4999.9357013133
4999.9357013133
4999.9357013133
4999.9357013133
4999.9357013133
4999.9357013133
4999.9357013133
4999.9357013133
4999.9357013133
4999.9357013133
4999.9357013133
4999.9357013133
4999.9357013133
4999.9357013133
4999.9357013133
4999.9357013133
4999.9357013133
4999.9357013133
4999.9357013133
4999.9357013133
4999.9357013133
4999.9357013133
4999.9357013133
4999.9357013133
4999.9357013133
4999.9357013133
4999.9357013133
4999.9357013125
4999.9357013020
4999.9357011531
4999.9356989328
4999.9356638686
4999.9351152257
4999.9269983703
4999.8132605814
4998.5141770312
4990.7327631736
4848.2020952769
3067.1607766797
281.3461584538
1.0000000000
0.0000000000
0.0000000000
0.0000000000
0.0000000000
0.0000000000
0.0000000000
0.0000000000
0.0000000000
0.0000000000
0.0000000000
0.0000000000
0.0000000000
0.0000000000
0.0000000000
0.0000000000
0.0000000000
0.0000000000
0.0000000000
0.0000000000
0.0000000000
0.0000000000
0.0000000000
0.0000000000
0.0000000000
0.0000000000
0.0000000000
0.0000000000
0.0000000000
0.0000000000
0.0000000000
0.0000000000
0.0000000000
0.0000000000
0.0000000000
0.0000000000
0.0000000000
0.0000000000
0.0000000000
0.0000000000
0.0000000000
0.0000000000