5000.0875610903
5000.0875610903
5000.0875610903
5000.0875610903
5000.0875610903
5000.0875610903
5000.0875610903
5000.0875610903
5000.0875610903
5000.0875610903
5000.0875610903
5000.0875610903
5000.0875610903
5000.0875610903
5000.0875610903
5000.0875610903
5000.0875610903
5000.0875610903
5000.0875610903
5000.0875610903
5000.0875610903
5000.0875610903
5000.0875610903
5000.0875610903
5000.0875610903
5000.0875610903
5000.0875610903
5000.0875610903
5000.0875610903
5000.0875610903
5000.0875610903
5000.0875610903
5000.0875610903
5000.0875610903
5000.0875610903
5000.0875610903
5000.0875610903
5000.0875610903
5000.0875610903
5000.0875610903
5000.0875610903
5000.0875610903
5000.0875610903
5000.0875610903
5000.0875610903
5000.0875610903
5000.0875610903
5000.0875610902
5000.0875610880
5000.0875610547
5000.0875605739
5000.0875542166
5000.0874803030
5000.0867252671
5000.0780021579
4999.9364274089
4997.7198806909
4960.5722066837
4216.5123637578
960.0290989667
78.0000000000
2.0000000000
0.0000000000
0.0000000000
0.0000000000
0.0000000000
0.0000000000
0.0000000000
0.0000000000
0.0000000000
0.0000000000
0.0000000000
0.0000000000
0.0000000000
0.0000000000
0.0000000000
0.0000000000
0.0000000000
0.0000000000
0.0000000000
0.0000000000
0.0000000000
0.0000000000
0.0000000000
0.0000000000
0.0000000000
0.0000000000
0.0000000000
0.0000000000
0.0000000000
0.0000000000
0.0000000000
0.0000000000
0.0000000000
0.0000000000
0.0000000000
0.0000000000
0.0000000000
0.0000000000
0.0000000000