5000.0737890673
5000.0737890673
5000.0737890673
5000.0737890673
5000.0737890673
5000.0737890673
5000.0737890673
5000.0737890673
5000.0737890673
5000.0737890673
5000.0737890673
5000.0737890673
5000.0737890673
5000.0737890673
5000.0737890673
5000.0737890673
5000.0737890673
5000.0737890673
5000.0737890673
5000.0737890673
5000.0737890673
5000.0737890673
5000.0737890673
5000.0737890673
5000.0737890673
5000.0737890673
5000.0737890673
5000.0737890673
5000.0737890673
5000.0737890673
5000.0737890673
5000.0737890673
5000.0737890673
5000.0737890673
5000.0737890673
5000.0737890673
5000.0737890673
5000.0737890673
5000.0737890673
5000.0737890673
5000.0737890673
5000.0737890673
5000.0737890673
5000.0737890673
5000.0737890673
5000.0737890673
5000.0737890673
5000.0737890673
5000.0737890673
5000.0737890673
5000.0737890672
5000.0737890665
5000.0737890579
5000.0737889488
5000.0737872960
5000.0737598047
5000.0732945041
5000.0655984657
4999.9506929023
4998.4823893588
4982.0103925736
4812.6396032579
3199.7830067960
357.0396638947
3.0000000000
0.0000000000
0.0000000000
0.0000000000
0.0000000000
0.0000000000
0.0000000000
0.0000000000
0.0000000000
0.0000000000
0.0000000000
0.0000000000
0.0000000000
0.0000000000
0.0000000000
0.0000000000
0.0000000000
0.0000000000
0.0000000000
0.0000000000
0.0000000000
0.0000000000
0.0000000000
0.0000000000
0.0000000000
0.0000000000
0.0000000000
0.0000000000
0.0000000000
0.0000000000
0.0000000000
0.0000000000
0.0000000000
0.0000000000
0.0000000000
0.0000000000