5029.0000000000
5069.0000000000
5024.0000000000
5057.0000000000
5068.0000000000
4921.0000000000
4964.0000000000
4983.0000000000
4922.0000000000
5037.0000000000
4990.0000000000
4846.0000000000
5011.0000000000
5079.0000000000
4934.0000000000
5083.0000000000
5014.0000000000
4920.0000000000
4935.0000000000
5033.0000000000
5140.0000000000
5078.0000000000
5042.0000000000
4947.0000000000
5020.0000000000
4898.0000000000
5027.0000000000
4994.0000000000
5102.0000000000
4885.0000000000
4939.0000000000
4059.0000000000
475.0000000000
5.0000000000
0.0000000000
0.0000000000
0.0000000000
0.0000000000
0.0000000000
0.0000000000
0.0000000000
0.0000000000
0.0000000000
0.0000000000
0.0000000000
0.0000000000
0.0000000000
0.0000000000
0.0000000000
0.0000000000
0.0000000000
0.0000000000
0.0000000000
0.0000000000
0.0000000000
0.0000000000
0.0000000000
0.0000000000
0.0000000000
0.0000000000
0.0000000000
0.0000000000
0.0000000000
0.0000000000
0.0000000000
0.0000000000
0.0000000000
0.0000000000
0.0000000000
0.0000000000
0.0000000000
0.0000000000
0.0000000000
0.0000000000
0.0000000000
0.0000000000
0.0000000000
0.0000000000
0.0000000000
0.0000000000
0.0000000000
0.0000000000
0.0000000000
0.0000000000
0.0000000000
0.0000000000
0.0000000000
0.0000000000
0.0000000000
0.0000000000
0.0000000000
0.0000000000
0.0000000000
0.0000000000
0.0000000000
0.0000000000
0.0000000000
0.0000000000
0.0000000000
0.0000000000