5013.0000000000
4932.0000000000
5063.0000000000
4923.0000000000
5160.0000000000
5082.0000000000
5134.0000000000
4953.0000000000
5091.0000000000
5097.0000000000
4981.0000000000
5016.0000000000
5026.0000000000
5083.0000000000
4917.0000000000
5034.0000000000
5015.0000000000
5078.0000000000
5073.0000000000
4924.0000000000
4923.0000000000
5000.0000000000
5029.0000000000
4818.0000000000
5018.0000000000
5011.0000000000
5063.0000000000
5004.0000000000
5022.0000000000
4975.0000000000
5015.0000000000
4943.0000000000
5091.0000000000
4998.0000000000
4979.0000000000
5117.0000000000
4915.0000000000
5090.0000000000
5066.0000000000
5029.0000000000
5055.0000000000
4935.0000000000
4970.0000000000
5099.0000000000
5034.0000000000
5009.0000000000
4985.0000000000
4817.0000000000
2923.0000000000
168.0000000000
10.0000000000
0.0000000000
0.0000000000
0.0000000000
0.0000000000
0.0000000000
0.0000000000
0.0000000000
0.0000000000
0.0000000000
0.0000000000
0.0000000000
0.0000000000
0.0000000000
0.0000000000
0.0000000000
0.0000000000
0.0000000000
0.0000000000
0.0000000000
0.0000000000
0.0000000000
0.0000000000
0.0000000000
0.0000000000
0.0000000000
0.0000000000
0.0000000000
0.0000000000
0.0000000000
0.0000000000
0.0000000000
0.0000000000
0.0000000000
0.0000000000
0.0000000000
0.0000000000
0.0000000000
0.0000000000
0.0000000000
0.0000000000
0.0000000000
0.0000000000
0.0000000000
0.0000000000
0.0000000000
0.0000000000
0.0000000000
0.0000000000
0.0000000000