4949.0000000000
5023.0000000000
5149.0000000000
4998.0000000000
4987.0000000000
5025.0000000000
4966.0000000000
4988.0000000000
4966.0000000000
5027.0000000000
5014.0000000000
5011.0000000000
4866.0000000000
4993.0000000000
5031.0000000000
5000.0000000000
5038.0000000000
4999.0000000000
5053.0000000000
5058.0000000000
5091.0000000000
4957.0000000000
5037.0000000000
4875.0000000000
5013.0000000000
5023.0000000000
4949.0000000000
5017.0000000000
5104.0000000000
4920.0000000000
5015.0000000000
5067.0000000000
5113.0000000000
5098.0000000000
4899.0000000000
4988.0000000000
4978.0000000000
4974.0000000000
5072.0000000000
5004.0000000000
4997.0000000000
5021.0000000000
4957.0000000000
5079.0000000000
5015.0000000000
4973.0000000000
4947.0000000000
4933.0000000000
4976.0000000000
4889.0000000000
4973.0000000000
4696.0000000000
2195.0000000000
121.0000000000
0.0000000000
0.0000000000
0.0000000000
0.0000000000
0.0000000000
0.0000000000
0.0000000000
0.0000000000
0.0000000000
0.0000000000
0.0000000000
0.0000000000
0.0000000000
0.0000000000
0.0000000000
0.0000000000
0.0000000000
0.0000000000
0.0000000000
0.0000000000
0.0000000000
0.0000000000
0.0000000000
0.0000000000
0.0000000000
0.0000000000
0.0000000000
0.0000000000
0.0000000000
0.0000000000
0.0000000000
0.0000000000
0.0000000000
0.0000000000
0.0000000000
0.0000000000
0.0000000000
0.0000000000
0.0000000000
0.0000000000
0.0000000000
0.0000000000
0.0000000000
0.0000000000
0.0000000000
0.0000000000