5016.0000000000
4897.0000000000
4948.0000000000
5095.0000000000
5087.0000000000
4896.0000000000
4998.0000000000
4923.0000000000
5000.0000000000
5087.0000000000
4946.0000000000
5014.0000000000
5116.0000000000
5086.0000000000
5027.0000000000
5023.0000000000
5117.0000000000
5047.0000000000
4871.0000000000
5003.0000000000
5090.0000000000
5132.0000000000
4912.0000000000
4963.0000000000
5025.0000000000
5088.0000000000
5103.0000000000
4917.0000000000
3658.0000000000
463.0000000000
206.0000000000
1.0000000000
0.0000000000
0.0000000000
0.0000000000
0.0000000000
0.0000000000
0.0000000000
0.0000000000
0.0000000000
0.0000000000
0.0000000000
0.0000000000
0.0000000000
0.0000000000
0.0000000000
0.0000000000
0.0000000000
0.0000000000
0.0000000000
0.0000000000
0.0000000000
0.0000000000
0.0000000000
0.0000000000
0.0000000000
0.0000000000
0.0000000000
0.0000000000
0.0000000000
0.0000000000
0.0000000000
0.0000000000
0.0000000000
0.0000000000
0.0000000000
0.0000000000
0.0000000000
0.0000000000
0.0000000000
0.0000000000
0.0000000000
0.0000000000
0.0000000000
0.0000000000
0.0000000000
0.0000000000
0.0000000000
0.0000000000
0.0000000000
0.0000000000
0.0000000000
0.0000000000
0.0000000000
0.0000000000
0.0000000000
0.0000000000
0.0000000000
0.0000000000
0.0000000000
0.0000000000
0.0000000000
0.0000000000
0.0000000000
0.0000000000
0.0000000000
0.0000000000
0.0000000000
0.0000000000
0.0000000000