4951.0000000000
4986.0000000000
5043.0000000000
5024.0000000000
5017.0000000000
5031.0000000000
5044.0000000000
4991.0000000000
5009.0000000000
5043.0000000000
5027.0000000000
5006.0000000000
5023.0000000000
4992.0000000000
5001.0000000000
4937.0000000000
5014.0000000000
5034.0000000000
5000.0000000000
4963.0000000000
5088.0000000000
4973.0000000000
4986.0000000000
4859.0000000000
5008.0000000000
4982.0000000000
4930.0000000000
3130.0000000000
228.0000000000
3.0000000000
0.0000000000
0.0000000000
0.0000000000
0.0000000000
0.0000000000
0.0000000000
0.0000000000
0.0000000000
0.0000000000
0.0000000000
0.0000000000
0.0000000000
0.0000000000
0.0000000000
0.0000000000
0.0000000000
0.0000000000
0.0000000000
0.0000000000
0.0000000000
0.0000000000
0.0000000000
0.0000000000
0.0000000000
0.0000000000
0.0000000000
0.0000000000
0.0000000000
0.0000000000
0.0000000000
0.0000000000
0.0000000000
0.0000000000
0.0000000000
0.0000000000
0.0000000000
0.0000000000
0.0000000000
0.0000000000
0.0000000000
0.0000000000
0.0000000000
0.0000000000
0.0000000000
0.0000000000
0.0000000000
0.0000000000
0.0000000000
0.0000000000
0.0000000000
0.0000000000
0.0000000000
0.0000000000
0.0000000000
0.0000000000
0.0000000000
0.0000000000
0.0000000000
0.0000000000
0.0000000000
0.0000000000
0.0000000000
0.0000000000
0.0000000000
0.0000000000
0.0000000000
0.0000000000
0.0000000000
0.0000000000
0.0000000000