5054.0000000000
5052.0000000000
5055.0000000000
4910.0000000000
4990.0000000000
5048.0000000000
5046.0000000000
4916.0000000000
5009.0000000000
5030.0000000000
4969.0000000000
5075.0000000000
5069.0000000000
5080.0000000000
5035.0000000000
4979.0000000000
5022.0000000000
5147.0000000000
5092.0000000000
4997.0000000000
5060.0000000000
4952.0000000000
5092.0000000000
4987.0000000000
5036.0000000000
5010.0000000000
5159.0000000000
5007.0000000000
5003.0000000000
5011.0000000000
4965.0000000000
4712.0000000000
2282.0000000000
74.0000000000
6.0000000000
0.0000000000
0.0000000000
0.0000000000
0.0000000000
0.0000000000
0.0000000000
0.0000000000
0.0000000000
0.0000000000
0.0000000000
0.0000000000
0.0000000000
0.0000000000
0.0000000000
0.0000000000
0.0000000000
0.0000000000
0.0000000000
0.0000000000
0.0000000000
0.0000000000
0.0000000000
0.0000000000
0.0000000000
0.0000000000
0.0000000000
0.0000000000
0.0000000000
0.0000000000
0.0000000000
0.0000000000
0.0000000000
0.0000000000
0.0000000000
0.0000000000
0.0000000000
0.0000000000
0.0000000000
0.0000000000
0.0000000000
0.0000000000
0.0000000000
0.0000000000
0.0000000000
0.0000000000
0.0000000000
0.0000000000
0.0000000000
0.0000000000
0.0000000000
0.0000000000
0.0000000000
0.0000000000
0.0000000000
0.0000000000
0.0000000000
0.0000000000
0.0000000000
0.0000000000
0.0000000000
0.0000000000
0.0000000000
0.0000000000
0.0000000000
0.0000000000