4991.0000000000
5004.0000000000
4914.0000000000
5033.0000000000
5065.0000000000
5065.0000000000
4956.0000000000
5011.0000000000
5067.0000000000
5048.0000000000
4832.0000000000
5025.0000000000
5035.0000000000
4977.0000000000
4939.0000000000
4873.0000000000
4982.0000000000
4978.0000000000
5023.0000000000
4960.0000000000
4984.0000000000
4905.0000000000
5092.0000000000
4984.0000000000
4932.0000000000
5075.0000000000
4972.0000000000
5097.0000000000
4967.0000000000
5054.0000000000
4924.0000000000
4967.0000000000
4981.0000000000
5040.0000000000
4950.0000000000
4951.0000000000
4903.0000000000
4961.0000000000
4919.0000000000
5012.0000000000
4980.0000000000
5017.0000000000
5031.0000000000
5049.0000000000
4747.0000000000
1629.0000000000
111.0000000000
3.0000000000
0.0000000000
0.0000000000
0.0000000000
0.0000000000
0.0000000000
0.0000000000
0.0000000000
0.0000000000
0.0000000000
0.0000000000
0.0000000000
0.0000000000
0.0000000000
0.0000000000
0.0000000000
0.0000000000
0.0000000000
0.0000000000
0.0000000000
0.0000000000
0.0000000000
0.0000000000
0.0000000000
0.0000000000
0.0000000000
0.0000000000
0.0000000000
0.0000000000
0.0000000000
0.0000000000
0.0000000000
0.0000000000
0.0000000000
0.0000000000
0.0000000000
0.0000000000
0.0000000000
0.0000000000
0.0000000000
0.0000000000
0.0000000000
0.0000000000
0.0000000000
0.0000000000
0.0000000000
0.0000000000
0.0000000000
0.0000000000
0.0000000000
0.0000000000
0.0000000000
0.0000000000