4999.9236558170
4999.9236558170
4999.9236558170
4999.9236558170
4999.9236558170
4999.9236558170
4999.9236558170
4999.9236558170
4999.9236558170
4999.9236558170
4999.9236558170
4999.9236558170
4999.9236558170
4999.9236558170
4999.9236558170
4999.9236558170
4999.9236558170
4999.9236558170
4999.9236558169
4999.9236558156
4999.9236557946
4999.9236554615
4999.9236497958
4999.9235483235
4999.9217189739
4999.8894708658
4999.3477730450
4990.7440844253
4854.2349037894
2833.9899276018
167.2405905053
4.0000000000
3.0000000000
0.0000000000
0.0000000000
0.0000000000
0.0000000000
0.0000000000
0.0000000000
0.0000000000
0.0000000000
0.0000000000
0.0000000000
0.0000000000
0.0000000000
0.0000000000
0.0000000000
0.0000000000
0.0000000000
0.0000000000
0.0000000000
0.0000000000
0.0000000000
0.0000000000
0.0000000000
0.0000000000
0.0000000000
0.0000000000
0.0000000000
0.0000000000
0.0000000000
0.0000000000
0.0000000000
0.0000000000
0.0000000000
0.0000000000
0.0000000000
0.0000000000
0.0000000000
0.0000000000
0.0000000000
0.0000000000
0.0000000000
0.0000000000
0.0000000000
0.0000000000
0.0000000000
0.0000000000
0.0000000000
0.0000000000
0.0000000000
0.0000000000
0.0000000000
0.0000000000
0.0000000000
0.0000000000
0.0000000000
0.0000000000
0.0000000000
0.0000000000
0.0000000000
0.0000000000
0.0000000000
0.0000000000
0.0000000000
0.0000000000
0.0000000000
0.0000000000
0.0000000000
0.0000000000