4999.9271062712
4999.9271062712
4999.9271062712
4999.9271062712
4999.9271062712
4999.9271062712
4999.9271062712
4999.9271062712
4999.9271062712
4999.9271062712
4999.9271062712
4999.9271062712
4999.9271062712
4999.9271062712
4999.9271062712
4999.9271062712
4999.9271062712
4999.9271062712
4999.9271062712
4999.9271062712
4999.9271062712
4999.9271062712
4999.9271062712
4999.9271062712
4999.9271062712
4999.9271062712
4999.9271062712
4999.9271062712
4999.9271062712
4999.9271062712
4999.9271062712
4999.9271062712
4999.9271062712
4999.9271062712
4999.9271062712
4999.9271062712
4999.9271062707
4999.9271062621
4999.9271061223
4999.9271041755
4999.9270829410
4999.9269099338
4999.9253637219
4999.8987825474
4999.4575292619
4992.7187095329
4902.1570126620
4430.1993845777
1926.0274293109
84.0000000000
7.0000000000
0.0000000000
0.0000000000
0.0000000000
0.0000000000
0.0000000000
0.0000000000
0.0000000000
0.0000000000
0.0000000000
0.0000000000
0.0000000000
0.0000000000
0.0000000000
0.0000000000
0.0000000000
0.0000000000
0.0000000000
0.0000000000
0.0000000000
0.0000000000
0.0000000000
0.0000000000
0.0000000000
0.0000000000
0.0000000000
0.0000000000
0.0000000000
0.0000000000
0.0000000000
0.0000000000
0.0000000000
0.0000000000
0.0000000000
0.0000000000
0.0000000000
0.0000000000
0.0000000000
0.0000000000
0.0000000000
0.0000000000
0.0000000000
0.0000000000
0.0000000000
0.0000000000
0.0000000000
0.0000000000
0.0000000000
0.0000000000
0.0000000000