5000.0559693385
5000.0559693385
5000.0559693385
5000.0559693385
5000.0559693385
5000.0559693385
5000.0559693385
5000.0559693385
5000.0559693385
5000.0559693385
5000.0559693385
5000.0559693385
5000.0559693385
5000.0559693385
5000.0559693385
5000.0559693385
5000.0559693385
5000.0559693385
5000.0559693385
5000.0559693385
5000.0559693385
5000.0559693385
5000.0559693385
5000.0559693385
5000.0559693385
5000.0559693385
5000.0559693385
5000.0559693385
5000.0559693385
5000.0559693385
5000.0559693385
5000.0559693385
5000.0559693385
5000.0559693385
5000.0559693385
5000.0559693385
5000.0559693385
5000.0559693385
5000.0559693385
5000.0559693385
5000.0559693385
5000.0559693385
5000.0559693385
5000.0559693385
5000.0559693385
5000.0559693385
5000.0559693385
5000.0559693385
5000.0559693385
5000.0559693385
5000.0559693385
5000.0559693368
5000.0559693071
5000.0559688234
5000.0559618738
5000.0558681357
5000.0545382125
5000.0354778704
4999.8068983424
4997.6538483021
4979.4013133929
4747.2352055416
2652.8212371670
2224.0026132936
150.0000000000
1.0000000000
0.0000000000
0.0000000000
0.0000000000
0.0000000000
0.0000000000
0.0000000000
0.0000000000
0.0000000000
0.0000000000
0.0000000000
0.0000000000
0.0000000000
0.0000000000
0.0000000000
0.0000000000
0.0000000000
0.0000000000
0.0000000000
0.0000000000
0.0000000000
0.0000000000
0.0000000000
0.0000000000
0.0000000000
0.0000000000
0.0000000000
0.0000000000
0.0000000000
0.0000000000
0.0000000000
0.0000000000
0.0000000000
0.0000000000
0.0000000000